"Baseline","Adaptability","Fortification","Norm_Ratio_Classified","Wave_Energy","Frontage_SecondLine","SVI","SVI_Rank"
32,16.5,67.5,14,4,5.2,1421.56,"0"
32,16.5,67.5,14,14,15.1,1962.13,"1"
32,16.5,67.5,9,19,15.1,2110.63,"1"
32,16.5,67.5,4,19,15.1,2010.13,"1"
32,16.5,67.5,9,19,15.1,2110.63,"1"
32,16.5,67.5,9,14,15.1,1861.63,"1"
32,16.5,67.5,14,14,15.1,1962.13,"1"
32,16.5,67.5,9,14,15.1,1861.63,"1"
32,16.5,67.5,9,4,15.1,1363.63,"0"
32,16.5,67.5,9,4,15.1,1363.63,"0"
32,16.5,67.5,9,4,15.1,1363.63,"0"
32,16.5,67.5,14,14,15.1,1962.13,"1"
32,16.5,67.5,4,19,15.1,2010.13,"1"
32,16.5,67.5,4,19,15.1,2010.13,"1"
32,16.5,67.5,4,19,15.1,2010.13,"1"
32,16.5,67.5,4,19,15.1,2010.13,"1"
32,16.5,67.5,4,19,15.1,2010.13,"1"
32,16.5,67.5,4,19,15.1,2010.13,"1"
32,16.5,67.5,4,19,15.1,2010.13,"1"
32,16.5,67.5,24,4,15.1,1665.13,"1"
32,16.5,67.5,24,4,15.1,1665.13,"1"
32,16.5,67.5,9,4,5.2,1321.06,"0"
32,16.5,67.5,14,4,5.2,1421.56,"0"
32,16.5,67.5,14,14,15.1,1962.13,"1"
32,16.5,67.5,9,4,15.1,1363.63,"0"
32,16.5,67.5,14,4,5.2,1421.56,"0"
32,16.5,67.5,19,4,5.2,1522.06,"1"
32,16.5,67.5,19,4,5.2,1522.06,"1"
32,16.5,67.5,19,4,5.2,1522.06,"1"
32,16.5,67.5,19,4,5.2,1522.06,"1"
32,16.5,67.5,9,19,5.2,2068.06,"1"
32,16.5,67.5,14,19,5.2,2168.56,"1"
32,16.5,67.5,14,9,5.2,1670.56,"1"
32,16.5,67.5,19,9,5.2,1771.06,"1"
32,16.5,67.5,19,9,5.2,1771.06,"1"
32,16.5,67.5,19,9,5.2,1771.06,"1"
32,16.5,67.5,19,9,5.2,1771.06,"1"
32,16.5,67.5,19,9,5.2,1771.06,"1"
32,16.5,67.5,19,9,5.2,1771.06,"1"
32,16.5,67.5,24,9,5.2,1871.56,"1"
32,16.5,67.5,14,9,5.2,1670.56,"1"
32,16.5,67.5,19,19,5.2,2269.06,"1"
32,16.5,67.5,14,4,5.2,1421.56,"0"
32,16.5,67.5,14,4,5.2,1421.56,"0"
32,16.5,67.5,14,4,5.2,1421.56,"0"
32,16.5,67.5,19,4,15.1,1564.63,"1"
32,16.5,67.5,19,4,15.1,1564.63,"1"
32,16.5,67.5,14,4,7.1,1429.73,"0"
32,16.5,67.5,24,4,7.1,1630.73,"1"
32,16.5,67.5,19,4,7.1,1530.23,"1"
32,16.5,67.5,14,4,7.1,1429.73,"0"
32,16.5,67.5,4,4,7.1,1228.73,"0"
32,16.5,67.5,4,4,7.1,1228.73,"0"
32,16.5,67.5,4,4,7.1,1228.73,"0"
32,16.5,67.5,9,4,7.1,1329.23,"0"
32,16.5,67.5,14,4,7.1,1429.73,"0"
32,16.5,67.5,14,4,7.1,1429.73,"0"
32,16.5,67.5,4,4,3.1,1211.53,"0"
32,16.5,67.5,4,4,3.1,1211.53,"0"
32,16.5,67.5,4,4,7.1,1228.73,"0"
32,16.5,67.5,9,4,7.1,1329.23,"0"
32,16.5,67.5,4,4,7.1,1228.73,"0"
32,16.5,67.5,4,4,7.1,1228.73,"0"
32,16.5,67.5,4,4,7.1,1228.73,"0"
32,16.5,67.5,4,4,7.1,1228.73,"0"
32,16.5,67.5,9,4,7.1,1329.23,"0"
32,16.5,67.5,4,4,3.1,1211.53,"0"
32,16.5,67.5,4,4,3.1,1211.53,"0"
32,16.5,67.5,4,4,3.1,1211.53,"0"
32,16.5,67.5,4,4,7.1,1228.73,"0"
32,16.5,67.5,4,4,7.1,1228.73,"0"
32,16.5,67.5,4,4,7.1,1228.73,"0"
32,16.5,67.5,4,4,7.1,1228.73,"0"
32,16.5,67.5,4,4,7.1,1228.73,"0"
32,16.5,67.5,19,4,7.1,1530.23,"1"
32,16.5,67.5,24,4,3.1,1613.53,"1"
32,16.5,67.5,24,4,3.1,1613.53,"1"
32,16.5,67.5,24,4,3.1,1613.53,"1"
32,16.5,67.5,24,4,3.1,1613.53,"1"
32,16.5,67.5,9,9,7.1,1578.23,"1"
32,16.5,67.5,29,9,7.1,1980.23,"1"
32,16.5,67.5,19,9,3.1,1762.03,"1"
32,16.5,67.5,24,9,3.1,1862.53,"1"
32,16.5,67.5,24,9,3.1,1862.53,"1"
32,16.5,67.5,24,9,3.1,1862.53,"1"
32,16.5,67.5,24,9,3.1,1862.53,"1"
32,16.5,67.5,29,9,3.1,1963.03,"1"
32,16.5,67.5,24,9,3.1,1862.53,"1"
32,16.5,67.5,24,9,3.1,1862.53,"1"
32,16.5,67.5,24,9,7.1,1879.73,"1"
32,16.5,67.5,24,9,7.1,1879.73,"1"
32,16.5,67.5,24,9,7.1,1879.73,"1"
32,16.5,67.5,24,9,7.1,1879.73,"1"
32,16.5,67.5,19,9,7.1,1779.23,"1"
32,16.5,67.5,19,9,7.1,1779.23,"1"
32,16.5,67.5,19,9,7.1,1779.23,"1"
32,16.5,67.5,14,9,3.1,1661.53,"1"
32,16.5,67.5,24,9,3.1,1862.53,"1"
32,16.5,67.5,24,9,3.1,1862.53,"1"
32,16.5,67.5,24,9,3.1,1862.53,"1"
32,16.5,67.5,24,9,3.1,1862.53,"1"
32,16.5,67.5,24,9,3.1,1862.53,"1"
32,16.5,67.5,24,9,3.1,1862.53,"1"
32,16.5,67.5,24,9,3.1,1862.53,"1"
32,16.5,67.5,24,9,3.1,1862.53,"1"
32,16.5,67.5,29,9,3.1,1963.03,"1"
32,16.5,67.5,24,9,3.1,1862.53,"1"
32,16.5,67.5,29,9,3.1,1963.03,"1"
32,16.5,67.5,24,9,3.1,1862.53,"1"
32,16.5,67.5,24,9,3.1,1862.53,"1"
32,16.5,67.5,19,9,3.1,1762.03,"1"
32,16.5,67.5,24,9,3.1,1862.53,"1"
32,16.5,67.5,19,9,3.1,1762.03,"1"
32,16.5,67.5,24,9,3.1,1862.53,"1"
32,16.5,67.5,14,9,3.1,1661.53,"1"
32,16.5,67.5,19,9,3.1,1762.03,"1"
32,16.5,67.5,14,9,3.1,1661.53,"1"
32,16.5,67.5,14,9,3.1,1661.53,"1"
32,16.5,67.5,14,19,3.1,2159.53,"1"
32,16.5,67.5,14,19,3.1,2159.53,"1"
32,16.5,67.5,9,19,3.1,2059.03,"1"
32,16.5,67.5,14,19,3.1,2159.53,"1"
32,16.5,67.5,14,19,3.1,2159.53,"1"
32,16.5,67.5,14,9,3.1,1661.53,"1"
32,16.5,67.5,9,9,3.1,1561.03,"1"
32,16.5,67.5,14,9,3.1,1661.53,"1"
32,16.5,67.5,14,9,3.1,1661.53,"1"
32,16.5,67.5,9,9,3.1,1561.03,"1"
32,16.5,67.5,9,9,3.1,1561.03,"1"
32,16.5,67.5,9,9,3.1,1561.03,"1"
32,16.5,67.5,9,9,3.1,1561.03,"1"
32,16.5,67.5,9,9,3.1,1561.03,"1"
32,16.5,67.5,14,9,3.1,1661.53,"1"
32,16.5,67.5,9,9,3.1,1561.03,"1"
32,16.5,67.5,9,9,3.1,1561.03,"1"
32,16.5,67.5,14,9,3.1,1661.53,"1"
32,16.5,67.5,14,9,3.1,1661.53,"1"
32,16.5,67.5,14,9,3.1,1661.53,"1"
32,16.5,67.5,14,9,3.1,1661.53,"1"
32,16.5,67.5,14,9,3.1,1661.53,"1"
32,16.5,67.5,9,9,3.1,1561.03,"1"
32,16.5,67.5,14,9,3.1,1661.53,"1"
32,16.5,67.5,9,9,3.1,1561.03,"1"
32,16.5,67.5,14,9,3.1,1661.53,"1"
32,16.5,67.5,14,9,3.1,1661.53,"1"
32,16.5,67.5,9,9,3.1,1561.03,"1"
32,16.5,67.5,9,9,3.1,1561.03,"1"
32,16.5,67.5,9,9,3.1,1561.03,"1"
32,16.5,67.5,14,9,3.1,1661.53,"1"
32,16.5,67.5,14,9,3.1,1661.53,"1"
32,16.5,67.5,14,9,3.1,1661.53,"1"
32,16.5,67.5,14,9,3.1,1661.53,"1"
32,16.5,67.5,14,9,3.1,1661.53,"1"
32,16.5,67.5,14,9,3.1,1661.53,"1"
32,16.5,67.5,14,9,3.1,1661.53,"1"
32,16.5,67.5,14,9,3.1,1661.53,"1"
32,16.5,67.5,9,9,3.1,1561.03,"1"
32,16.5,67.5,14,9,3.1,1661.53,"1"
32,16.5,67.5,14,9,3.1,1661.53,"1"
32,16.5,67.5,9,9,3.1,1561.03,"1"
32,16.5,67.5,14,9,3.1,1661.53,"1"
32,16.5,67.5,14,9,3.1,1661.53,"1"
32,16.5,67.5,14,9,3.1,1661.53,"1"
32,16.5,67.5,14,9,3.1,1661.53,"1"
32,16.5,67.5,14,9,3.1,1661.53,"1"
32,16.5,67.5,9,9,3.1,1561.03,"1"
32,16.5,67.5,14,9,3.1,1661.53,"1"
32,16.5,67.5,14,9,3.1,1661.53,"1"
32,16.5,67.5,9,19,3.1,2059.03,"1"
32,16.5,67.5,19,19,3.1,2260.03,"1"
32,16.5,67.5,19,4,3.1,1513.03,"1"
32,16.5,67.5,24,19,3.1,2360.53,"1"
32,16.5,67.5,19,19,3.1,2260.03,"1"
32,16.5,67.5,19,19,3.1,2260.03,"1"
32,16.5,67.5,19,19,3.1,2260.03,"1"
32,16.5,67.5,19,4,3.1,1513.03,"1"
32,16.5,67.5,14,4,3.1,1412.53,"0"
32,16.5,67.5,9,4,3.1,1312.03,"0"
32,16.5,67.5,9,19,3.1,2059.03,"1"
32,16.5,67.5,14,9,3.1,1661.53,"1"
32,16.5,67.5,14,9,3.1,1661.53,"1"
32,16.5,67.5,14,9,3.1,1661.53,"1"
32,16.5,67.5,14,24,3.1,2408.53,"1"
32,16.5,67.5,14,24,3.1,2408.53,"1"
32,16.5,67.5,14,24,3.1,2408.53,"1"
32,16.5,67.5,14,24,3.1,2408.53,"1"
32,16.5,67.5,14,24,3.1,2408.53,"1"
32,16.5,67.5,14,29,3.1,2657.53,"1"
32,16.5,67.5,14,29,3.1,2657.53,"1"
32,16.5,67.5,14,29,3.1,2657.53,"1"
32,16.5,67.5,14,29,3.1,2657.53,"1"
32,16.5,67.5,14,29,3.1,2657.53,"1"
32,16.5,67.5,14,29,3.1,2657.53,"1"
32,16.5,67.5,14,29,3.1,2657.53,"1"
32,16.5,67.5,14,29,3.1,2657.53,"1"
32,16.5,67.5,14,29,3.1,2657.53,"1"
32,16.5,67.5,14,29,3.1,2657.53,"1"
32,16.5,67.5,14,29,3.1,2657.53,"1"
32,16.5,67.5,14,29,3.1,2657.53,"1"
32,16.5,67.5,14,29,3.1,2657.53,"1"
32,16.5,67.5,14,29,3.1,2657.53,"1"
32,16.5,67.5,14,29,3.1,2657.53,"1"
32,16.5,67.5,14,29,3.1,2657.53,"1"
32,16.5,67.5,14,29,3.1,2657.53,"1"
32,16.5,67.5,14,29,3.1,2657.53,"1"
32,16.5,67.5,14,4,3.1,1412.53,"0"
32,16.5,67.5,9,4,3.1,1312.03,"0"
32,16.5,67.5,14,4,3.1,1412.53,"0"
32,16.5,67.5,9,4,3.1,1312.03,"0"
32,16.5,67.5,9,4,3.1,1312.03,"0"
32,16.5,67.5,24,4,3.1,1613.53,"1"
32,16.5,67.5,24,4,3.1,1613.53,"1"
32,16.5,67.5,24,4,3.1,1613.53,"1"
32,16.5,67.5,24,4,3.1,1613.53,"1"
32,16.5,67.5,24,4,3.1,1613.53,"1"
32,16.5,67.5,24,4,3.1,1613.53,"1"
32,16.5,67.5,24,4,3.1,1613.53,"1"
32,16.5,67.5,24,4,3.1,1613.53,"1"
32,16.5,67.5,24,4,3.1,1613.53,"1"
32,16.5,67.5,24,4,3.1,1613.53,"1"
32,16.5,67.5,9,9,7.1,1578.23,"1"
32,16.5,67.5,9,14,7.1,1788.62,"1"
32,16.5,67.5,9,14,7.1,1806.77,"1"
32,16.5,67.5,9,9,7.1,1578.23,"1"
32,16.5,67.5,9,9,7.1,1578.23,"1"
32,16.5,67.5,9,9,7.1,1578.23,"1"
32,16.5,67.5,14,9,7.1,1678.73,"1"
32,16.5,67.5,14,4,15,1463.7,"1"
32,16.5,67.5,9,4,15,1363.2,"0"
32,16.5,67.5,14,4,15,1463.7,"1"
32,16.5,67.5,14,4,15,1463.7,"1"
32,16.5,67.5,14,4,15,1463.7,"1"
32,16.5,67.5,14,4,15,1463.7,"1"
32,16.5,67.5,14,4,15,1463.7,"1"
32,16.5,67.5,14,4,15,1463.7,"1"
32,16.5,67.5,14,4,15,1463.7,"1"
32,16.5,67.5,19,4,15,1564.2,"1"
32,16.5,67.5,19,4,15,1564.2,"1"
32,16.5,67.5,19,4,15,1564.2,"1"
32,16.5,67.5,19,4,15,1564.2,"1"
32,16.5,67.5,19,4,15,1564.2,"1"
32,16.5,67.5,19,4,15,1564.2,"1"
32,16.5,67.5,19,4,15,1564.2,"1"
32,16.5,67.5,19,4,15,1564.2,"1"
32,16.5,67.5,19,4,15,1564.2,"1"
32,16.5,67.5,19,4,15,1564.2,"1"
32,16.5,67.5,19,4,15,1564.2,"1"
32,16.5,67.5,19,4,15,1564.2,"1"
32,16.5,67.5,19,4,15,1564.2,"1"
32,16.5,67.5,19,4,15,1564.2,"1"
32,16.5,67.5,19,4,15,1564.2,"1"
32,16.5,67.5,19,4,15,1564.2,"1"
32,16.5,67.5,19,4,15,1564.2,"1"
32,16.5,67.5,19,4,15,1564.2,"1"
32,16.5,67.5,19,4,15,1564.2,"1"
32,16.5,67.5,19,4,15,1564.2,"1"
32,16.5,67.5,19,4,15,1564.2,"1"
32,16.5,67.5,19,4,15,1564.2,"1"
32,16.5,67.5,14,4,15,1463.7,"1"
32,16.5,67.5,14,4,15,1463.7,"1"
32,16.5,67.5,14,4,15,1463.7,"1"
32,16.5,67.5,19,4,15,1564.2,"1"
32,16.5,67.5,14,4,15,1463.7,"1"
32,16.5,67.5,19,4,15,1564.2,"1"
32,16.5,67.5,19,4,15,1564.2,"1"
32,16.5,67.5,14,4,15,1463.7,"1"
32,16.5,67.5,19,4,15,1564.2,"1"
32,16.5,67.5,4,4,38.3,1362.89,"0"
32,16.5,67.5,4,4,38.3,1362.89,"0"
32,16.5,67.5,4,4,38.3,1362.89,"0"
32,16.5,67.5,4,4,38.3,1362.89,"0"
32,16.5,67.5,24,4,38.3,1764.89,"1"
32,16.5,67.5,19,4,38.3,1664.39,"1"
32,16.5,67.5,29,4,38.3,1865.39,"1"
32,16.5,67.5,29,4,38.3,1865.39,"1"
32,16.5,67.5,19,4,38.3,1664.39,"1"
32,16.5,67.5,19,4,38.3,1664.39,"1"
32,16.5,67.5,19,4,38.3,1664.39,"1"
32,16.5,67.5,24,4,38.3,1764.89,"1"
32,16.5,67.5,29,4,38.3,1865.39,"1"
32,16.5,67.5,14,4,38.3,1563.89,"1"
32,16.5,67.5,14,4,38.3,1563.89,"1"
32,16.5,67.5,14,4,38.3,1563.89,"1"
32,16.5,67.5,14,4,38.3,1563.89,"1"
32,16.5,67.5,19,4,38.3,1664.39,"1"
32,16.5,67.5,19,4,38.3,1664.39,"1"
32,16.5,67.5,29,4,38.3,1865.39,"1"
32,16.5,67.5,29,9,15,2014.2,"1"
32,16.5,67.5,29,9,15,2014.2,"1"
32,16.5,67.5,29,9,15,2014.2,"1"
32,16.5,67.5,29,9,15,2014.2,"1"
32,16.5,67.5,29,9,15,2014.2,"1"
32,16.5,67.5,29,9,15,2014.2,"1"
32,16.5,67.5,29,9,15,2014.2,"1"
32,16.5,67.5,29,9,15,2014.2,"1"
32,16.5,67.5,29,9,15,2014.2,"1"
32,16.5,67.5,29,9,15,2014.2,"1"
32,16.5,67.5,29,9,15,2014.2,"1"
32,16.5,67.5,4,9,38.3,1611.89,"1"
32,16.5,67.5,9,9,38.3,1712.39,"1"
32,16.5,67.5,14,9,38.3,1812.89,"1"
32,16.5,67.5,4,9,38.3,1611.89,"1"
32,16.5,67.5,4,9,38.3,1611.89,"1"
32,16.5,67.5,4,9,38.3,1611.89,"1"
32,16.5,67.5,4,9,38.3,1611.89,"1"
32,16.5,67.5,4,9,38.3,1611.89,"1"
32,16.5,67.5,4,9,38.3,1611.89,"1"
32,16.5,67.5,9,9,38.3,1712.39,"1"
32,16.5,67.5,9,9,38.3,1712.39,"1"
32,16.5,67.5,14,9,38.3,1812.89,"1"
32,16.5,67.5,9,9,38.3,1712.39,"1"
32,16.5,67.5,9,9,38.3,1712.39,"1"
32,16.5,67.5,9,14,15,1861.2,"1"
32,16.5,67.5,4,14,15,1760.7,"1"
32,16.5,67.5,4,9,38.3,1611.89,"1"
32,16.5,67.5,9,9,38.3,1712.39,"1"
32,16.5,67.5,4,9,38.3,1611.89,"1"
32,16.5,67.5,4,9,38.3,1611.89,"1"
32,16.5,67.5,4,9,38.3,1611.89,"1"
32,16.5,67.5,4,9,38.3,1611.89,"1"
32,16.5,67.5,4,4,38.3,1362.89,"0"
32,16.5,67.5,19,4,38.3,1664.39,"1"
32,16.5,67.5,19,4,38.3,1664.39,"1"
32,16.5,67.5,9,9,15,1612.2,"1"
32,16.5,67.5,19,9,15,1813.2,"1"
32,16.5,67.5,24,9,15,1913.7,"1"
32,16.5,67.5,19,9,15,1813.2,"1"
32,16.5,67.5,19,9,15,1813.2,"1"
32,16.5,67.5,14,9,15,1712.7,"1"
32,16.5,67.5,19,9,15,1813.2,"1"
32,16.5,67.5,14,9,15,1712.7,"1"
32,16.5,67.5,14,9,15,1712.7,"1"
32,16.5,67.5,9,9,15,1612.2,"1"
32,16.5,67.5,14,9,15,1712.7,"1"
32,16.5,67.5,19,4,15,1564.2,"1"
32,16.5,67.5,24,4,15,1664.7,"1"
32,16.5,67.5,19,4,15,1564.2,"1"
32,16.5,67.5,24,4,15,1664.7,"1"
32,16.5,67.5,24,4,15,1664.7,"1"
32,16.5,67.5,24,14,15,2162.7,"1"
32,16.5,67.5,29,4,15,1765.2,"1"
32,16.5,67.5,14,14,15,1961.7,"1"
32,16.5,67.5,24,4,15,1664.7,"1"
32,16.5,67.5,19,14,15,2062.2,"1"
32,16.5,67.5,19,4,15,1564.2,"1"
32,16.5,67.5,19,14,15,2062.2,"1"
32,16.5,67.5,19,14,15,2062.2,"1"
32,16.5,67.5,19,4,15,1564.2,"1"
32,16.5,67.5,19,4,15,1564.2,"1"
32,16.5,67.5,19,14,15,2062.2,"1"
32,16.5,67.5,19,14,15,2062.2,"1"
32,16.5,67.5,19,14,15,2062.2,"1"
32,16.5,67.5,19,14,15,2062.2,"1"
32,16.5,67.5,19,4,15,1564.2,"1"
32,16.5,67.5,19,4,15,1564.2,"1"
32,16.5,67.5,19,14,15,2062.2,"1"
32,16.5,67.5,9,4,38.3,1463.39,"1"
32,16.5,67.5,9,4,38.3,1463.39,"1"
32,16.5,67.5,29,14,15,2263.2,"1"
32,16.5,67.5,29,14,15,2263.2,"1"
32,16.5,67.5,29,14,15,2263.2,"1"
32,16.5,67.5,29,14,15,2263.2,"1"
32,16.5,67.5,29,14,15,2263.2,"1"
32,16.5,67.5,29,14,15,2263.2,"1"
32,16.5,67.5,9,4,38.3,1463.39,"1"
32,16.5,67.5,4,4,38.3,1362.89,"0"
32,16.5,67.5,9,4,38.3,1463.39,"1"
32,16.5,67.5,9,9,38.3,1712.39,"1"
32,16.5,67.5,19,4,38.3,1664.39,"1"
32,16.5,67.5,24,4,38.3,1764.89,"1"
32,16.5,67.5,24,4,38.3,1764.89,"1"
32,16.5,67.5,24,4,38.3,1764.89,"1"
32,16.5,67.5,24,4,38.3,1764.89,"1"
32,16.5,67.5,19,4,38.3,1664.39,"1"
32,16.5,67.5,24,4,38.3,1764.89,"1"
32,16.5,67.5,19,4,38.3,1664.39,"1"
32,16.5,67.5,19,4,38.3,1664.39,"1"
32,16.5,67.5,24,4,38.3,1764.89,"1"
32,16.5,67.5,24,4,38.3,1764.89,"1"
32,16.5,67.5,24,4,15,1664.7,"1"
32,16.5,67.5,24,4,15,1664.7,"1"
32,16.5,67.5,9,4,38.3,1463.39,"1"
32,16.5,67.5,19,4,38.3,1664.39,"1"
32,16.5,67.5,19,4,38.3,1664.39,"1"
32,16.5,67.5,24,4,38.3,1764.89,"1"
32,16.5,67.5,24,4,38.3,1764.89,"1"
32,16.5,67.5,14,4,38.3,1563.89,"1"
32,16.5,67.5,14,4,38.3,1563.89,"1"
32,16.5,67.5,24,4,38.3,1764.89,"1"
32,16.5,67.5,24,4,15,1664.7,"1"
32,16.5,67.5,19,4,15,1564.2,"1"
32,16.5,67.5,19,4,15,1564.2,"1"
32,16.5,67.5,19,4,15,1564.2,"1"
32,16.5,67.5,19,4,15,1564.2,"1"
32,16.5,67.5,24,4,15,1664.7,"1"
32,16.5,67.5,24,4,15,1664.7,"1"
32,16.5,67.5,24,4,15,1664.7,"1"
32,16.5,67.5,19,4,15,1564.2,"1"
32,16.5,67.5,14,4,15,1463.7,"1"
32,16.5,67.5,14,4,15,1463.7,"1"
32,16.5,67.5,14,4,15,1463.7,"1"
32,16.5,67.5,14,4,15,1463.7,"1"
32,16.5,67.5,19,4,15,1564.2,"1"
32,16.5,67.5,19,4,15,1564.2,"1"
32,16.5,67.5,19,4,15,1564.2,"1"
32,16.5,67.5,14,4,15,1463.7,"1"
32,16.5,67.5,14,4,15,1463.7,"1"
32,16.5,67.5,14,4,15,1463.7,"1"
32,16.5,67.5,14,4,15,1463.7,"1"
32,16.5,67.5,9,4,15,1363.2,"0"
32,16.5,67.5,9,4,15,1363.2,"0"
32,16.5,67.5,9,4,15,1363.2,"0"
32,16.5,67.5,9,4,15,1363.2,"0"
32,16.5,67.5,14,4,15,1463.7,"1"
32,16.5,67.5,9,4,15,1363.2,"0"
32,16.5,67.5,9,4,15,1363.2,"0"
32,16.5,67.5,14,4,15,1463.7,"1"
32,16.5,67.5,14,4,15,1463.7,"1"
32,16.5,67.5,19,4,15,1564.2,"1"
32,16.5,67.5,19,4,15,1564.2,"1"
32,16.5,67.5,24,4,15,1664.7,"1"
32,16.5,67.5,24,4,15,1664.7,"1"
32,16.5,67.5,24,4,15,1664.7,"1"
32,16.5,67.5,24,4,15,1664.7,"1"
32,16.5,67.5,29,4,15,1765.2,"1"
32,16.5,67.5,24,4,15,1664.7,"1"
32,16.5,67.5,24,4,15,1664.7,"1"
32,16.5,67.5,24,4,15,1664.7,"1"
32,16.5,67.5,24,4,15,1664.7,"1"
32,16.5,67.5,24,4,15,1664.7,"1"
32,16.5,67.5,19,4,15,1564.2,"1"
32,16.5,67.5,19,4,15,1564.2,"1"
32,16.5,67.5,19,4,15,1564.2,"1"
32,16.5,67.5,24,4,15,1664.7,"1"
32,16.5,67.5,24,4,15,1664.7,"1"
32,16.5,67.5,24,4,15,1664.7,"1"
32,16.5,67.5,24,4,15,1664.7,"1"
32,16.5,67.5,24,4,15,1664.7,"1"
32,16.5,67.5,24,4,15,1664.7,"1"
32,16.5,67.5,24,4,15,1664.7,"1"
32,16.5,67.5,29,4,15,1765.2,"1"
32,16.5,67.5,29,4,15,1765.2,"1"
32,16.5,67.5,29,4,15,1765.2,"1"
32,16.5,67.5,24,4,15,1664.7,"1"
32,16.5,67.5,24,4,15,1664.7,"1"
32,16.5,67.5,24,4,15,1664.7,"1"
32,16.5,67.5,24,4,15,1664.7,"1"
32,16.5,67.5,19,4,15,1564.2,"1"
32,16.5,67.5,14,4,15,1463.7,"1"
32,16.5,67.5,14,4,15,1463.7,"1"
32,16.5,67.5,9,4,15,1363.2,"0"
32,16.5,67.5,14,4,15,1463.7,"1"
32,16.5,67.5,14,4,15,1463.7,"1"
32,16.5,67.5,14,4,15,1463.7,"1"
32,16.5,67.5,14,4,15,1463.7,"1"
32,16.5,67.5,14,4,15,1463.7,"1"
32,16.5,67.5,14,4,15,1463.7,"1"
32,16.5,67.5,19,4,15,1564.2,"1"
32,16.5,67.5,19,4,15,1564.2,"1"
32,16.5,67.5,24,4,15,1664.7,"1"
32,16.5,67.5,24,4,15,1664.7,"1"
32,16.5,67.5,19,4,15,1564.2,"1"
32,16.5,67.5,19,4,15,1564.2,"1"
32,16.5,67.5,19,4,15,1564.2,"1"
32,16.5,67.5,19,4,15,1564.2,"1"
32,16.5,67.5,19,4,15,1564.2,"1"
32,16.5,67.5,24,4,15,1664.7,"1"
32,16.5,67.5,24,4,15,1664.7,"1"
32,16.5,67.5,24,4,15,1664.7,"1"
32,16.5,67.5,24,4,15,1664.7,"1"
32,16.5,67.5,19,4,15,1564.2,"1"
32,16.5,67.5,19,4,15,1564.2,"1"
32,16.5,67.5,19,4,15,1564.2,"1"
32,16.5,67.5,14,4,15,1463.7,"1"
32,16.5,67.5,9,4,15,1363.2,"0"
32,16.5,67.5,9,4,15,1363.2,"0"
32,16.5,67.5,14,4,15,1463.7,"1"
32,16.5,67.5,14,4,15,1463.7,"1"
32,16.5,67.5,14,4,15,1463.7,"1"
32,16.5,67.5,14,9,15,1712.7,"1"
32,16.5,67.5,9,4,15,1363.2,"0"
32,16.5,67.5,9,4,15,1363.2,"0"
32,16.5,67.5,14,4,15,1463.7,"1"
32,16.5,67.5,9,4,15,1363.2,"0"
32,16.5,67.5,14,4,38.3,1563.89,"1"
32,16.5,67.5,14,9,15,1712.7,"1"
32,16.5,67.5,14,4,15,1463.7,"1"
32,16.5,67.5,14,4,15,1463.7,"1"
32,16.5,67.5,14,4,15,1463.7,"1"
32,16.5,67.5,14,4,15,1463.7,"1"
32,16.5,67.5,14,4,15,1463.7,"1"
32,16.5,67.5,14,4,15,1463.7,"1"
32,16.5,67.5,14,4,15,1463.7,"1"
32,16.5,67.5,14,4,15,1463.7,"1"
32,16.5,67.5,14,4,15,1463.7,"1"
32,16.5,67.5,14,4,15,1463.7,"1"
32,16.5,67.5,14,4,15,1463.7,"1"
32,16.5,67.5,14,9,15,1712.7,"1"
32,16.5,67.5,14,9,15,1712.7,"1"
32,16.5,67.5,14,9,15,1712.7,"1"
32,16.5,67.5,14,9,15,1712.7,"1"
32,16.5,67.5,14,9,15,1712.7,"1"
32,16.5,67.5,14,9,15,1712.7,"1"
32,16.5,67.5,14,9,15,1712.7,"1"
32,16.5,67.5,14,9,15,1712.7,"1"
32,16.5,67.5,9,4,38.3,1463.39,"1"
32,16.5,67.5,14,9,38.3,1812.89,"1"
32,16.5,67.5,14,9,38.3,1812.89,"1"
32,16.5,67.5,9,9,38.3,1712.39,"1"
32,16.5,67.5,9,4,38.3,1463.39,"1"
32,16.5,67.5,9,4,38.3,1463.39,"1"
32,16.5,67.5,9,4,38.3,1463.39,"1"
32,16.5,67.5,9,4,38.3,1463.39,"1"
32,16.5,67.5,9,4,38.3,1463.39,"1"
32,16.5,67.5,9,4,38.3,1463.39,"1"
32,16.5,67.5,9,4,38.3,1463.39,"1"
32,16.5,67.5,9,4,38.3,1463.39,"1"
32,16.5,67.5,9,4,38.3,1463.39,"1"
32,16.5,67.5,9,4,38.3,1463.39,"1"
32,16.5,67.5,9,4,38.3,1463.39,"1"
32,16.5,67.5,9,4,38.3,1463.39,"1"
32,16.5,67.5,9,4,38.3,1463.39,"1"
32,16.5,67.5,9,4,38.3,1463.39,"1"
32,16.5,67.5,9,4,38.3,1463.39,"1"
32,16.5,67.5,9,4,38.3,1463.39,"1"
32,16.5,67.5,9,4,38.3,1463.39,"1"
32,16.5,67.5,9,4,38.3,1463.39,"1"
32,16.5,67.5,9,4,38.3,1463.39,"1"
32,16.5,67.5,9,4,38.3,1463.39,"1"
32,16.5,67.5,24,4,38.3,1764.89,"1"
32,16.5,67.5,9,4,38.3,1463.39,"1"
32,16.5,67.5,19,4,38.3,1664.39,"1"
32,16.5,67.5,19,4,38.3,1664.39,"1"
32,16.5,67.5,19,4,38.3,1664.39,"1"
32,16.5,67.5,14,4,38.3,1563.89,"1"
32,16.5,67.5,14,4,38.3,1563.89,"1"
32,16.5,67.5,9,4,38.3,1463.39,"1"
32,16.5,67.5,9,4,38.3,1463.39,"1"
32,16.5,67.5,14,4,38.3,1563.89,"1"
32,16.5,67.5,14,4,38.3,1563.89,"1"
32,16.5,67.5,14,4,38.3,1563.89,"1"
32,16.5,67.5,19,4,38.3,1664.39,"1"
32,16.5,67.5,24,4,38.3,1764.89,"1"
32,16.5,67.5,19,4,38.3,1664.39,"1"
32,16.5,67.5,14,4,38.3,1563.89,"1"
32,16.5,67.5,14,4,38.3,1563.89,"1"
32,16.5,67.5,14,4,38.3,1563.89,"1"
32,16.5,67.5,19,4,38.3,1664.39,"1"
32,16.5,67.5,19,4,38.3,1664.39,"1"
32,16.5,67.5,14,4,38.3,1563.89,"1"
32,16.5,67.5,14,4,38.3,1563.89,"1"
32,16.5,67.5,9,4,38.3,1463.39,"1"
32,16.5,67.5,9,4,38.3,1463.39,"1"
32,16.5,67.5,14,4,38.3,1563.89,"1"
32,16.5,67.5,14,4,38.3,1563.89,"1"
32,16.5,67.5,14,4,38.3,1563.89,"1"
32,16.5,67.5,14,4,38.3,1563.89,"1"
32,16.5,67.5,14,4,38.3,1563.89,"1"
32,16.5,67.5,14,4,38.3,1563.89,"1"
32,16.5,67.5,14,4,38.3,1563.89,"1"
32,16.5,67.5,14,4,38.3,1563.89,"1"
32,16.5,67.5,14,4,38.3,1563.89,"1"
32,16.5,67.5,14,4,38.3,1563.89,"1"
32,16.5,67.5,14,4,38.3,1563.89,"1"
32,16.5,67.5,14,4,38.3,1563.89,"1"
32,16.5,67.5,14,4,38.3,1563.89,"1"
32,16.5,67.5,14,4,38.3,1563.89,"1"
32,16.5,67.5,14,4,38.3,1563.89,"1"
32,16.5,67.5,14,4,38.3,1563.89,"1"
32,16.5,67.5,14,4,38.3,1563.89,"1"
32,16.5,67.5,9,4,38.3,1463.39,"1"
32,16.5,67.5,9,4,38.3,1463.39,"1"
32,16.5,67.5,9,4,38.3,1463.39,"1"
32,16.5,67.5,14,4,38.3,1563.89,"1"
32,16.5,67.5,9,4,38.3,1463.39,"1"
32,16.5,67.5,19,19,15,2311.2,"1"
32,16.5,67.5,14,9,15,1712.7,"1"
32,16.5,67.5,14,9,15,1712.7,"1"
32,16.5,67.5,14,19,15,2210.7,"1"
32,16.5,67.5,14,9,15,1712.7,"1"
32,16.5,67.5,19,9,15,1813.2,"1"
32,16.5,67.5,19,9,15,1813.2,"1"
32,16.5,67.5,24,9,15,1913.7,"1"
32,16.5,67.5,19,19,38.3,2411.39,"1"
32,16.5,67.5,14,19,38.3,2310.89,"1"
32,16.5,67.5,24,9,15,1913.7,"1"
32,16.5,67.5,24,9,15,1913.7,"1"
32,16.5,67.5,24,9,15,1913.7,"1"
32,16.5,67.5,24,9,15,1913.7,"1"
32,16.5,67.5,24,9,15,1913.7,"1"
32,16.5,67.5,24,9,15,1913.7,"1"
32,16.5,67.5,19,9,15,1813.2,"1"
32,16.5,67.5,14,9,15,1712.7,"1"
32,16.5,67.5,14,9,15,1712.7,"1"
32,16.5,67.5,14,9,15,1712.7,"1"
32,16.5,67.5,14,9,15,1712.7,"1"
32,16.5,67.5,14,9,15,1712.7,"1"
32,16.5,67.5,14,9,15,1712.7,"1"
32,16.5,67.5,14,9,15,1712.7,"1"
32,16.5,67.5,19,9,15,1813.2,"1"
32,16.5,67.5,19,9,15,1813.2,"1"
32,16.5,67.5,24,9,15,1913.7,"1"
32,16.5,67.5,24,9,15,1913.7,"1"
32,16.5,67.5,14,9,38.3,1812.89,"1"
32,16.5,67.5,19,9,15,1813.2,"1"
32,16.5,67.5,19,9,15,1813.2,"1"
32,16.5,67.5,19,9,15,1813.2,"1"
32,16.5,67.5,19,9,15,1813.2,"1"
32,16.5,67.5,19,9,15,1813.2,"1"
32,16.5,67.5,19,9,15,1813.2,"1"
32,16.5,67.5,24,9,38.3,2013.89,"1"
32,16.5,67.5,24,9,38.3,2013.89,"1"
32,16.5,67.5,24,9,38.3,2013.89,"1"
32,16.5,67.5,24,9,38.3,2013.89,"1"
32,16.5,67.5,24,9,38.3,2013.89,"1"
32,16.5,67.5,19,9,38.3,1913.39,"1"
32,16.5,67.5,19,9,38.3,1913.39,"1"
32,16.5,67.5,19,9,38.3,1913.39,"1"
32,16.5,67.5,19,9,38.3,1913.39,"1"
32,16.5,67.5,19,9,38.3,1913.39,"1"
32,16.5,67.5,19,9,38.3,1913.39,"1"
32,16.5,67.5,19,9,38.3,1913.39,"1"
32,16.5,67.5,19,9,38.3,1913.39,"1"
32,16.5,67.5,24,9,38.3,2013.89,"1"
32,16.5,67.5,19,9,38.3,1913.39,"1"
32,16.5,67.5,14,9,38.3,1812.89,"1"
32,16.5,67.5,9,4,15,1363.2,"0"
32,16.5,67.5,14,19,38.3,2310.89,"1"
32,16.5,67.5,19,9,15,1813.2,"1"
32,16.5,67.5,9,4,3.1,1318.47,"0"
32,16.5,67.5,19,9,15,1813.2,"1"
32,16.5,67.5,14,9,15,1712.7,"1"
32,16.5,67.5,19,9,15,1813.2,"1"
32,16.5,67.5,19,9,15,1813.2,"1"
32,16.5,67.5,14,9,15,1712.7,"1"
32,16.5,67.5,19,9,15,1813.2,"1"
32,16.5,67.5,19,9,15,1813.2,"1"
32,16.5,67.5,19,9,15,1813.2,"1"
32,16.5,67.5,14,9,15,1712.7,"1"
32,16.5,67.5,14,9,15,1712.7,"1"
32,16.5,67.5,14,9,15,1712.7,"1"
32,16.5,67.5,14,9,15,1712.7,"1"
32,16.5,67.5,14,9,15,1712.7,"1"
32,16.5,67.5,19,9,15,1813.2,"1"
32,16.5,67.5,14,9,15,1712.7,"1"
32,16.5,67.5,14,9,15,1712.7,"1"
32,16.5,67.5,14,9,15,1712.7,"1"
32,16.5,67.5,24,4,38.3,1764.89,"1"
32,16.5,67.5,14,4,38.3,1563.89,"1"
32,16.5,67.5,24,4,38.3,1764.89,"1"
32,16.5,67.5,24,4,38.3,1764.89,"1"
32,16.5,67.5,19,4,38.3,1664.39,"1"
32,16.5,67.5,19,4,38.3,1664.39,"1"
32,16.5,67.5,19,4,38.3,1664.39,"1"
32,16.5,67.5,24,4,38.3,1764.89,"1"
32,16.5,67.5,24,4,38.3,1764.89,"1"
32,16.5,67.5,19,4,38.3,1664.39,"1"
32,16.5,67.5,9,4,38.3,1463.39,"1"
32,16.5,67.5,4,9,38.3,1611.89,"1"
32,16.5,67.5,9,9,38.3,1712.39,"1"
32,16.5,67.5,4,9,38.3,1611.89,"1"
32,16.5,67.5,4,9,38.3,1611.89,"1"
32,16.5,67.5,4,4,38.3,1362.89,"0"
32,16.5,67.5,9,4,38.3,1463.39,"1"
32,16.5,67.5,9,4,38.3,1463.39,"1"
32,16.5,67.5,24,9,15,1913.7,"1"
32,16.5,67.5,24,9,15,1913.7,"1"
32,16.5,67.5,29,14,38.3,2363.39,"1"
32,16.5,67.5,19,9,38.3,1913.39,"1"
32,16.5,67.5,24,9,38.3,2013.89,"1"
32,16.5,67.5,24,9,38.3,2013.89,"1"
32,16.5,67.5,29,9,38.3,2114.39,"1"
32,16.5,67.5,29,9,38.3,2114.39,"1"
32,16.5,67.5,29,14,38.3,2363.39,"1"
32,16.5,67.5,29,9,15,2014.2,"1"
32,16.5,67.5,24,9,15,1913.7,"1"
32,16.5,67.5,19,9,15,1813.2,"1"
32,16.5,67.5,19,9,15,1813.2,"1"
32,16.5,67.5,9,4,15,1363.2,"0"
32,16.5,67.5,14,4,15,1463.7,"1"
32,16.5,67.5,19,4,15,1564.2,"1"
32,16.5,67.5,14,4,15,1463.7,"1"
32,16.5,67.5,14,4,15,1463.7,"1"
32,16.5,67.5,19,4,15,1564.2,"1"
32,16.5,67.5,19,4,15,1564.2,"1"
32,16.5,67.5,19,4,15,1564.2,"1"
32,16.5,67.5,24,4,15,1664.7,"1"
32,16.5,67.5,24,4,15,1664.7,"1"
32,16.5,67.5,24,4,15,1664.7,"1"
32,16.5,67.5,19,4,15,1564.2,"1"
32,16.5,67.5,19,4,15,1564.2,"1"
32,16.5,67.5,19,4,15,1564.2,"1"
32,16.5,67.5,19,4,15,1564.2,"1"
32,16.5,67.5,19,4,15,1564.2,"1"
32,16.5,67.5,14,4,15,1463.7,"1"
32,16.5,67.5,19,4,15,1564.2,"1"
32,16.5,67.5,24,4,15,1664.7,"1"
32,16.5,67.5,24,4,15,1664.7,"1"
32,16.5,67.5,19,4,15,1564.2,"1"
32,16.5,67.5,24,4,15,1664.7,"1"
32,16.5,67.5,24,4,15,1664.7,"1"
32,16.5,67.5,19,4,15,1564.2,"1"
32,16.5,67.5,19,4,15,1564.2,"1"
32,16.5,67.5,19,4,15,1564.2,"1"
32,16.5,67.5,24,4,15,1664.7,"1"
32,16.5,67.5,19,4,15,1564.2,"1"
32,16.5,67.5,19,4,15,1564.2,"1"
32,16.5,67.5,24,4,15,1664.7,"1"
32,16.5,67.5,19,4,15,1564.2,"1"
32,16.5,67.5,19,4,15,1564.2,"1"
32,16.5,67.5,19,4,15,1564.2,"1"
32,16.5,67.5,24,4,15,1664.7,"1"
32,16.5,67.5,24,4,15,1664.7,"1"
32,16.5,67.5,24,4,15,1664.7,"1"
32,16.5,67.5,19,4,15,1564.2,"1"
32,16.5,67.5,19,4,15,1564.2,"1"
32,16.5,67.5,24,4,15,1664.7,"1"
32,16.5,67.5,24,4,15,1664.7,"1"
32,16.5,67.5,24,4,15,1664.7,"1"
32,16.5,67.5,29,4,15,1765.2,"1"
32,16.5,67.5,19,4,15,1564.2,"1"
32,16.5,67.5,19,4,15,1564.2,"1"
32,16.5,67.5,24,4,15,1664.7,"1"
32,16.5,67.5,24,4,15,1664.7,"1"
32,16.5,67.5,29,4,15,1765.2,"1"
32,16.5,67.5,19,4,15,1564.2,"1"
32,16.5,67.5,24,4,15,1664.7,"1"
32,16.5,67.5,24,4,15,1664.7,"1"
32,16.5,67.5,19,4,15,1564.2,"1"
32,16.5,67.5,24,4,15,1664.7,"1"
32,16.5,67.5,29,4,15,1765.2,"1"
32,16.5,67.5,19,4,15,1564.2,"1"
32,16.5,67.5,19,4,15,1564.2,"1"
32,16.5,67.5,14,4,15,1463.7,"1"
32,16.5,67.5,14,4,15,1463.7,"1"
32,16.5,67.5,14,4,15,1463.7,"1"
32,16.5,67.5,19,4,15,1564.2,"1"
32,16.5,67.5,29,4,15,1765.2,"1"
32,16.5,67.5,19,4,15,1564.2,"1"
32,16.5,67.5,19,4,15,1564.2,"1"
32,16.5,67.5,29,4,15,1765.2,"1"
32,16.5,67.5,29,4,15,1765.2,"1"
32,16.5,67.5,19,4,15,1564.2,"1"
32,16.5,67.5,24,4,15,1664.7,"1"
32,16.5,67.5,24,4,15,1664.7,"1"
32,16.5,67.5,19,4,15,1564.2,"1"
32,16.5,67.5,19,4,15,1564.2,"1"
32,16.5,67.5,19,4,15,1564.2,"1"
32,16.5,67.5,29,4,15,1765.2,"1"
32,16.5,67.5,24,4,15,1664.7,"1"
32,16.5,67.5,29,4,15,1765.2,"1"
32,16.5,67.5,24,4,15,1664.7,"1"
32,16.5,67.5,24,4,15,1664.7,"1"
32,16.5,67.5,29,4,15,1765.2,"1"
32,16.5,67.5,29,4,15,1765.2,"1"
32,16.5,67.5,29,4,15,1765.2,"1"
32,16.5,67.5,29,4,15,1765.2,"1"
32,16.5,67.5,19,9,15,1813.2,"1"
32,16.5,67.5,14,9,15,1712.7,"1"
32,16.5,67.5,24,9,15,1913.7,"1"
32,16.5,67.5,19,9,15,1813.2,"1"
32,16.5,67.5,24,9,15,1913.7,"1"
32,16.5,67.5,24,9,15,1913.7,"1"
32,16.5,67.5,14,9,15,1712.7,"1"
32,16.5,67.5,19,4,15,1564.2,"1"
32,16.5,67.5,19,4,15,1564.2,"1"
32,16.5,67.5,14,4,15,1463.7,"1"
32,16.5,67.5,19,4,15,1564.2,"1"
32,16.5,67.5,19,4,15,1564.2,"1"
32,16.5,67.5,19,4,15,1564.2,"1"
32,16.5,67.5,19,4,15,1564.2,"1"
32,16.5,67.5,19,4,15,1564.2,"1"
32,16.5,67.5,19,4,15,1564.2,"1"
32,16.5,67.5,19,4,15,1564.2,"1"
32,16.5,67.5,14,4,15,1463.7,"1"
32,16.5,67.5,14,4,15,1463.7,"1"
32,16.5,67.5,14,4,15,1463.7,"1"
32,16.5,67.5,14,4,15,1463.7,"1"
32,16.5,67.5,24,4,15,1664.7,"1"
32,16.5,67.5,29,4,15,1765.2,"1"
32,16.5,67.5,29,4,15,1765.2,"1"
32,16.5,67.5,24,4,15,1664.7,"1"
32,16.5,67.5,14,4,15,1463.7,"1"
32,16.5,67.5,14,4,15,1463.7,"1"
32,16.5,67.5,19,4,15,1564.2,"1"
32,16.5,67.5,29,4,15,1765.2,"1"
32,16.5,67.5,29,4,15,1765.2,"1"
32,16.5,67.5,29,4,15,1765.2,"1"
32,16.5,67.5,29,4,15,1765.2,"1"
32,16.5,67.5,29,4,15,1765.2,"1"
32,16.5,67.5,29,4,15,1765.2,"1"
32,16.5,67.5,29,4,15,1765.2,"1"
32,16.5,67.5,29,4,15,1765.2,"1"
32,16.5,67.5,29,4,15,1765.2,"1"
32,16.5,67.5,29,4,15,1765.2,"1"
32,16.5,67.5,29,4,15,1765.2,"1"
32,16.5,67.5,29,4,15,1765.2,"1"
32,16.5,67.5,29,4,15,1765.2,"1"
32,16.5,67.5,24,4,15,1664.7,"1"
32,16.5,67.5,29,4,15,1765.2,"1"
32,16.5,67.5,19,4,15,1564.2,"1"
32,16.5,67.5,14,4,15,1463.7,"1"
32,16.5,67.5,19,4,15,1564.2,"1"
32,16.5,67.5,14,4,15,1463.7,"1"
32,16.5,67.5,14,4,15,1463.7,"1"
32,16.5,67.5,19,4,15,1564.2,"1"
32,16.5,67.5,19,4,15,1564.2,"1"
32,16.5,67.5,14,9,15,1712.7,"1"
32,16.5,67.5,14,9,15,1712.7,"1"
32,16.5,67.5,9,9,15,1612.2,"1"
32,16.5,67.5,9,9,15,1612.2,"1"
32,16.5,67.5,14,9,15,1712.7,"1"
32,16.5,67.5,19,9,15,1813.2,"1"
32,16.5,67.5,19,4,15,1564.2,"1"
32,16.5,67.5,19,4,15,1564.2,"1"
32,16.5,67.5,24,4,15,1664.7,"1"
32,16.5,67.5,24,4,15,1664.7,"1"
32,16.5,67.5,24,4,15,1664.7,"1"
32,16.5,67.5,19,4,15,1564.2,"1"
32,16.5,67.5,19,9,15,1813.2,"1"
32,16.5,67.5,19,4,15,1564.2,"1"
32,16.5,67.5,24,4,15,1664.7,"1"
32,16.5,67.5,24,4,15,1664.7,"1"
32,16.5,67.5,14,4,15,1463.7,"1"
32,16.5,67.5,14,4,11.6,1449.08,"0"
32,16.5,67.5,14,4,4.6,1418.98,"0"
32,16.5,67.5,14,4,4.6,1418.98,"0"
32,16.5,67.5,14,4,4.6,1418.98,"0"
32,16.5,67.5,14,4,4.6,1418.98,"0"
32,16.5,67.5,14,4,4.6,1418.98,"0"
32,16.5,67.5,14,4,4.6,1418.98,"0"
32,16.5,67.5,14,4,4.6,1418.98,"0"
32,16.5,67.5,19,4,4.6,1519.48,"1"
32,16.5,67.5,14,4,4.6,1418.98,"0"
32,16.5,67.5,19,4,4.6,1519.48,"1"
32,16.5,67.5,19,4,4.6,1519.48,"1"
32,16.5,67.5,19,4,4.6,1519.48,"1"
32,16.5,67.5,14,4,4.6,1418.98,"0"
32,16.5,67.5,14,4,4.6,1418.98,"0"
32,16.5,67.5,14,4,4.6,1418.98,"0"
32,16.5,67.5,14,4,4.6,1418.98,"0"
32,16.5,67.5,14,4,4.6,1418.98,"0"
32,16.5,67.5,14,4,4.6,1418.98,"0"
32,16.5,67.5,14,4,4.6,1418.98,"0"
32,16.5,67.5,14,4,4.6,1418.98,"0"
32,16.5,67.5,14,4,4.6,1418.98,"0"
32,16.5,67.5,14,4,11.6,1449.08,"0"
32,16.5,67.5,19,4,4.6,1519.48,"1"
32,16.5,67.5,14,4,4.6,1418.98,"0"
32,16.5,67.5,9,4,11.6,1348.58,"0"
32,16.5,67.5,9,4,11.6,1348.58,"0"
32,16.5,67.5,19,4,4.6,1519.48,"1"
32,16.5,67.5,19,4,4.6,1519.48,"1"
32,16.5,67.5,24,4,11.6,1650.08,"1"
32,16.5,67.5,24,4,11.6,1650.08,"1"
32,16.5,67.5,24,4,11.6,1650.08,"1"
32,16.5,67.5,24,4,11.6,1650.08,"1"
32,16.5,67.5,24,4,11.6,1650.08,"1"
32,16.5,67.5,24,4,11.6,1650.08,"1"
32,16.5,67.5,19,4,11.6,1549.58,"1"
32,16.5,67.5,24,4,11.6,1650.08,"1"
32,16.5,67.5,14,4,4.6,1418.98,"0"
32,16.5,67.5,19,4,4.6,1519.48,"1"
32,16.5,67.5,14,4,4.6,1418.98,"0"
32,16.5,67.5,14,4,4.6,1418.98,"0"
32,16.5,67.5,9,4,4.6,1318.48,"0"
32,16.5,67.5,9,4,4.6,1318.48,"0"
32,16.5,67.5,9,4,4.6,1318.48,"0"
32,16.5,67.5,9,4,4.6,1318.48,"0"
32,16.5,67.5,9,4,4.6,1318.48,"0"
32,16.5,67.5,14,4,4.6,1418.98,"0"
32,16.5,67.5,14,4,4.6,1418.98,"0"
32,16.5,67.5,9,4,4.6,1318.48,"0"
32,16.5,67.5,9,4,4.6,1318.48,"0"
32,16.5,67.5,9,4,4.6,1318.48,"0"
32,16.5,67.5,9,4,4.6,1318.48,"0"
32,16.5,67.5,14,4,4.6,1418.98,"0"
32,16.5,67.5,14,4,4.6,1418.98,"0"
32,16.5,67.5,9,4,4.6,1318.48,"0"
32,16.5,67.5,9,4,4.6,1318.48,"0"
32,16.5,67.5,14,4,4.6,1418.98,"0"
32,16.5,67.5,14,4,4.6,1418.98,"0"
32,16.5,67.5,14,4,4.6,1418.98,"0"
32,16.5,67.5,14,4,4.6,1418.98,"0"
32,16.5,67.5,14,4,4.6,1418.98,"0"
32,16.5,67.5,14,4,4.6,1418.98,"0"
32,16.5,67.5,14,4,4.6,1418.98,"0"
32,16.5,67.5,14,4,4.6,1418.98,"0"
32,16.5,67.5,14,4,4.6,1418.98,"0"
32,16.5,67.5,14,4,4.6,1418.98,"0"
32,16.5,67.5,9,14,11.6,1846.58,"1"
32,16.5,67.5,14,14,11.6,1947.08,"1"
32,16.5,67.5,9,14,11.6,1846.58,"1"
32,16.5,67.5,14,4,4.6,1418.98,"0"
32,16.5,67.5,14,4,4.6,1418.98,"0"
32,16.5,67.5,14,14,4.6,1916.98,"1"
32,16.5,67.5,24,14,4.6,2117.98,"1"
32,16.5,67.5,24,14,4.6,2117.98,"1"
32,16.5,67.5,24,14,4.6,2117.98,"1"
32,16.5,67.5,29,14,4.6,2218.48,"1"
32,16.5,67.5,29,14,4.6,2218.48,"1"
32,16.5,67.5,24,14,4.6,2117.98,"1"
32,16.5,67.5,24,14,4.6,2117.98,"1"
32,16.5,67.5,24,14,4.6,2117.98,"1"
32,16.5,67.5,24,14,4.6,2117.98,"1"
32,16.5,67.5,24,14,4.6,2117.98,"1"
32,16.5,67.5,24,14,4.6,2117.98,"1"
32,16.5,67.5,24,14,4.6,2117.98,"1"
32,16.5,67.5,19,14,4.6,2017.48,"1"
32,16.5,67.5,24,14,4.6,2117.98,"1"
32,16.5,67.5,19,14,4.6,2017.48,"1"
32,16.5,67.5,24,4,4.6,1619.98,"1"
32,16.5,67.5,24,4,4.6,1619.98,"1"
32,16.5,67.5,24,4,4.6,1619.98,"1"
32,16.5,67.5,24,4,4.6,1619.98,"1"
32,16.5,67.5,24,4,4.6,1619.98,"1"
32,16.5,67.5,24,4,4.6,1619.98,"1"
32,16.5,67.5,9,4,11.6,1348.58,"0"
32,16.5,67.5,4,4,11.6,1248.08,"0"
32,16.5,67.5,9,4,11.6,1348.58,"0"
32,16.5,67.5,9,4,11.6,1348.58,"0"
32,16.5,67.5,4,4,11.6,1248.08,"0"
32,16.5,67.5,4,4,11.6,1248.08,"0"
32,16.5,67.5,4,4,11.6,1248.08,"0"
32,16.5,67.5,4,4,11.6,1248.08,"0"
32,16.5,67.5,4,4,11.6,1248.08,"0"
32,16.5,67.5,4,4,11.6,1248.08,"0"
32,16.5,67.5,14,9,4.6,1667.98,"1"
32,16.5,67.5,29,9,4.6,1969.48,"1"
32,16.5,67.5,19,9,4.6,1768.48,"1"
32,16.5,67.5,19,9,4.6,1768.48,"1"
32,16.5,67.5,14,9,4.6,1667.98,"1"
32,16.5,67.5,14,9,4.6,1667.98,"1"
32,16.5,67.5,24,9,4.6,1868.98,"1"
32,16.5,67.5,19,9,4.6,1768.48,"1"
32,16.5,67.5,19,9,4.6,1768.48,"1"
32,16.5,67.5,19,9,4.6,1768.48,"1"
32,16.5,67.5,19,9,4.6,1768.48,"1"
32,16.5,67.5,24,9,4.6,1868.98,"1"
32,16.5,67.5,24,9,4.6,1868.98,"1"
32,16.5,67.5,19,9,4.6,1768.48,"1"
32,16.5,67.5,19,9,4.6,1768.48,"1"
32,16.5,67.5,24,9,4.6,1868.98,"1"
32,16.5,67.5,19,9,4.6,1768.48,"1"
32,16.5,67.5,14,9,4.6,1667.98,"1"
32,16.5,67.5,14,9,4.6,1667.98,"1"
32,16.5,67.5,14,9,4.6,1667.98,"1"
32,16.5,67.5,14,9,4.6,1667.98,"1"
32,16.5,67.5,19,9,4.6,1768.48,"1"
32,16.5,67.5,14,9,4.6,1667.98,"1"
32,16.5,67.5,14,9,4.6,1667.98,"1"
32,16.5,67.5,19,9,4.6,1768.48,"1"
32,16.5,67.5,19,9,4.6,1768.48,"1"
32,16.5,67.5,14,9,4.6,1667.98,"1"
32,16.5,67.5,19,9,4.6,1768.48,"1"
32,16.5,67.5,19,9,4.6,1768.48,"1"
32,16.5,67.5,19,9,4.6,1768.48,"1"
32,16.5,67.5,14,4,11.6,1449.08,"0"
32,16.5,67.5,9,4,11.6,1348.58,"0"
32,16.5,67.5,9,4,11.6,1348.58,"0"
32,16.5,67.5,9,4,11.6,1348.58,"0"
32,16.5,67.5,9,4,11.6,1348.58,"0"
32,16.5,67.5,9,4,11.6,1348.58,"0"
32,16.5,67.5,9,4,11.6,1348.58,"0"
32,16.5,67.5,9,4,11.6,1348.58,"0"
32,16.5,67.5,9,4,11.6,1348.58,"0"
32,16.5,67.5,9,4,11.6,1348.58,"0"
32,16.5,67.5,9,4,11.6,1348.58,"0"
32,16.5,67.5,9,4,11.6,1348.58,"0"
32,16.5,67.5,9,4,11.6,1348.58,"0"
32,16.5,67.5,9,4,11.6,1348.58,"0"
32,16.5,67.5,9,4,11.6,1348.58,"0"
32,16.5,67.5,9,4,11.6,1348.58,"0"
32,16.5,67.5,14,9,11.6,1698.08,"1"
32,16.5,67.5,9,14,11.6,1846.58,"1"
32,16.5,67.5,9,14,11.6,1846.58,"1"
32,16.5,67.5,9,14,11.6,1846.58,"1"
32,16.5,67.5,9,9,11.6,1597.58,"1"
32,16.5,67.5,14,9,11.6,1698.08,"1"
32,16.5,67.5,4,4,4.6,1248.08,"0"
32,16.5,67.5,19,4,4.6,1519.48,"1"
32,16.5,67.5,19,4,4.6,1519.48,"1"
32,16.5,67.5,14,4,4.6,1418.98,"0"
32,16.5,67.5,14,4,4.6,1418.98,"0"
32,16.5,67.5,14,4,4.6,1418.98,"0"
32,16.5,67.5,19,4,4.6,1519.48,"1"
32,16.5,67.5,19,4,4.6,1519.48,"1"
32,16.5,67.5,14,4,4.6,1418.98,"0"
32,16.5,67.5,14,4,4.6,1418.98,"0"
32,16.5,67.5,19,4,4.6,1519.48,"1"
32,16.5,67.5,14,4,4.6,1418.98,"0"
32,16.5,67.5,19,4,4.6,1519.48,"1"
32,16.5,67.5,19,4,4.6,1519.48,"1"
32,16.5,67.5,19,4,4.6,1519.48,"1"
32,16.5,67.5,9,4,4.6,1318.48,"0"
32,16.5,67.5,9,4,11.6,1348.58,"0"
32,16.5,67.5,4,4,11.6,1248.08,"0"
32,16.5,67.5,9,4,4.6,1318.48,"0"
32,16.5,67.5,19,4,4.6,1519.48,"1"
32,16.5,67.5,24,4,4.6,1619.98,"1"
32,16.5,67.5,24,4,4.6,1619.98,"1"
32,16.5,67.5,24,4,4.6,1619.98,"1"
32,16.5,67.5,24,4,4.6,1619.98,"1"
32,16.5,67.5,24,4,4.6,1619.98,"1"
32,16.5,67.5,24,4,4.6,1619.98,"1"
32,16.5,67.5,24,4,4.6,1619.98,"1"
32,16.5,67.5,24,4,4.6,1619.98,"1"
32,16.5,67.5,24,4,4.6,1619.98,"1"
32,16.5,67.5,19,4,4.6,1519.48,"1"
32,16.5,67.5,24,4,4.6,1619.98,"1"
32,16.5,67.5,24,4,4.6,1619.98,"1"
32,16.5,67.5,24,4,4.6,1619.98,"1"
32,16.5,67.5,24,4,4.6,1619.98,"1"
32,16.5,67.5,24,4,4.6,1619.98,"1"
32,16.5,67.5,24,4,4.6,1619.98,"1"
32,16.5,67.5,24,4,4.6,1619.98,"1"
32,16.5,67.5,24,4,4.6,1619.98,"1"
32,16.5,67.5,24,4,4.6,1619.98,"1"
32,16.5,67.5,14,4,11.6,1449.08,"0"
32,16.5,67.5,19,4,11.6,1549.58,"1"
32,16.5,67.5,24,4,4.6,1619.98,"1"
32,16.5,67.5,24,4,4.6,1619.98,"1"
32,16.5,67.5,24,4,11.6,1650.08,"1"
32,16.5,67.5,24,4,11.6,1650.08,"1"
32,16.5,67.5,24,4,11.6,1650.08,"1"
32,16.5,67.5,24,4,11.6,1650.08,"1"
32,16.5,67.5,24,4,11.6,1650.08,"1"
32,16.5,67.5,24,4,11.6,1650.08,"1"
32,16.5,67.5,24,4,11.6,1650.08,"1"
32,16.5,67.5,24,4,11.6,1650.08,"1"
32,16.5,67.5,4,4,4.6,1217.98,"0"
32,16.5,67.5,9,4,11.6,1348.58,"0"
32,16.5,67.5,9,4,11.6,1348.58,"0"
32,16.5,67.5,9,4,11.6,1348.58,"0"
32,16.5,67.5,9,4,11.6,1348.58,"0"
32,16.5,67.5,4,4,11.6,1248.08,"0"
32,16.5,67.5,4,4,4.6,1217.98,"0"
32,16.5,67.5,4,4,4.6,1217.98,"0"
32,16.5,67.5,4,4,4.6,1217.98,"0"
32,16.5,67.5,4,4,4.6,1217.98,"0"
32,16.5,67.5,19,4,4.6,1519.48,"1"
32,16.5,67.5,14,4,4.6,1418.98,"0"
32,16.5,67.5,14,4,4.6,1418.98,"0"
32,16.5,67.5,19,4,4.6,1519.48,"1"
32,16.5,67.5,19,4,4.6,1519.48,"1"
32,16.5,67.5,14,4,4.6,1418.98,"0"
32,16.5,67.5,14,4,4.6,1418.98,"0"
32,16.5,67.5,19,4,4.6,1519.48,"1"
32,16.5,67.5,19,4,4.6,1519.48,"1"
32,16.5,67.5,19,4,4.6,1519.48,"1"
32,16.5,67.5,14,4,4.6,1418.98,"0"
32,16.5,67.5,14,4,4.6,1418.98,"0"
32,16.5,67.5,14,4,4.6,1418.98,"0"
32,16.5,67.5,14,4,4.6,1418.98,"0"
32,16.5,67.5,9,4,4.6,1318.48,"0"
32,16.5,67.5,19,4,4.6,1519.48,"1"
32,16.5,67.5,24,4,4.6,1619.98,"1"
32,16.5,67.5,24,4,4.6,1619.98,"1"
32,16.5,67.5,19,4,4.6,1519.48,"1"
32,16.5,67.5,24,4,4.6,1619.98,"1"
32,16.5,67.5,24,4,4.6,1619.98,"1"
32,16.5,67.5,24,4,4.6,1619.98,"1"
32,16.5,67.5,24,4,4.6,1619.98,"1"
32,16.5,67.5,9,4,11.6,1348.58,"0"
32,16.5,67.5,24,4,11.6,1650.08,"1"
32,16.5,67.5,24,4,11.6,1650.08,"1"
32,16.5,67.5,24,4,11.6,1650.08,"1"
32,16.5,67.5,24,4,11.6,1650.08,"1"
32,16.5,67.5,9,4,11.6,1348.58,"0"
32,16.5,67.5,9,4,11.6,1348.58,"0"
32,16.5,67.5,9,4,11.6,1348.58,"0"
32,16.5,67.5,9,4,11.6,1348.58,"0"
32,16.5,67.5,9,4,11.6,1348.58,"0"
32,16.5,67.5,14,4,11.6,1449.08,"0"
32,16.5,67.5,4,4,11.6,1248.08,"0"
32,16.5,67.5,4,4,11.6,1248.08,"0"
32,16.5,67.5,4,4,11.6,1248.08,"0"
32,16.5,67.5,4,4,11.6,1248.08,"0"
32,16.5,67.5,4,4,11.6,1248.08,"0"
32,16.5,67.5,4,4,11.6,1248.08,"0"
32,16.5,67.5,4,4,11.6,1248.08,"0"
32,16.5,67.5,4,4,11.6,1248.08,"0"
32,16.5,67.5,4,4,11.6,1248.08,"0"
32,16.5,67.5,9,4,11.6,1348.58,"0"
32,16.5,67.5,14,4,11.6,1449.08,"0"
32,16.5,67.5,14,4,11.6,1449.08,"0"
32,16.5,67.5,14,4,11.6,1449.08,"0"
32,16.5,67.5,14,4,11.6,1449.08,"0"
32,16.5,67.5,14,4,11.6,1449.08,"0"
32,16.5,67.5,9,4,11.6,1348.58,"0"
32,16.5,67.5,9,4,11.6,1348.58,"0"
32,16.5,67.5,9,4,11.6,1348.58,"0"
32,16.5,67.5,9,4,11.6,1348.58,"0"
32,16.5,67.5,14,4,11.6,1449.08,"0"
32,16.5,67.5,9,4,11.6,1348.58,"0"
32,16.5,67.5,9,4,11.6,1348.58,"0"
32,16.5,67.5,19,4,11.6,1549.58,"1"
32,16.5,67.5,19,4,11.6,1549.58,"1"
32,16.5,67.5,19,4,11.6,1549.58,"1"
32,16.5,67.5,19,4,11.6,1549.58,"1"
32,16.5,67.5,19,4,11.6,1549.58,"1"
32,16.5,67.5,14,9,4.6,1667.98,"1"
32,16.5,67.5,9,9,4.6,1567.48,"1"
32,16.5,67.5,14,9,4.6,1667.98,"1"
32,16.5,67.5,14,9,4.6,1667.98,"1"
32,16.5,67.5,24,4,4.6,1619.98,"1"
32,16.5,67.5,14,4,11.6,1449.08,"0"
32,16.5,67.5,19,4,4.6,1519.48,"1"
32,16.5,67.5,19,4,4.6,1519.48,"1"
32,16.5,67.5,9,4,11.6,1348.58,"0"
32,16.5,67.5,14,4,11.6,1449.08,"0"
32,16.5,67.5,14,4,11.6,1449.08,"0"
32,16.5,67.5,14,4,11.6,1449.08,"0"
32,16.5,67.5,14,4,11.6,1449.08,"0"
32,16.5,67.5,14,4,11.6,1449.08,"0"
32,16.5,67.5,19,4,11.6,1549.58,"1"
32,16.5,67.5,19,4,11.6,1549.58,"1"
32,16.5,67.5,14,4,11.6,1449.08,"0"
32,16.5,67.5,14,4,11.6,1449.08,"0"
32,16.5,67.5,14,4,11.6,1449.08,"0"
32,16.5,67.5,14,4,11.6,1449.08,"0"
32,16.5,67.5,14,4,11.6,1449.08,"0"
32,16.5,67.5,14,4,11.6,1449.08,"0"
32,16.5,67.5,9,4,11.6,1348.58,"0"
32,16.5,67.5,9,4,11.6,1348.58,"0"
32,16.5,67.5,9,4,11.6,1348.58,"0"
32,16.5,67.5,19,4,11.6,1549.58,"1"
32,16.5,67.5,14,4,11.6,1449.08,"0"
32,16.5,67.5,14,4,11.6,1449.08,"0"
32,16.5,67.5,14,4,11.6,1449.08,"0"
32,16.5,67.5,14,4,11.6,1449.08,"0"
32,16.5,67.5,14,4,11.6,1449.08,"0"
32,16.5,67.5,19,4,11.6,1549.58,"1"
32,16.5,67.5,9,4,11.6,1348.58,"0"
32,16.5,67.5,9,4,11.6,1348.58,"0"
32,16.5,67.5,14,4,11.6,1449.08,"0"
32,16.5,67.5,14,4,11.6,1449.08,"0"
32,16.5,67.5,14,4,4.6,1418.98,"0"
32,16.5,67.5,19,4,4.6,1519.48,"1"
32,16.5,67.5,24,4,4.6,1619.98,"1"
32,16.5,67.5,19,4,4.6,1519.48,"1"
32,16.5,67.5,4,9,11.6,1497.08,"1"
32,16.5,67.5,19,4,11.6,1549.58,"1"
32,16.5,67.5,19,4,11.6,1549.58,"1"
32,16.5,67.5,14,4,11.6,1449.08,"0"
32,16.5,67.5,14,9,11.6,1698.08,"1"
32,16.5,67.5,14,4,4.6,1418.98,"0"
32,16.5,67.5,19,4,4.6,1519.48,"1"
32,16.5,67.5,14,4,4.6,1418.98,"0"
32,16.5,67.5,14,4,4.6,1418.98,"0"
32,16.5,67.5,24,4,4.6,1619.98,"1"
32,16.5,67.5,24,4,4.6,1619.98,"1"
32,16.5,67.5,19,4,4.6,1519.48,"1"
32,16.5,67.5,14,4,4.6,1418.98,"0"
32,16.5,67.5,24,4,4.6,1619.98,"1"
32,16.5,67.5,24,4,4.6,1619.98,"1"
32,16.5,67.5,24,4,4.6,1619.98,"1"
32,16.5,67.5,19,4,4.6,1519.48,"1"
32,16.5,67.5,19,4,4.6,1519.48,"1"
32,16.5,67.5,19,4,4.6,1519.48,"1"
32,16.5,67.5,19,4,4.6,1519.48,"1"
32,16.5,67.5,19,4,4.6,1519.48,"1"
32,16.5,67.5,19,4,4.6,1519.48,"1"
32,16.5,67.5,19,4,4.6,1519.48,"1"
32,16.5,67.5,14,4,4.6,1418.98,"0"
32,16.5,67.5,19,4,4.6,1519.48,"1"
32,16.5,67.5,14,4,11.6,1449.08,"0"
32,16.5,67.5,14,4,11.6,1449.08,"0"
32,16.5,67.5,14,4,11.6,1449.08,"0"
32,16.5,67.5,14,4,11.6,1449.08,"0"
32,16.5,67.5,14,4,11.6,1449.08,"0"
32,16.5,67.5,14,4,11.6,1449.08,"0"
32,16.5,67.5,14,4,11.6,1449.08,"0"
32,16.5,67.5,14,4,11.6,1449.08,"0"
32,16.5,67.5,14,4,11.6,1449.08,"0"
32,16.5,67.5,14,4,11.6,1449.08,"0"
32,16.5,67.5,19,4,11.6,1549.58,"1"
32,16.5,67.5,14,4,11.6,1449.08,"0"
32,16.5,67.5,14,4,11.6,1449.08,"0"
32,16.5,67.5,14,4,11.6,1449.08,"0"
32,16.5,67.5,14,4,4.6,1418.98,"0"
32,16.5,67.5,19,4,4.6,1519.48,"1"
32,16.5,67.5,19,4,4.6,1519.48,"1"
32,16.5,67.5,19,4,4.6,1519.48,"1"
32,16.5,67.5,19,4,4.6,1519.48,"1"
32,16.5,67.5,19,4,4.6,1519.48,"1"
32,16.5,67.5,24,4,4.6,1619.98,"1"
32,16.5,67.5,14,4,4.6,1418.98,"0"
32,16.5,67.5,19,4,4.6,1519.48,"1"
32,16.5,67.5,19,4,4.6,1519.48,"1"
32,16.5,67.5,24,14,4.6,2117.98,"1"
32,16.5,67.5,14,4,4.6,1418.98,"0"
32,16.5,67.5,29,9,4.6,1969.48,"1"
32,16.5,67.5,14,9,4.6,1667.98,"1"
32,16.5,67.5,14,9,4.6,1667.98,"1"
32,16.5,67.5,14,4,4.6,1418.98,"0"
32,16.5,67.5,4,4,11.6,1248.08,"0"
32,16.5,67.5,19,4,11.6,1549.58,"1"
32,16.5,67.5,19,4,11.6,1549.58,"1"
32,16.5,67.5,14,4,11.6,1449.08,"0"
32,16.5,67.5,14,4,11.6,1449.08,"0"
32,16.5,67.5,14,4,11.6,1449.08,"0"
32,16.5,67.5,14,4,11.6,1449.08,"0"
32,16.5,67.5,14,4,11.6,1449.08,"0"
32,16.5,67.5,14,4,11.6,1449.08,"0"
32,16.5,67.5,14,4,11.6,1449.08,"0"
32,16.5,67.5,14,4,11.6,1449.08,"0"
32,16.5,67.5,14,4,11.6,1449.08,"0"
32,16.5,67.5,19,4,11.6,1549.58,"1"
32,16.5,67.5,19,4,11.6,1549.58,"1"
32,16.5,67.5,19,4,11.6,1549.58,"1"
32,16.5,67.5,19,4,11.6,1549.58,"1"
32,16.5,67.5,19,4,11.6,1549.58,"1"
32,16.5,67.5,19,4,11.6,1549.58,"1"
32,16.5,67.5,19,4,11.6,1549.58,"1"
32,16.5,67.5,19,4,11.6,1549.58,"1"
32,16.5,67.5,19,4,11.6,1549.58,"1"
32,16.5,67.5,19,4,11.6,1549.58,"1"
32,16.5,67.5,19,4,11.6,1549.58,"1"
32,16.5,67.5,19,4,11.6,1549.58,"1"
32,16.5,67.5,19,4,11.6,1549.58,"1"
32,16.5,67.5,19,4,11.6,1549.58,"1"
32,16.5,67.5,19,4,11.6,1549.58,"1"
32,16.5,67.5,19,4,11.6,1549.58,"1"
32,16.5,67.5,19,4,11.6,1549.58,"1"
32,16.5,67.5,19,4,11.6,1549.58,"1"
32,16.5,67.5,19,4,11.6,1549.58,"1"
32,16.5,67.5,19,4,11.6,1549.58,"1"
32,16.5,67.5,19,4,11.6,1549.58,"1"
32,16.5,67.5,19,4,11.6,1549.58,"1"
32,16.5,67.5,19,4,11.6,1549.58,"1"
32,16.5,67.5,19,4,11.6,1549.58,"1"
32,16.5,67.5,19,4,11.6,1549.58,"1"
32,16.5,67.5,19,4,11.6,1549.58,"1"
32,16.5,67.5,19,4,11.6,1549.58,"1"
32,16.5,67.5,19,4,11.6,1549.58,"1"
32,16.5,67.5,14,4,11.6,1449.08,"0"
32,16.5,67.5,9,9,11.6,1597.58,"1"
32,16.5,67.5,14,9,11.6,1698.08,"1"
32,16.5,67.5,14,9,11.6,1698.08,"1"
32,16.5,67.5,14,9,11.6,1698.08,"1"
32,16.5,67.5,19,4,11.6,1549.58,"1"
32,16.5,67.5,14,9,11.6,1698.08,"1"
32,16.5,67.5,19,4,11.6,1549.58,"1"
32,16.5,67.5,19,4,11.6,1549.58,"1"
32,16.5,67.5,19,4,11.6,1549.58,"1"
32,16.5,67.5,14,9,11.6,1698.08,"1"
32,16.5,67.5,9,9,11.6,1597.58,"1"
32,16.5,67.5,14,9,11.6,1698.08,"1"
32,16.5,67.5,14,9,11.6,1698.08,"1"
32,16.5,67.5,14,9,11.6,1698.08,"1"
32,16.5,67.5,14,9,11.6,1698.08,"1"
32,16.5,67.5,14,9,11.6,1698.08,"1"
32,16.5,67.5,14,4,11.6,1449.08,"0"
32,16.5,67.5,14,4,11.6,1449.08,"0"
32,16.5,67.5,14,9,11.6,1698.08,"1"
32,16.5,67.5,14,4,11.6,1449.08,"0"
32,16.5,67.5,14,9,11.6,1698.08,"1"
32,16.5,67.5,14,9,11.6,1698.08,"1"
32,16.5,67.5,14,9,11.6,1698.08,"1"
32,16.5,67.5,14,9,11.6,1698.08,"1"
32,16.5,67.5,14,9,11.6,1698.08,"1"
32,16.5,67.5,9,9,11.6,1597.58,"1"
32,16.5,67.5,14,4,11.6,1449.08,"0"
32,16.5,67.5,14,4,11.6,1449.08,"0"
32,16.5,67.5,14,4,11.6,1449.08,"0"
32,16.5,67.5,14,4,11.6,1449.08,"0"
32,16.5,67.5,14,4,11.6,1449.08,"0"
32,16.5,67.5,14,4,11.6,1449.08,"0"
32,16.5,67.5,14,4,11.6,1449.08,"0"
32,16.5,67.5,14,4,11.6,1449.08,"0"
32,16.5,67.5,14,4,11.6,1449.08,"0"
32,16.5,67.5,14,9,11.6,1698.08,"1"
32,16.5,67.5,14,4,11.6,1449.08,"0"
32,16.5,67.5,14,4,11.6,1449.08,"0"
32,16.5,67.5,9,4,11.6,1348.58,"0"
32,16.5,67.5,14,4,11.6,1449.08,"0"
32,16.5,67.5,14,4,11.6,1449.08,"0"
32,16.5,67.5,14,4,11.6,1449.08,"0"
32,16.5,67.5,14,4,11.6,1449.08,"0"
32,16.5,67.5,14,4,11.6,1449.08,"0"
32,16.5,67.5,14,4,11.6,1449.08,"0"
32,16.5,67.5,19,4,11.6,1549.58,"1"
32,16.5,67.5,14,4,11.6,1449.08,"0"
32,16.5,67.5,14,4,11.6,1449.08,"0"
32,16.5,67.5,14,4,11.6,1449.08,"0"
32,16.5,67.5,19,4,11.6,1549.58,"1"
32,16.5,67.5,14,4,11.6,1449.08,"0"
32,16.5,67.5,14,4,11.6,1449.08,"0"
32,16.5,67.5,19,4,11.6,1549.58,"1"
32,16.5,67.5,19,4,11.6,1549.58,"1"
32,16.5,67.5,19,4,11.6,1549.58,"1"
32,16.5,67.5,19,4,11.6,1549.58,"1"
32,16.5,67.5,19,4,11.6,1549.58,"1"
32,16.5,67.5,19,4,11.6,1549.58,"1"
32,16.5,67.5,19,4,11.6,1549.58,"1"
32,16.5,67.5,19,4,11.6,1549.58,"1"
32,16.5,67.5,19,4,11.6,1549.58,"1"
32,16.5,67.5,19,4,11.6,1549.58,"1"
32,16.5,67.5,19,4,11.6,1549.58,"1"
32,16.5,67.5,19,4,11.6,1549.58,"1"
32,16.5,67.5,19,4,11.6,1549.58,"1"
32,16.5,67.5,19,4,11.6,1549.58,"1"
32,16.5,67.5,14,4,11.6,1449.08,"0"
32,16.5,67.5,19,4,11.6,1549.58,"1"
32,16.5,67.5,14,4,11.6,1449.08,"0"
32,16.5,67.5,14,9,11.6,1698.08,"1"
32,16.5,67.5,19,9,11.6,1798.58,"1"
32,16.5,67.5,24,4,11.6,1650.08,"1"
32,16.5,67.5,19,4,11.6,1549.58,"1"
32,16.5,67.5,19,4,11.6,1549.58,"1"
32,16.5,67.5,14,4,11.6,1449.08,"0"
32,16.5,67.5,14,4,11.6,1449.08,"0"
32,16.5,67.5,14,4,11.6,1449.08,"0"
32,16.5,67.5,14,4,11.6,1449.08,"0"
32,16.5,67.5,14,4,11.6,1449.08,"0"
32,16.5,67.5,14,4,11.6,1449.08,"0"
32,16.5,67.5,14,4,11.6,1449.08,"0"
32,16.5,67.5,14,4,11.6,1449.08,"0"
32,16.5,67.5,14,4,11.6,1449.08,"0"
32,16.5,67.5,14,4,11.6,1449.08,"0"
32,16.5,67.5,19,4,11.6,1549.58,"1"
32,16.5,67.5,14,9,11.6,1698.08,"1"
32,16.5,67.5,14,4,11.6,1449.08,"0"
32,16.5,67.5,14,4,11.6,1449.08,"0"
32,16.5,67.5,19,4,11.6,1549.58,"1"
32,16.5,67.5,19,4,11.6,1549.58,"1"
32,16.5,67.5,19,4,11.6,1549.58,"1"
32,16.5,67.5,14,9,11.6,1698.08,"1"
32,16.5,67.5,14,9,11.6,1698.08,"1"
32,16.5,67.5,14,9,11.6,1698.08,"1"
32,16.5,67.5,14,9,11.6,1698.08,"1"
32,16.5,67.5,14,9,11.6,1698.08,"1"
32,16.5,67.5,14,9,11.6,1698.08,"1"
32,16.5,67.5,9,4,11.6,1348.58,"0"
32,16.5,67.5,14,4,11.6,1449.08,"0"
32,16.5,67.5,14,4,11.6,1449.08,"0"
32,16.5,67.5,14,4,11.6,1449.08,"0"
32,16.5,67.5,14,4,11.6,1449.08,"0"
32,16.5,67.5,14,4,11.6,1449.08,"0"
32,16.5,67.5,14,4,11.6,1449.08,"0"
32,16.5,67.5,14,4,11.6,1449.08,"0"
32,16.5,67.5,9,4,4.6,1318.48,"0"
32,16.5,67.5,14,4,4.6,1418.98,"0"
32,16.5,67.5,9,4,4.6,1318.48,"0"
32,16.5,67.5,9,4,4.6,1318.48,"0"
32,16.5,67.5,9,4,4.6,1318.48,"0"
32,16.5,67.5,9,4,4.6,1318.48,"0"
32,16.5,67.5,9,4,4.6,1318.48,"0"
32,16.5,67.5,9,4,4.6,1318.48,"0"
32,16.5,67.5,9,4,4.6,1318.48,"0"
32,16.5,67.5,9,4,4.6,1318.48,"0"
32,16.5,67.5,4,4,4.6,1217.98,"0"
32,16.5,67.5,4,4,4.6,1217.98,"0"
32,16.5,67.5,9,4,4.6,1318.48,"0"
32,16.5,67.5,14,4,4.6,1418.98,"0"
32,16.5,67.5,14,4,4.6,1418.98,"0"
32,16.5,67.5,9,4,4.6,1318.48,"0"
32,16.5,67.5,9,4,4.6,1318.48,"0"
32,16.5,67.5,9,4,4.6,1318.48,"0"
32,16.5,67.5,9,4,4.6,1318.48,"0"
32,16.5,67.5,14,4,4.6,1418.98,"0"
32,16.5,67.5,14,4,4.6,1418.98,"0"
32,16.5,67.5,14,4,4.6,1418.98,"0"
32,16.5,67.5,14,4,4.6,1418.98,"0"
32,16.5,67.5,14,4,4.6,1418.98,"0"
32,16.5,67.5,14,4,4.6,1418.98,"0"
32,16.5,67.5,9,4,11.6,1348.58,"0"
32,16.5,67.5,14,4,4.6,1418.98,"0"
32,16.5,67.5,9,4,4.6,1318.48,"0"
32,16.5,67.5,9,4,4.6,1318.48,"0"
32,16.5,67.5,9,4,4.6,1318.48,"0"
32,16.5,67.5,9,4,4.6,1318.48,"0"
32,16.5,67.5,9,4,4.6,1318.48,"0"
32,16.5,67.5,9,4,4.6,1318.48,"0"
32,16.5,67.5,9,4,4.6,1318.48,"0"
32,16.5,67.5,9,4,4.6,1318.48,"0"
32,16.5,67.5,9,4,4.6,1318.48,"0"
32,16.5,67.5,9,4,4.6,1318.48,"0"
32,16.5,67.5,9,4,4.6,1318.48,"0"
32,16.5,67.5,9,4,4.6,1318.48,"0"
32,16.5,67.5,9,4,4.6,1318.48,"0"
32,16.5,67.5,9,4,4.6,1318.48,"0"
32,16.5,67.5,14,4,4.6,1418.98,"0"
32,16.5,67.5,14,4,4.6,1418.98,"0"
32,16.5,67.5,14,4,4.6,1418.98,"0"
32,16.5,67.5,14,4,4.6,1418.98,"0"
32,16.5,67.5,14,4,4.6,1418.98,"0"
32,16.5,67.5,14,4,4.6,1418.98,"0"
32,16.5,67.5,14,4,4.6,1418.98,"0"
32,16.5,67.5,9,4,4.6,1318.48,"0"
32,16.5,67.5,9,4,4.6,1318.48,"0"
32,16.5,67.5,14,4,4.6,1418.98,"0"
32,16.5,67.5,14,4,4.6,1418.98,"0"
32,16.5,67.5,9,4,4.6,1318.48,"0"
32,16.5,67.5,14,4,4.6,1418.98,"0"
32,16.5,67.5,14,4,4.6,1418.98,"0"
32,16.5,67.5,14,4,4.6,1418.98,"0"
32,16.5,67.5,14,4,4.6,1418.98,"0"
32,16.5,67.5,14,4,4.6,1418.98,"0"
32,16.5,67.5,14,4,4.6,1418.98,"0"
32,16.5,67.5,14,4,4.6,1418.98,"0"
32,16.5,67.5,9,4,4.6,1318.48,"0"
32,16.5,67.5,14,4,4.6,1418.98,"0"
32,16.5,67.5,19,9,4.6,1768.48,"1"
32,16.5,67.5,19,9,11.6,1798.58,"1"
32,16.5,67.5,24,9,4.6,1868.98,"1"
32,16.5,67.5,14,9,4.6,1667.98,"1"
32,16.5,67.5,14,9,4.6,1667.98,"1"
32,16.5,67.5,14,9,4.6,1667.98,"1"
32,16.5,67.5,19,9,4.6,1768.48,"1"
32,16.5,67.5,14,9,4.6,1667.98,"1"
32,16.5,67.5,14,9,4.6,1667.98,"1"
32,16.5,67.5,19,9,4.6,1768.48,"1"
32,16.5,67.5,19,9,4.6,1768.48,"1"
32,16.5,67.5,19,9,4.6,1768.48,"1"
32,16.5,67.5,19,9,4.6,1768.48,"1"
32,16.5,67.5,14,9,4.6,1667.98,"1"
32,16.5,67.5,19,9,4.6,1768.48,"1"
32,16.5,67.5,14,4,11.6,1449.08,"0"
32,16.5,67.5,29,9,4.6,1969.48,"1"
32,16.5,67.5,19,4,4.6,1519.48,"1"
32,16.5,67.5,14,4,11.6,1449.08,"0"
32,16.5,67.5,14,4,11.6,1449.08,"0"
32,16.5,67.5,14,9,11.6,1698.08,"1"
32,16.5,67.5,14,4,11.6,1449.08,"0"
32,16.5,67.5,14,4,11.6,1449.08,"0"
32,16.5,67.5,14,4,11.6,1449.08,"0"
32,16.5,67.5,14,9,11.6,1698.08,"1"
32,16.5,67.5,9,4,11.6,1348.58,"0"
32,16.5,67.5,14,4,11.6,1449.08,"0"
32,16.5,67.5,14,4,11.6,1449.08,"0"
32,16.5,67.5,14,4,11.6,1449.08,"0"
32,16.5,67.5,14,9,11.6,1698.08,"1"
32,16.5,67.5,14,4,11.6,1449.08,"0"
32,16.5,67.5,14,4,11.6,1449.08,"0"
32,16.5,67.5,14,9,11.6,1698.08,"1"
32,16.5,67.5,14,9,11.6,1698.08,"1"
32,16.5,67.5,14,4,11.6,1449.08,"0"
32,16.5,67.5,14,4,11.6,1449.08,"0"
32,16.5,67.5,14,4,11.6,1449.08,"0"
32,16.5,67.5,14,4,11.6,1449.08,"0"
32,16.5,67.5,14,4,11.6,1449.08,"0"
32,16.5,67.5,14,4,11.6,1449.08,"0"
32,16.5,67.5,14,4,11.6,1449.08,"0"
32,16.5,67.5,14,4,11.6,1449.08,"0"
32,16.5,67.5,14,4,11.6,1449.08,"0"
32,16.5,67.5,14,4,11.6,1449.08,"0"
32,16.5,67.5,14,4,11.6,1449.08,"0"
32,16.5,67.5,14,4,11.6,1449.08,"0"
32,16.5,67.5,14,4,11.6,1449.08,"0"
32,16.5,67.5,14,4,11.6,1449.08,"0"
32,16.5,67.5,14,4,11.6,1449.08,"0"
32,16.5,67.5,14,4,11.6,1449.08,"0"
32,16.5,67.5,14,4,11.6,1449.08,"0"
32,16.5,67.5,14,4,11.6,1449.08,"0"
32,16.5,67.5,14,4,11.6,1449.08,"0"
32,16.5,67.5,14,4,11.6,1449.08,"0"
32,16.5,67.5,14,4,11.6,1449.08,"0"
32,16.5,67.5,14,4,11.6,1449.08,"0"
32,16.5,67.5,14,4,11.6,1449.08,"0"
32,16.5,67.5,14,4,11.6,1449.08,"0"
32,16.5,67.5,14,4,11.6,1449.08,"0"
32,16.5,67.5,14,4,11.6,1449.08,"0"
32,16.5,67.5,14,9,11.6,1698.08,"1"
32,16.5,67.5,14,9,11.6,1698.08,"1"
32,16.5,67.5,14,4,11.6,1449.08,"0"
32,16.5,67.5,14,4,11.6,1449.08,"0"
32,16.5,67.5,14,4,11.6,1449.08,"0"
32,16.5,67.5,14,4,11.6,1449.08,"0"
32,16.5,67.5,14,4,11.6,1449.08,"0"
32,16.5,67.5,14,4,11.6,1449.08,"0"
32,16.5,67.5,14,4,11.6,1449.08,"0"
32,16.5,67.5,14,4,11.6,1449.08,"0"
32,16.5,67.5,14,4,11.6,1449.08,"0"
32,16.5,67.5,14,4,11.6,1449.08,"0"
32,16.5,67.5,14,4,11.6,1449.08,"0"
32,16.5,67.5,14,4,11.6,1449.08,"0"
32,16.5,67.5,14,4,11.6,1449.08,"0"
32,16.5,67.5,14,4,11.6,1449.08,"0"
32,16.5,67.5,14,4,11.6,1449.08,"0"
32,16.5,67.5,14,4,11.6,1449.08,"0"
32,16.5,67.5,14,4,11.6,1449.08,"0"
32,16.5,67.5,14,4,11.6,1449.08,"0"
32,16.5,67.5,14,4,11.6,1449.08,"0"
32,16.5,67.5,14,4,11.6,1449.08,"0"
32,16.5,67.5,14,4,11.6,1449.08,"0"
32,16.5,67.5,14,4,11.6,1449.08,"0"
32,16.5,67.5,19,4,11.6,1549.58,"1"
32,16.5,67.5,24,4,11.6,1650.08,"1"
32,16.5,67.5,24,4,11.6,1650.08,"1"
32,16.5,67.5,24,4,11.6,1650.08,"1"
32,16.5,67.5,24,4,11.6,1650.08,"1"
32,16.5,67.5,29,4,11.6,1750.58,"1"
32,16.5,67.5,24,4,11.6,1650.08,"1"
32,16.5,67.5,24,4,11.6,1650.08,"1"
32,16.5,67.5,24,4,4.6,1619.98,"1"
32,16.5,67.5,24,4,4.6,1619.98,"1"
32,16.5,67.5,24,4,4.6,1619.98,"1"
32,16.5,67.5,24,4,4.6,1619.98,"1"
32,16.5,67.5,24,4,4.6,1619.98,"1"
32,16.5,67.5,24,4,4.6,1619.98,"1"
32,16.5,67.5,14,9,11.6,1698.08,"1"
32,16.5,67.5,14,9,4.6,1667.98,"1"
32,16.5,67.5,14,9,4.6,1667.98,"1"
32,16.5,67.5,14,9,4.6,1667.98,"1"
32,16.5,67.5,14,9,4.6,1667.98,"1"
32,16.5,67.5,14,9,4.6,1667.98,"1"
32,16.5,67.5,14,9,4.6,1667.98,"1"
32,16.5,67.5,14,9,4.6,1667.98,"1"
32,16.5,67.5,14,9,4.6,1667.98,"1"
32,16.5,67.5,14,9,4.6,1667.98,"1"
32,16.5,67.5,14,9,4.6,1667.98,"1"
32,16.5,67.5,14,9,4.6,1667.98,"1"
32,16.5,67.5,14,4,4.6,1418.98,"0"
32,16.5,67.5,14,9,4.6,1667.98,"1"
32,16.5,67.5,9,9,4.6,1567.48,"1"
32,16.5,67.5,9,9,4.6,1567.48,"1"
32,16.5,67.5,9,9,4.6,1567.48,"1"
32,16.5,67.5,19,9,11.6,1798.58,"1"
32,16.5,67.5,19,4,11.6,1549.58,"1"
32,16.5,67.5,19,9,11.6,1798.58,"1"
32,16.5,67.5,19,9,11.6,1798.58,"1"
32,16.5,67.5,19,9,11.6,1798.58,"1"
32,16.5,67.5,19,9,11.6,1798.58,"1"
32,16.5,67.5,14,9,11.6,1698.08,"1"
32,16.5,67.5,19,9,11.6,1798.58,"1"
32,16.5,67.5,19,9,11.6,1798.58,"1"
32,16.5,67.5,19,9,11.6,1798.58,"1"
32,16.5,67.5,19,9,11.6,1798.58,"1"
32,16.5,67.5,19,9,11.6,1798.58,"1"
32,16.5,67.5,19,9,11.6,1798.58,"1"
32,16.5,67.5,19,9,11.6,1798.58,"1"
32,16.5,67.5,24,9,11.6,1899.08,"1"
32,16.5,67.5,19,9,11.6,1798.58,"1"
32,16.5,67.5,19,9,11.6,1798.58,"1"
32,16.5,67.5,19,9,11.6,1798.58,"1"
32,16.5,67.5,19,9,11.6,1798.58,"1"
32,16.5,67.5,19,9,11.6,1798.58,"1"
32,16.5,67.5,19,9,11.6,1798.58,"1"
32,16.5,67.5,19,4,11.6,1549.58,"1"
32,16.5,67.5,19,9,11.6,1798.58,"1"
32,16.5,67.5,14,9,11.6,1698.08,"1"
32,16.5,67.5,14,9,4.6,1667.98,"1"
32,16.5,67.5,19,4,4.6,1519.48,"1"
32,16.5,67.5,19,4,4.6,1519.48,"1"
32,16.5,67.5,24,4,4.6,1619.98,"1"
32,16.5,67.5,24,4,4.6,1619.98,"1"
32,16.5,67.5,24,4,4.6,1619.98,"1"
32,16.5,67.5,24,4,4.6,1619.98,"1"
32,16.5,67.5,24,4,4.6,1619.98,"1"
32,16.5,67.5,19,4,4.6,1519.48,"1"
32,16.5,67.5,19,4,4.6,1519.48,"1"
32,16.5,67.5,19,4,4.6,1519.48,"1"
32,16.5,67.5,19,4,4.6,1519.48,"1"
32,16.5,67.5,19,4,4.6,1519.48,"1"
32,16.5,67.5,19,4,4.6,1519.48,"1"
32,16.5,67.5,19,4,4.6,1519.48,"1"
32,16.5,67.5,19,4,4.6,1519.48,"1"
32,16.5,67.5,19,4,4.6,1519.48,"1"
32,16.5,67.5,24,4,4.6,1619.98,"1"
32,16.5,67.5,24,4,4.6,1619.98,"1"
32,16.5,67.5,24,4,4.6,1619.98,"1"
32,16.5,67.5,24,4,4.6,1619.98,"1"
32,16.5,67.5,24,4,4.6,1619.98,"1"
32,16.5,67.5,24,4,4.6,1619.98,"1"
32,16.5,67.5,24,4,4.6,1619.98,"1"
32,16.5,67.5,24,4,4.6,1619.98,"1"
32,16.5,67.5,24,4,4.6,1619.98,"1"
32,16.5,67.5,24,4,4.6,1619.98,"1"
32,16.5,67.5,24,4,4.6,1619.98,"1"
32,16.5,67.5,24,4,4.6,1619.98,"1"
32,16.5,67.5,24,4,4.6,1619.98,"1"
32,16.5,67.5,24,4,4.6,1619.98,"1"
32,16.5,67.5,24,4,4.6,1619.98,"1"
32,16.5,67.5,24,4,4.6,1619.98,"1"
32,16.5,67.5,24,4,4.6,1619.98,"1"
32,16.5,67.5,14,4,11.6,1449.08,"0"
32,16.5,67.5,9,4,11.6,1348.58,"0"
32,16.5,67.5,9,4,11.6,1348.58,"0"
32,16.5,67.5,14,4,11.6,1449.08,"0"
32,16.5,67.5,14,4,11.6,1449.08,"0"
32,16.5,67.5,14,4,11.6,1449.08,"0"
32,16.5,67.5,14,4,11.6,1449.08,"0"
32,16.5,67.5,14,4,11.6,1449.08,"0"
32,16.5,67.5,14,4,11.6,1449.08,"0"
32,16.5,67.5,14,4,11.6,1449.08,"0"
32,16.5,67.5,14,4,11.6,1449.08,"0"
32,16.5,67.5,14,4,11.6,1449.08,"0"
32,16.5,67.5,14,4,11.6,1449.08,"0"
32,16.5,67.5,14,4,11.6,1449.08,"0"
32,16.5,67.5,14,4,11.6,1449.08,"0"
32,16.5,67.5,14,4,11.6,1449.08,"0"
32,16.5,67.5,14,4,11.6,1449.08,"0"
32,16.5,67.5,14,9,11.6,1698.08,"1"
32,16.5,67.5,14,4,11.6,1449.08,"0"
32,16.5,67.5,14,4,11.6,1449.08,"0"
32,16.5,67.5,14,4,11.6,1449.08,"0"
32,16.5,67.5,14,4,11.6,1449.08,"0"
32,16.5,67.5,14,4,11.6,1449.08,"0"
32,16.5,67.5,14,4,11.6,1449.08,"0"
32,16.5,67.5,14,9,11.6,1698.08,"1"
32,16.5,67.5,14,9,11.6,1698.08,"1"
32,16.5,67.5,14,9,11.6,1698.08,"1"
32,16.5,67.5,14,4,11.6,1449.08,"0"
32,16.5,67.5,14,4,11.6,1449.08,"0"
32,16.5,67.5,14,4,11.6,1449.08,"0"
32,16.5,67.5,14,4,11.6,1449.08,"0"
32,16.5,67.5,14,4,11.6,1449.08,"0"
32,16.5,67.5,14,4,11.6,1449.08,"0"
32,16.5,67.5,14,4,11.6,1449.08,"0"
32,16.5,67.5,14,4,11.6,1449.08,"0"
32,16.5,67.5,14,4,11.6,1449.08,"0"
32,16.5,67.5,14,4,11.6,1449.08,"0"
32,16.5,67.5,14,4,11.6,1449.08,"0"
32,16.5,67.5,14,4,11.6,1449.08,"0"
32,16.5,67.5,9,4,11.6,1348.58,"0"
32,16.5,67.5,9,4,11.6,1348.58,"0"
32,16.5,67.5,9,4,11.6,1348.58,"0"
32,16.5,67.5,9,4,11.6,1348.58,"0"
32,16.5,67.5,9,4,11.6,1348.58,"0"
32,16.5,67.5,14,4,11.6,1449.08,"0"
32,16.5,67.5,14,4,11.6,1449.08,"0"
32,16.5,67.5,14,4,11.6,1449.08,"0"
32,16.5,67.5,14,4,11.6,1449.08,"0"
32,16.5,67.5,19,4,11.6,1549.58,"1"
32,16.5,67.5,14,4,11.6,1449.08,"0"
32,16.5,67.5,9,4,4.6,1318.48,"0"
32,16.5,67.5,4,4,11.6,1248.08,"0"
32,16.5,67.5,9,4,11.6,1348.58,"0"
32,16.5,67.5,9,4,11.6,1348.58,"0"
32,16.5,67.5,9,4,11.6,1348.58,"0"
32,16.5,67.5,9,4,11.6,1348.58,"0"
32,16.5,67.5,9,4,11.6,1348.58,"0"
32,16.5,67.5,4,4,11.6,1248.08,"0"
32,16.5,67.5,14,4,4.6,1418.98,"0"
32,16.5,67.5,9,4,4.6,1318.48,"0"
32,16.5,67.5,9,4,4.6,1318.48,"0"
32,16.5,67.5,9,4,4.6,1318.48,"0"
32,16.5,67.5,9,4,4.6,1318.48,"0"
32,16.5,67.5,14,4,4.6,1418.98,"0"
32,16.5,67.5,14,4,4.6,1418.98,"0"
32,16.5,67.5,14,4,4.6,1418.98,"0"
32,16.5,67.5,14,4,4.6,1418.98,"0"
32,16.5,67.5,14,4,4.6,1418.98,"0"
32,16.5,67.5,14,4,4.6,1418.98,"0"
32,16.5,67.5,19,4,11.6,1549.58,"1"
32,16.5,67.5,19,4,11.6,1549.58,"1"
32,16.5,67.5,24,4,11.6,1650.08,"1"
32,16.5,67.5,24,9,11.6,1899.08,"1"
32,16.5,67.5,24,9,11.6,1899.08,"1"
32,16.5,67.5,24,9,11.6,1899.08,"1"
32,16.5,67.5,29,9,11.6,1999.58,"1"
32,16.5,67.5,29,9,11.6,1999.58,"1"
32,16.5,67.5,24,9,11.6,1899.08,"1"
32,16.5,67.5,24,9,11.6,1899.08,"1"
32,16.5,67.5,24,9,11.6,1899.08,"1"
32,16.5,67.5,29,9,11.6,1999.58,"1"
32,16.5,67.5,24,9,11.6,1899.08,"1"
32,16.5,67.5,19,9,11.6,1798.58,"1"
32,16.5,67.5,24,4,11.6,1650.08,"1"
32,16.5,67.5,24,4,11.6,1650.08,"1"
32,16.5,67.5,24,4,11.6,1650.08,"1"
32,16.5,67.5,24,4,11.6,1650.08,"1"
32,16.5,67.5,24,4,11.6,1650.08,"1"
32,16.5,67.5,9,4,11.6,1348.58,"0"
32,16.5,67.5,14,4,4.6,1418.98,"0"
32,16.5,67.5,9,4,4.6,1318.48,"0"
32,16.5,67.5,9,4,4.6,1318.48,"0"
32,16.5,67.5,9,4,4.6,1318.48,"0"
32,16.5,67.5,9,4,4.6,1318.48,"0"
32,16.5,67.5,9,4,4.6,1318.48,"0"
32,16.5,67.5,9,4,4.6,1318.48,"0"
32,16.5,67.5,9,4,11.6,1348.58,"0"
32,16.5,67.5,9,4,11.6,1348.58,"0"
32,16.5,67.5,9,4,11.6,1348.58,"0"
32,16.5,67.5,9,4,11.6,1348.58,"0"
32,16.5,67.5,9,4,11.6,1348.58,"0"
32,16.5,67.5,9,4,11.6,1348.58,"0"
32,16.5,67.5,9,4,11.6,1348.58,"0"
32,16.5,67.5,9,4,11.6,1348.58,"0"
32,16.5,67.5,9,4,11.6,1348.58,"0"
32,16.5,67.5,9,4,11.6,1348.58,"0"
32,16.5,67.5,9,4,11.6,1348.58,"0"
32,16.5,67.5,9,4,11.6,1348.58,"0"
32,16.5,67.5,9,4,11.6,1348.58,"0"
32,16.5,67.5,9,4,11.6,1348.58,"0"
32,16.5,67.5,9,4,11.6,1348.58,"0"
32,16.5,67.5,9,4,11.6,1348.58,"0"
32,16.5,67.5,9,4,11.6,1348.58,"0"
32,16.5,67.5,9,4,11.6,1348.58,"0"
32,16.5,67.5,9,4,11.6,1348.58,"0"
32,16.5,67.5,9,4,4.6,1318.48,"0"
32,16.5,67.5,9,4,4.6,1318.48,"0"
32,16.5,67.5,14,4,4.6,1418.98,"0"
32,16.5,67.5,14,4,4.6,1418.98,"0"
32,16.5,67.5,14,4,4.6,1418.98,"0"
32,16.5,67.5,14,4,4.6,1418.98,"0"
32,16.5,67.5,14,4,4.6,1418.98,"0"
32,16.5,67.5,14,4,4.6,1418.98,"0"
32,16.5,67.5,14,4,4.6,1418.98,"0"
32,16.5,67.5,14,4,4.6,1418.98,"0"
32,16.5,67.5,14,4,4.6,1418.98,"0"
32,16.5,67.5,14,4,4.6,1418.98,"0"
32,16.5,67.5,14,4,4.6,1418.98,"0"
32,16.5,67.5,14,4,4.6,1418.98,"0"
32,16.5,67.5,14,4,4.6,1418.98,"0"
32,16.5,67.5,14,4,4.6,1418.98,"0"
32,16.5,67.5,14,4,4.6,1418.98,"0"
32,16.5,67.5,14,4,4.6,1418.98,"0"
32,16.5,67.5,14,4,4.6,1418.98,"0"
32,16.5,67.5,9,4,4.6,1318.48,"0"
32,16.5,67.5,9,4,4.6,1318.48,"0"
32,16.5,67.5,9,4,4.6,1318.48,"0"
32,16.5,67.5,9,4,4.6,1318.48,"0"
32,16.5,67.5,9,4,4.6,1318.48,"0"
32,16.5,67.5,9,4,4.6,1318.48,"0"
32,16.5,67.5,9,4,4.6,1318.48,"0"
32,16.5,67.5,9,4,4.6,1318.48,"0"
32,16.5,67.5,9,4,4.6,1318.48,"0"
32,16.5,67.5,9,4,4.6,1318.48,"0"
32,16.5,67.5,9,4,4.6,1318.48,"0"
32,16.5,67.5,9,4,4.6,1318.48,"0"
32,16.5,67.5,9,4,4.6,1318.48,"0"
32,16.5,67.5,9,4,4.6,1318.48,"0"
32,16.5,67.5,9,4,4.6,1318.48,"0"
32,16.5,67.5,9,4,4.6,1318.48,"0"
32,16.5,67.5,9,4,4.6,1318.48,"0"
32,16.5,67.5,9,4,4.6,1318.48,"0"
32,16.5,67.5,9,4,4.6,1318.48,"0"
32,16.5,67.5,9,4,4.6,1318.48,"0"
32,16.5,67.5,9,4,4.6,1318.48,"0"
32,16.5,67.5,9,4,4.6,1318.48,"0"
32,16.5,67.5,9,4,4.6,1318.48,"0"
32,16.5,67.5,9,4,4.6,1318.48,"0"
32,16.5,67.5,9,4,4.6,1318.48,"0"
32,16.5,67.5,4,4,4.6,1217.98,"0"
32,16.5,67.5,4,4,4.6,1217.98,"0"
32,16.5,67.5,14,4,4.6,1418.98,"0"
32,16.5,67.5,14,4,4.6,1418.98,"0"
32,16.5,67.5,14,4,4.6,1418.98,"0"
32,16.5,67.5,14,4,4.6,1418.98,"0"
32,16.5,67.5,14,4,4.6,1418.98,"0"
32,16.5,67.5,14,4,4.6,1418.98,"0"
32,16.5,67.5,9,4,4.6,1318.48,"0"
32,16.5,67.5,14,4,4.6,1418.98,"0"
32,16.5,67.5,14,4,4.6,1418.98,"0"
32,16.5,67.5,14,4,4.6,1418.98,"0"
32,16.5,67.5,14,4,4.6,1418.98,"0"
32,16.5,67.5,14,4,4.6,1418.98,"0"
32,16.5,67.5,14,4,4.6,1418.98,"0"
32,16.5,67.5,14,4,4.6,1418.98,"0"
32,16.5,67.5,4,4,4.6,1217.98,"0"
32,16.5,67.5,4,4,4.6,1217.98,"0"
32,16.5,67.5,4,4,4.6,1217.98,"0"
32,16.5,67.5,4,9,4.6,1466.98,"1"
32,16.5,67.5,4,9,4.6,1466.98,"1"
32,16.5,67.5,4,9,4.6,1466.98,"1"
32,16.5,67.5,4,9,4.6,1466.98,"1"
32,16.5,67.5,4,9,4.6,1466.98,"1"
32,16.5,67.5,4,9,4.6,1466.98,"1"
32,16.5,67.5,4,9,4.6,1466.98,"1"
32,16.5,67.5,4,9,4.6,1466.98,"1"
32,16.5,67.5,4,9,4.6,1466.98,"1"
32,16.5,67.5,4,9,4.6,1466.98,"1"
32,16.5,67.5,4,9,4.6,1466.98,"1"
32,16.5,67.5,4,9,4.6,1466.98,"1"
32,16.5,67.5,4,9,4.6,1466.98,"1"
32,16.5,67.5,4,9,4.6,1466.98,"1"
32,16.5,67.5,4,9,4.6,1466.98,"1"
32,16.5,67.5,4,9,4.6,1466.98,"1"
32,16.5,67.5,4,9,4.6,1466.98,"1"
32,16.5,67.5,4,9,4.6,1466.98,"1"
32,16.5,67.5,4,9,4.6,1466.98,"1"
32,16.5,67.5,4,9,4.6,1466.98,"1"
32,16.5,67.5,4,9,4.6,1466.98,"1"
32,16.5,67.5,4,9,4.6,1466.98,"1"
32,16.5,67.5,4,4,4.6,1217.98,"0"
32,16.5,67.5,4,4,4.6,1217.98,"0"
32,16.5,67.5,4,4,4.6,1217.98,"0"
32,16.5,67.5,4,9,4.6,1466.98,"1"
32,16.5,67.5,4,9,4.6,1466.98,"1"
32,16.5,67.5,4,9,4.6,1466.98,"1"
32,16.5,67.5,4,9,4.6,1466.98,"1"
32,16.5,67.5,4,4,4.6,1217.98,"0"
32,16.5,67.5,4,9,4.6,1466.98,"1"
32,16.5,67.5,4,9,4.6,1466.98,"1"
32,16.5,67.5,4,9,4.6,1466.98,"1"
32,16.5,67.5,4,9,4.6,1466.98,"1"
32,16.5,67.5,4,9,4.6,1466.98,"1"
32,16.5,67.5,4,9,4.6,1466.98,"1"
32,16.5,67.5,4,9,4.6,1466.98,"1"
32,16.5,67.5,4,9,4.6,1466.98,"1"
32,16.5,67.5,4,9,4.6,1466.98,"1"
32,16.5,67.5,4,9,4.6,1466.98,"1"
32,16.5,67.5,4,9,4.6,1466.98,"1"
32,16.5,67.5,4,9,4.6,1466.98,"1"
32,16.5,67.5,4,9,4.6,1466.98,"1"
32,16.5,67.5,4,9,4.6,1466.98,"1"
32,16.5,67.5,4,9,4.6,1466.98,"1"
32,16.5,67.5,4,9,4.6,1466.98,"1"
32,16.5,67.5,4,9,4.6,1466.98,"1"
32,16.5,67.5,4,9,4.6,1466.98,"1"
32,16.5,67.5,4,9,4.6,1466.98,"1"
32,16.5,67.5,4,9,4.6,1466.98,"1"
32,16.5,67.5,4,9,4.6,1466.98,"1"
32,16.5,67.5,4,9,4.6,1466.98,"1"
32,16.5,67.5,4,9,4.6,1466.98,"1"
32,16.5,67.5,4,9,4.6,1466.98,"1"
32,16.5,67.5,4,9,4.6,1466.98,"1"
32,16.5,67.5,4,4,4.6,1217.98,"0"
32,16.5,67.5,4,4,4.6,1217.98,"0"
32,16.5,67.5,4,4,4.6,1217.98,"0"
32,16.5,67.5,4,4,4.6,1217.98,"0"
32,16.5,67.5,4,4,4.6,1217.98,"0"
32,16.5,67.5,4,4,4.6,1217.98,"0"
32,16.5,67.5,4,4,4.6,1217.98,"0"
32,16.5,67.5,4,4,4.6,1217.98,"0"
32,16.5,67.5,4,4,4.6,1217.98,"0"
32,16.5,67.5,4,4,4.6,1217.98,"0"
32,16.5,67.5,4,4,4.6,1217.98,"0"
32,16.5,67.5,4,4,4.6,1217.98,"0"
32,16.5,67.5,4,4,4.6,1217.98,"0"
32,16.5,67.5,4,9,4.6,1466.98,"1"
32,16.5,67.5,4,9,4.6,1466.98,"1"
32,16.5,67.5,4,9,4.6,1466.98,"1"
32,16.5,67.5,4,9,4.6,1466.98,"1"
32,16.5,67.5,4,9,4.6,1466.98,"1"
32,16.5,67.5,4,9,4.6,1466.98,"1"
32,16.5,67.5,4,9,4.6,1466.98,"1"
32,16.5,67.5,4,9,4.6,1466.98,"1"
32,16.5,67.5,4,9,4.6,1466.98,"1"
32,16.5,67.5,4,9,4.6,1466.98,"1"
32,16.5,67.5,4,9,4.6,1466.98,"1"
32,16.5,67.5,4,9,4.6,1466.98,"1"
32,16.5,67.5,4,9,4.6,1466.98,"1"
32,16.5,67.5,4,4,4.6,1217.98,"0"
32,16.5,67.5,4,4,4.6,1217.98,"0"
32,16.5,67.5,4,4,4.6,1217.98,"0"
32,16.5,67.5,4,4,4.6,1217.98,"0"
32,16.5,67.5,4,4,4.6,1217.98,"0"
32,16.5,67.5,4,4,4.6,1217.98,"0"
32,16.5,67.5,4,9,4.6,1466.98,"1"
32,16.5,67.5,4,9,4.6,1466.98,"1"
32,16.5,67.5,4,9,4.6,1466.98,"1"
32,16.5,67.5,4,9,4.6,1466.98,"1"
32,16.5,67.5,4,9,4.6,1466.98,"1"
32,16.5,67.5,4,9,4.6,1466.98,"1"
32,16.5,67.5,4,9,4.6,1466.98,"1"
32,16.5,67.5,4,9,4.6,1466.98,"1"
32,16.5,67.5,4,4,4.6,1217.98,"0"
32,16.5,67.5,4,4,4.6,1217.98,"0"
32,16.5,67.5,4,4,4.6,1217.98,"0"
32,16.5,67.5,4,9,4.6,1557.49,"1"
32,16.5,67.5,4,9,4.6,1579.82,"1"
32,16.5,67.5,4,9,4.6,1466.98,"1"
32,16.5,67.5,4,9,4.6,1529.04,"1"
32,16.5,67.5,4,9,4.6,1529.04,"1"
32,16.5,67.5,4,4,4.6,1228.73,"0"
32,16.5,67.5,4,9,4.6,1466.98,"1"
32,16.5,67.5,4,9,4.6,1466.98,"1"
32,16.5,67.5,4,9,4.6,1466.98,"1"
32,16.5,67.5,4,9,4.6,1466.98,"1"
32,16.5,67.5,4,29,4.6,2563.48,"1"
32,16.5,67.5,4,9,4.6,1466.98,"1"
32,16.5,67.5,4,4,4.6,1248.08,"0"
32,16.5,67.5,4,4,4.6,1217.98,"0"
32,16.5,67.5,4,4,4.6,1217.98,"0"
32,16.5,67.5,4,9,4.6,1466.98,"1"
32,16.5,67.5,4,9,4.6,1466.98,"1"
32,16.5,67.5,4,9,4.6,1466.98,"1"
32,16.5,67.5,4,4,4.6,1217.98,"0"
32,16.5,67.5,4,4,4.6,1217.98,"0"
32,16.5,67.5,4,4,4.6,1217.98,"0"
32,16.5,67.5,4,4,4.6,1217.98,"0"
32,16.5,67.5,4,4,4.6,1217.98,"0"
32,16.5,67.5,4,4,4.6,1217.98,"0"
32,16.5,67.5,4,4,4.6,1217.98,"0"
32,16.5,67.5,4,4,4.6,1217.98,"0"
32,16.5,67.5,4,4,4.6,1217.98,"0"
32,16.5,67.5,4,4,4.6,1217.98,"0"
32,16.5,67.5,4,4,4.6,1217.98,"0"
32,16.5,67.5,4,4,4.6,1217.98,"0"
32,16.5,67.5,4,4,4.6,1217.98,"0"
32,16.5,67.5,4,4,4.6,1217.98,"0"
32,16.5,67.5,4,4,4.6,1217.98,"0"
32,16.5,67.5,4,4,4.6,1217.98,"0"
32,16.5,67.5,4,4,4.6,1217.98,"0"
32,16.5,67.5,4,4,4.6,1217.98,"0"
32,16.5,67.5,4,4,4.6,1217.98,"0"
32,16.5,67.5,4,4,4.6,1217.98,"0"
32,16.5,67.5,4,4,4.6,1217.98,"0"
32,16.5,67.5,4,4,4.6,1217.98,"0"
32,16.5,67.5,4,4,4.6,1217.98,"0"
32,16.5,67.5,4,4,4.6,1217.98,"0"
32,16.5,67.5,4,4,4.6,1217.98,"0"
32,16.5,67.5,4,4,4.6,1217.98,"0"
32,16.5,67.5,4,9,4.6,1466.98,"1"
32,16.5,67.5,4,9,4.6,1466.98,"1"
32,16.5,67.5,4,4,4.6,1217.98,"0"
32,16.5,67.5,4,4,4.6,1217.98,"0"
32,16.5,67.5,19,4,4.6,1519.48,"1"
32,16.5,67.5,24,4,4.6,1619.98,"1"
32,16.5,67.5,24,4,4.6,1619.98,"1"
32,16.5,67.5,19,4,4.6,1519.48,"1"
32,16.5,67.5,19,4,4.6,1519.48,"1"
32,16.5,67.5,19,4,4.6,1519.48,"1"
32,16.5,67.5,19,4,4.6,1519.48,"1"
32,16.5,67.5,19,4,4.6,1519.48,"1"
32,16.5,67.5,19,4,4.6,1519.48,"1"
32,16.5,67.5,19,4,4.6,1519.48,"1"
32,16.5,67.5,19,4,4.6,1519.48,"1"
32,16.5,67.5,19,4,4.6,1519.48,"1"
32,16.5,67.5,19,4,4.6,1519.48,"1"
32,16.5,67.5,19,4,4.6,1519.48,"1"
32,16.5,67.5,19,4,4.6,1519.48,"1"
32,16.5,67.5,19,4,4.6,1519.48,"1"
32,16.5,67.5,19,4,4.6,1519.48,"1"
32,16.5,67.5,19,4,4.6,1519.48,"1"
32,16.5,67.5,19,4,4.6,1519.48,"1"
32,16.5,67.5,19,4,4.6,1519.48,"1"
32,16.5,67.5,19,4,4.6,1519.48,"1"
32,16.5,67.5,19,4,4.6,1519.48,"1"
32,16.5,67.5,19,4,4.6,1519.48,"1"
32,16.5,67.5,19,4,4.6,1519.48,"1"
32,16.5,67.5,19,4,4.6,1519.48,"1"
32,16.5,67.5,19,4,4.6,1519.48,"1"
32,16.5,67.5,19,4,4.6,1519.48,"1"
32,16.5,67.5,19,4,4.6,1519.48,"1"
32,16.5,67.5,19,4,4.6,1519.48,"1"
32,16.5,67.5,19,4,4.6,1519.48,"1"
32,16.5,67.5,19,4,4.6,1519.48,"1"
32,16.5,67.5,19,4,4.6,1519.48,"1"
32,16.5,67.5,29,4,4.6,1720.48,"1"
32,16.5,67.5,29,4,4.6,1720.48,"1"
32,16.5,67.5,29,4,4.6,1720.48,"1"
32,16.5,67.5,29,4,4.6,1720.48,"1"
32,16.5,67.5,24,4,4.6,1619.98,"1"
32,16.5,67.5,24,4,4.6,1619.98,"1"
32,16.5,67.5,24,4,4.6,1619.98,"1"
32,16.5,67.5,24,4,4.6,1619.98,"1"
32,16.5,67.5,24,4,4.6,1619.98,"1"
32,16.5,67.5,24,4,4.6,1619.98,"1"
32,16.5,67.5,24,4,4.6,1619.98,"1"
32,16.5,67.5,14,4,4.6,1418.98,"0"
32,16.5,67.5,14,4,4.6,1418.98,"0"
32,16.5,67.5,9,4,4.6,1318.48,"0"
32,16.5,67.5,19,4,4.6,1519.48,"1"
32,16.5,67.5,19,4,4.6,1519.48,"1"
32,16.5,67.5,19,4,4.6,1519.48,"1"
32,16.5,67.5,19,4,4.6,1519.48,"1"
32,16.5,67.5,14,4,4.6,1418.98,"0"
32,16.5,67.5,14,4,4.6,1418.98,"0"
32,16.5,67.5,9,4,4.6,1318.48,"0"
32,16.5,67.5,9,4,4.6,1318.48,"0"
32,16.5,67.5,9,4,4.6,1318.48,"0"
32,16.5,67.5,9,4,4.6,1318.48,"0"
32,16.5,67.5,9,4,4.6,1318.48,"0"
32,16.5,67.5,9,4,4.6,1318.48,"0"
32,16.5,67.5,9,4,4.6,1318.48,"0"
32,16.5,67.5,9,4,4.6,1318.48,"0"
32,16.5,67.5,9,4,4.6,1318.48,"0"
32,16.5,67.5,9,4,4.6,1318.48,"0"
32,16.5,67.5,14,4,4.6,1418.98,"0"
32,16.5,67.5,14,4,4.6,1418.98,"0"
32,16.5,67.5,14,4,4.6,1418.98,"0"
32,16.5,67.5,9,4,4.6,1318.48,"0"
32,16.5,67.5,9,4,4.6,1318.48,"0"
32,16.5,67.5,9,4,4.6,1318.48,"0"
32,16.5,67.5,14,4,4.6,1418.98,"0"
32,16.5,67.5,14,4,4.6,1418.98,"0"
32,16.5,67.5,14,4,4.6,1418.98,"0"
32,16.5,67.5,14,4,4.6,1418.98,"0"
32,16.5,67.5,9,4,4.6,1318.48,"0"
32,16.5,67.5,9,4,4.6,1318.48,"0"
32,16.5,67.5,14,4,4.6,1418.98,"0"
32,16.5,67.5,9,4,4.6,1318.48,"0"
32,16.5,67.5,14,4,4.6,1418.98,"0"
32,16.5,67.5,14,4,4.6,1418.98,"0"
32,16.5,67.5,14,4,4.6,1418.98,"0"
32,16.5,67.5,9,4,4.6,1318.48,"0"
32,16.5,67.5,9,4,4.6,1318.48,"0"
32,16.5,67.5,9,4,4.6,1318.48,"0"
32,16.5,67.5,14,4,4.6,1418.98,"0"
32,16.5,67.5,14,4,4.6,1418.98,"0"
32,16.5,67.5,14,4,4.6,1418.98,"0"
32,16.5,67.5,9,4,4.6,1318.48,"0"
32,16.5,67.5,9,4,4.6,1318.48,"0"
32,16.5,67.5,9,4,4.6,1318.48,"0"
32,16.5,67.5,14,9,4.6,1667.98,"1"
32,16.5,67.5,9,4,4.6,1318.48,"0"
32,16.5,67.5,14,4,4.6,1418.98,"0"
32,16.5,67.5,14,4,4.6,1418.98,"0"
32,16.5,67.5,19,4,4.6,1519.48,"1"
32,16.5,67.5,14,4,4.6,1418.98,"0"
32,16.5,67.5,14,4,4.6,1418.98,"0"
32,16.5,67.5,14,4,4.6,1418.98,"0"
32,16.5,67.5,9,4,4.6,1318.48,"0"
32,16.5,67.5,9,4,4.6,1318.48,"0"
32,16.5,67.5,9,4,4.6,1318.48,"0"
32,16.5,67.5,9,4,4.6,1318.48,"0"
32,16.5,67.5,9,4,4.6,1318.48,"0"
32,16.5,67.5,9,4,4.6,1318.48,"0"
32,16.5,67.5,9,4,4.6,1318.48,"0"
32,16.5,67.5,4,4,4.6,1217.98,"0"
32,16.5,67.5,9,4,4.6,1318.48,"0"
32,16.5,67.5,9,4,4.6,1318.48,"0"
32,16.5,67.5,9,4,4.6,1318.48,"0"
32,16.5,67.5,9,4,4.6,1318.48,"0"
32,16.5,67.5,9,4,4.6,1318.48,"0"
32,16.5,67.5,9,4,4.6,1318.48,"0"
32,16.5,67.5,9,4,4.6,1318.48,"0"
32,16.5,67.5,14,4,4.6,1418.98,"0"
32,16.5,67.5,9,4,4.6,1318.48,"0"
32,16.5,67.5,14,4,4.6,1418.98,"0"
32,16.5,67.5,24,4,4.6,1619.98,"1"
32,16.5,67.5,19,4,4.6,1519.48,"1"
32,16.5,67.5,14,4,4.6,1418.98,"0"
32,16.5,67.5,24,4,4.6,1619.98,"1"
32,16.5,67.5,24,4,4.6,1619.98,"1"
32,16.5,67.5,19,4,4.6,1519.48,"1"
32,16.5,67.5,19,4,4.6,1519.48,"1"
32,16.5,67.5,19,4,4.6,1519.48,"1"
32,16.5,67.5,14,4,4.6,1418.98,"0"
32,16.5,67.5,19,4,4.6,1519.48,"1"
32,16.5,67.5,19,4,4.6,1519.48,"1"
32,16.5,67.5,14,4,4.6,1418.98,"0"
32,16.5,67.5,14,4,4.6,1418.98,"0"
32,16.5,67.5,14,4,4.6,1418.98,"0"
32,16.5,67.5,14,4,4.6,1418.98,"0"
32,16.5,67.5,9,4,4.6,1318.48,"0"
32,16.5,67.5,14,4,4.6,1418.98,"0"
32,16.5,67.5,14,4,4.6,1418.98,"0"
32,16.5,67.5,9,4,4.6,1318.48,"0"
32,16.5,67.5,9,4,4.6,1318.48,"0"
32,16.5,67.5,9,4,4.6,1318.48,"0"
32,16.5,67.5,14,4,4.6,1418.98,"0"
32,16.5,67.5,14,4,4.6,1418.98,"0"
32,16.5,67.5,14,4,4.6,1418.98,"0"
32,16.5,67.5,14,4,4.6,1418.98,"0"
32,16.5,67.5,9,4,4.6,1318.48,"0"
32,16.5,67.5,14,4,4.6,1418.98,"0"
32,16.5,67.5,19,4,4.6,1519.48,"1"
32,16.5,67.5,14,4,4.6,1418.98,"0"
32,16.5,67.5,19,4,4.6,1519.48,"1"
32,16.5,67.5,19,4,4.6,1519.48,"1"
32,16.5,67.5,19,4,4.6,1519.48,"1"
32,16.5,67.5,19,4,4.6,1519.48,"1"
32,16.5,67.5,14,4,4.6,1418.98,"0"
32,16.5,67.5,14,4,4.6,1418.98,"0"
32,16.5,67.5,14,4,4.6,1418.98,"0"
32,16.5,67.5,14,4,4.6,1418.98,"0"
32,16.5,67.5,14,4,4.6,1418.98,"0"
32,16.5,67.5,14,4,4.6,1418.98,"0"
32,16.5,67.5,14,4,4.6,1418.98,"0"
32,16.5,67.5,14,4,4.6,1418.98,"0"
32,16.5,67.5,14,4,4.6,1418.98,"0"
32,16.5,67.5,19,4,4.6,1519.48,"1"
32,16.5,67.5,19,4,4.6,1519.48,"1"
32,16.5,67.5,14,4,4.6,1418.98,"0"
32,16.5,67.5,14,4,4.6,1418.98,"0"
32,16.5,67.5,19,4,4.6,1519.48,"1"
32,16.5,67.5,19,4,4.6,1519.48,"1"
32,16.5,67.5,19,4,4.6,1519.48,"1"
32,16.5,67.5,19,4,4.6,1519.48,"1"
32,16.5,67.5,14,4,4.6,1418.98,"0"
32,16.5,67.5,14,4,4.6,1418.98,"0"
32,16.5,67.5,14,4,4.6,1418.98,"0"
32,16.5,67.5,14,4,4.6,1418.98,"0"
32,16.5,67.5,14,4,4.6,1418.98,"0"
32,16.5,67.5,14,4,4.6,1418.98,"0"
32,16.5,67.5,14,4,4.6,1418.98,"0"
32,16.5,67.5,19,4,4.6,1519.48,"1"
32,16.5,67.5,19,4,4.6,1519.48,"1"
32,16.5,67.5,14,4,4.6,1418.98,"0"
32,16.5,67.5,19,4,4.6,1519.48,"1"
32,16.5,67.5,19,4,4.6,1519.48,"1"
32,16.5,67.5,19,4,4.6,1519.48,"1"
32,16.5,67.5,14,4,4.6,1418.98,"0"
32,16.5,67.5,14,4,4.6,1418.98,"0"
32,16.5,67.5,14,4,4.6,1418.98,"0"
32,16.5,67.5,14,4,4.6,1418.98,"0"
32,16.5,67.5,14,4,4.6,1418.98,"0"
32,16.5,67.5,14,4,4.6,1418.98,"0"
32,16.5,67.5,19,4,4.6,1519.48,"1"
32,16.5,67.5,19,4,4.6,1519.48,"1"
32,16.5,67.5,19,4,4.6,1519.48,"1"
32,16.5,67.5,19,4,4.6,1519.48,"1"
32,16.5,67.5,19,4,4.6,1519.48,"1"
32,16.5,67.5,14,4,4.6,1418.98,"0"
32,16.5,67.5,14,4,4.6,1418.98,"0"
32,16.5,67.5,9,4,4.6,1318.48,"0"
32,16.5,67.5,9,4,4.6,1318.48,"0"
32,16.5,67.5,9,4,4.6,1318.48,"0"
32,16.5,67.5,14,4,4.6,1418.98,"0"
32,16.5,67.5,14,4,4.6,1418.98,"0"
32,16.5,67.5,14,4,4.6,1418.98,"0"
32,16.5,67.5,14,4,4.6,1418.98,"0"
32,16.5,67.5,9,4,4.6,1318.48,"0"
32,16.5,67.5,9,4,4.6,1318.48,"0"
32,16.5,67.5,14,4,4.6,1418.98,"0"
32,16.5,67.5,14,4,4.6,1418.98,"0"
32,16.5,67.5,14,4,4.6,1418.98,"0"
32,16.5,67.5,9,4,4.6,1318.48,"0"
32,16.5,67.5,14,4,4.6,1418.98,"0"
32,16.5,67.5,14,4,4.6,1418.98,"0"
32,16.5,67.5,9,4,4.6,1318.48,"0"
32,16.5,67.5,14,4,4.6,1418.98,"0"
32,16.5,67.5,14,4,4.6,1418.98,"0"
32,16.5,67.5,9,4,4.6,1318.48,"0"
32,16.5,67.5,9,4,4.6,1318.48,"0"
32,16.5,67.5,9,4,4.6,1318.48,"0"
32,16.5,67.5,9,4,4.6,1318.48,"0"
32,16.5,67.5,9,4,4.6,1318.48,"0"
32,16.5,67.5,9,4,4.6,1318.48,"0"
32,16.5,67.5,9,4,4.6,1318.48,"0"
32,16.5,67.5,9,4,4.6,1318.48,"0"
32,16.5,67.5,9,4,4.6,1318.48,"0"
32,16.5,67.5,14,4,4.6,1418.98,"0"
32,16.5,67.5,14,4,4.6,1418.98,"0"
32,16.5,67.5,14,4,4.6,1418.98,"0"
32,16.5,67.5,14,4,4.6,1418.98,"0"
32,16.5,67.5,9,4,4.6,1318.48,"0"
32,16.5,67.5,14,4,4.6,1418.98,"0"
32,16.5,67.5,14,4,4.6,1418.98,"0"
32,16.5,67.5,14,4,4.6,1418.98,"0"
32,16.5,67.5,9,4,4.6,1318.48,"0"
32,16.5,67.5,14,4,4.6,1418.98,"0"
32,16.5,67.5,14,4,4.6,1418.98,"0"
32,16.5,67.5,14,4,4.6,1418.98,"0"
32,16.5,67.5,14,4,4.6,1418.98,"0"
32,16.5,67.5,14,4,4.6,1418.98,"0"
32,16.5,67.5,19,4,4.6,1519.48,"1"
32,16.5,67.5,19,4,4.6,1519.48,"1"
32,16.5,67.5,19,4,4.6,1519.48,"1"
32,16.5,67.5,19,4,4.6,1519.48,"1"
32,16.5,67.5,14,4,4.6,1418.98,"0"
32,16.5,67.5,19,4,4.6,1519.48,"1"
32,16.5,67.5,19,4,4.6,1519.48,"1"
32,16.5,67.5,19,4,4.6,1519.48,"1"
32,16.5,67.5,19,4,4.6,1519.48,"1"
32,16.5,67.5,14,4,4.6,1418.98,"0"
32,16.5,67.5,14,4,4.6,1418.98,"0"
32,16.5,67.5,19,4,4.6,1519.48,"1"
32,16.5,67.5,24,4,4.6,1619.98,"1"
32,16.5,67.5,14,4,11.6,1449.08,"0"
32,16.5,67.5,14,4,11.6,1449.08,"0"
32,16.5,67.5,9,4,11.6,1348.58,"0"
32,16.5,67.5,14,4,11.6,1449.08,"0"
32,16.5,67.5,14,4,11.6,1449.08,"0"
32,16.5,67.5,14,4,11.6,1449.08,"0"
32,16.5,67.5,14,4,11.6,1449.08,"0"
32,16.5,67.5,14,4,11.6,1449.08,"0"
32,16.5,67.5,14,4,11.6,1449.08,"0"
32,16.5,67.5,14,4,11.6,1449.08,"0"
32,16.5,67.5,14,4,11.6,1449.08,"0"
32,16.5,67.5,14,4,11.6,1449.08,"0"
32,16.5,67.5,14,4,11.6,1449.08,"0"
32,16.5,67.5,14,4,11.6,1449.08,"0"
32,16.5,67.5,14,4,11.6,1449.08,"0"
32,16.5,67.5,14,4,11.6,1449.08,"0"
32,16.5,67.5,14,4,11.6,1449.08,"0"
32,16.5,67.5,14,4,11.6,1449.08,"0"
32,16.5,67.5,14,4,11.6,1449.08,"0"
32,16.5,67.5,14,4,11.6,1449.08,"0"
32,16.5,67.5,14,4,11.6,1449.08,"0"
32,16.5,67.5,14,4,11.6,1449.08,"0"
32,16.5,67.5,9,4,11.6,1348.58,"0"
32,16.5,67.5,9,4,11.6,1348.58,"0"
32,16.5,67.5,14,4,11.6,1449.08,"0"
32,16.5,67.5,14,4,11.6,1449.08,"0"
32,16.5,67.5,14,4,11.6,1449.08,"0"
32,16.5,67.5,14,4,11.6,1449.08,"0"
32,16.5,67.5,14,4,11.6,1449.08,"0"
32,16.5,67.5,14,4,11.6,1449.08,"0"
32,16.5,67.5,14,4,11.6,1449.08,"0"
32,16.5,67.5,9,4,11.6,1348.58,"0"
32,16.5,67.5,14,4,11.6,1449.08,"0"
32,16.5,67.5,14,4,11.6,1449.08,"0"
32,16.5,67.5,14,4,11.6,1449.08,"0"
32,16.5,67.5,14,4,11.6,1449.08,"0"
32,16.5,67.5,14,4,11.6,1449.08,"0"
32,16.5,67.5,14,4,11.6,1449.08,"0"
32,16.5,67.5,14,4,11.6,1449.08,"0"
32,16.5,67.5,14,4,11.6,1449.08,"0"
32,16.5,67.5,14,4,11.6,1449.08,"0"
32,16.5,67.5,14,4,11.6,1449.08,"0"
32,16.5,67.5,14,4,11.6,1449.08,"0"
32,16.5,67.5,14,4,11.6,1449.08,"0"
32,16.5,67.5,14,4,11.6,1449.08,"0"
32,16.5,67.5,14,4,11.6,1449.08,"0"
32,16.5,67.5,14,4,11.6,1449.08,"0"
32,16.5,67.5,14,4,11.6,1449.08,"0"
32,16.5,67.5,14,4,11.6,1449.08,"0"
32,16.5,67.5,14,4,11.6,1449.08,"0"
32,16.5,67.5,14,4,11.6,1449.08,"0"
32,16.5,67.5,14,4,11.6,1449.08,"0"
32,16.5,67.5,9,4,11.6,1348.58,"0"
32,16.5,67.5,14,4,11.6,1449.08,"0"
32,16.5,67.5,19,4,11.6,1549.58,"1"
32,16.5,67.5,19,4,11.6,1549.58,"1"
32,16.5,67.5,24,4,11.6,1650.08,"1"
32,16.5,67.5,19,4,11.6,1549.58,"1"
32,16.5,67.5,24,4,11.6,1650.08,"1"
32,16.5,67.5,19,4,11.6,1519.48,"1"
32,16.5,67.5,14,19,11.6,2266.48,"1"
32,16.5,67.5,14,19,11.6,2311.2,"1"
32,16.5,67.5,14,4,11.6,1449.08,"0"
32,16.5,67.5,14,4,11.6,1449.08,"0"
32,16.5,67.5,14,4,11.6,1449.08,"0"
32,16.5,67.5,14,4,11.6,1449.08,"0"
32,16.5,67.5,19,4,11.6,1549.58,"1"
32,16.5,67.5,14,4,11.6,1449.08,"0"
32,16.5,67.5,14,4,11.6,1449.08,"0"
32,16.5,67.5,14,4,11.6,1449.08,"0"
32,16.5,67.5,14,4,11.6,1449.08,"0"
32,16.5,67.5,14,4,11.6,1449.08,"0"
32,16.5,67.5,14,4,11.6,1449.08,"0"
32,16.5,67.5,14,4,11.6,1449.08,"0"
32,16.5,67.5,14,4,11.6,1449.08,"0"
32,16.5,67.5,14,4,11.6,1449.08,"0"
32,16.5,67.5,14,4,11.6,1449.08,"0"
32,16.5,67.5,14,4,11.6,1449.08,"0"
32,16.5,67.5,14,4,11.6,1449.08,"0"
32,16.5,67.5,14,4,11.6,1449.08,"0"
32,16.5,67.5,14,4,11.6,1449.08,"0"
32,16.5,67.5,14,4,11.6,1449.08,"0"
32,16.5,67.5,14,4,11.6,1449.08,"0"
32,16.5,67.5,14,4,11.6,1449.08,"0"
32,16.5,67.5,14,4,11.6,1449.08,"0"
32,16.5,67.5,14,4,11.6,1449.08,"0"
32,16.5,67.5,14,4,11.6,1449.08,"0"
32,16.5,67.5,14,4,11.6,1449.08,"0"
32,16.5,67.5,19,4,4.6,1519.48,"1"
32,16.5,67.5,9,4,4.6,1318.48,"0"
32,16.5,67.5,14,4,4.6,1418.98,"0"
32,16.5,67.5,19,4,4.6,1519.48,"1"
32,16.5,67.5,14,4,4.6,1418.98,"0"
32,16.5,67.5,14,4,4.6,1418.98,"0"
32,16.5,67.5,14,4,4.6,1418.98,"0"
32,16.5,67.5,14,4,4.6,1418.98,"0"
32,16.5,67.5,14,4,4.6,1418.98,"0"
32,16.5,67.5,14,4,4.6,1418.98,"0"
32,16.5,67.5,14,4,4.6,1418.98,"0"
32,16.5,67.5,19,4,4.6,1519.48,"1"
32,16.5,67.5,14,4,4.6,1418.98,"0"
32,16.5,67.5,14,4,4.6,1418.98,"0"
32,16.5,67.5,19,4,4.6,1519.48,"1"
32,16.5,67.5,14,4,4.6,1418.98,"0"
32,16.5,67.5,14,4,4.6,1418.98,"0"
32,16.5,67.5,19,4,4.6,1519.48,"1"
32,16.5,67.5,14,4,4.6,1418.98,"0"
32,16.5,67.5,14,4,4.6,1418.98,"0"
32,16.5,67.5,14,4,4.6,1418.98,"0"
32,16.5,67.5,14,4,4.6,1418.98,"0"
32,16.5,67.5,14,4,4.6,1418.98,"0"
32,16.5,67.5,14,4,4.6,1418.98,"0"
32,16.5,67.5,19,4,4.6,1519.48,"1"
32,16.5,67.5,14,4,4.6,1418.98,"0"
32,16.5,67.5,19,4,4.6,1519.48,"1"
32,16.5,67.5,19,4,4.6,1519.48,"1"
32,16.5,67.5,19,4,4.6,1519.48,"1"
32,16.5,67.5,14,4,4.6,1418.98,"0"
32,16.5,67.5,19,4,4.6,1519.48,"1"
32,16.5,67.5,14,4,4.6,1418.98,"0"
32,16.5,67.5,19,4,4.6,1519.48,"1"
32,16.5,67.5,14,4,4.6,1418.98,"0"
32,16.5,67.5,14,4,4.6,1418.98,"0"
32,16.5,67.5,19,4,4.6,1519.48,"1"
32,16.5,67.5,19,4,4.6,1519.48,"1"
32,16.5,67.5,19,4,4.6,1519.48,"1"
32,16.5,67.5,19,4,4.6,1519.48,"1"
32,16.5,67.5,19,4,4.6,1519.48,"1"
32,16.5,67.5,19,4,4.6,1519.48,"1"
32,16.5,67.5,19,4,4.6,1519.48,"1"
32,16.5,67.5,9,4,4.6,1318.48,"0"
32,16.5,67.5,19,4,4.6,1519.48,"1"
32,16.5,67.5,19,4,4.6,1519.48,"1"
32,16.5,67.5,19,4,4.6,1519.48,"1"
32,16.5,67.5,19,4,4.6,1519.48,"1"
32,16.5,67.5,19,4,4.6,1519.48,"1"
32,16.5,67.5,19,4,4.6,1519.48,"1"
32,16.5,67.5,9,4,4.6,1318.48,"0"
32,16.5,67.5,9,4,4.6,1318.48,"0"
32,16.5,67.5,9,4,4.6,1318.48,"0"
32,16.5,67.5,9,4,4.6,1318.48,"0"
32,16.5,67.5,14,4,4.6,1418.98,"0"
32,16.5,67.5,14,4,4.6,1418.98,"0"
32,16.5,67.5,19,4,4.6,1519.48,"1"
32,16.5,67.5,19,4,4.6,1519.48,"1"
32,16.5,67.5,14,4,4.6,1418.98,"0"
32,16.5,67.5,14,4,4.6,1418.98,"0"
32,16.5,67.5,19,4,4.6,1519.48,"1"
32,16.5,67.5,19,4,4.6,1519.48,"1"
32,16.5,67.5,19,4,4.6,1519.48,"1"
32,16.5,67.5,14,4,4.6,1418.98,"0"
32,16.5,67.5,14,4,4.6,1418.98,"0"
32,16.5,67.5,14,4,4.6,1418.98,"0"
32,16.5,67.5,14,4,4.6,1418.98,"0"
32,16.5,67.5,14,4,4.6,1418.98,"0"
32,16.5,67.5,14,4,4.6,1418.98,"0"
32,16.5,67.5,14,4,4.6,1418.98,"0"
32,16.5,67.5,14,4,4.6,1418.98,"0"
32,16.5,67.5,19,4,4.6,1519.48,"1"
32,16.5,67.5,9,4,4.6,1318.48,"0"
32,16.5,67.5,9,4,4.6,1318.48,"0"
32,16.5,67.5,9,4,4.6,1318.48,"0"
32,16.5,67.5,9,4,4.6,1318.48,"0"
32,16.5,67.5,4,4,4.6,1217.98,"0"
32,16.5,67.5,14,4,4.6,1418.98,"0"
32,16.5,67.5,14,4,4.6,1418.98,"0"
32,16.5,67.5,19,9,4.6,1768.48,"1"
32,16.5,67.5,19,9,4.6,1768.48,"1"
32,16.5,67.5,19,9,4.6,1768.48,"1"
32,16.5,67.5,9,9,4.6,1567.48,"1"
32,16.5,67.5,9,4,4.6,1318.48,"0"
32,16.5,67.5,9,4,4.6,1318.48,"0"
32,16.5,67.5,9,4,4.6,1318.48,"0"
32,16.5,67.5,9,4,4.6,1318.48,"0"
32,16.5,67.5,9,4,4.6,1318.48,"0"
32,16.5,67.5,9,4,4.6,1318.48,"0"
32,16.5,67.5,9,4,4.6,1318.48,"0"
32,16.5,67.5,9,4,4.6,1318.48,"0"
32,16.5,67.5,9,4,4.6,1318.48,"0"
32,16.5,67.5,9,4,4.6,1318.48,"0"
32,16.5,67.5,9,4,4.6,1318.48,"0"
32,16.5,67.5,9,4,4.6,1318.48,"0"
32,16.5,67.5,9,4,4.6,1318.48,"0"
32,16.5,67.5,9,4,4.6,1318.48,"0"
32,16.5,67.5,9,4,4.6,1318.48,"0"
32,16.5,67.5,9,4,4.6,1318.48,"0"
32,16.5,67.5,9,4,4.6,1318.48,"0"
32,16.5,67.5,9,4,4.6,1318.48,"0"
32,16.5,67.5,9,4,4.6,1318.48,"0"
32,16.5,67.5,9,4,4.6,1318.48,"0"
32,16.5,67.5,9,4,4.6,1318.48,"0"
32,16.5,67.5,9,4,4.6,1318.48,"0"
32,16.5,67.5,9,4,4.6,1318.48,"0"
32,16.5,67.5,9,4,4.6,1318.48,"0"
32,16.5,67.5,9,4,4.6,1318.48,"0"
32,16.5,67.5,9,4,4.6,1318.48,"0"
32,16.5,67.5,9,9,4.6,1567.48,"1"
32,16.5,67.5,9,9,4.6,1567.48,"1"
32,16.5,67.5,9,9,4.6,1567.48,"1"
32,16.5,67.5,9,9,4.6,1567.48,"1"
32,16.5,67.5,9,9,4.6,1567.48,"1"
32,16.5,67.5,9,9,4.6,1567.48,"1"
32,16.5,67.5,9,9,4.6,1567.48,"1"
32,16.5,67.5,9,4,4.6,1318.48,"0"
32,16.5,67.5,9,4,4.6,1318.48,"0"
32,16.5,67.5,9,4,4.6,1318.48,"0"
32,16.5,67.5,4,4,4.6,1217.98,"0"
32,16.5,67.5,9,4,4.6,1318.48,"0"
32,16.5,67.5,9,4,4.6,1318.48,"0"
32,16.5,67.5,4,4,4.6,1217.98,"0"
32,16.5,67.5,9,4,4.6,1318.48,"0"
32,16.5,67.5,9,9,4.6,1567.48,"1"
32,16.5,67.5,9,9,4.6,1567.48,"1"
32,16.5,67.5,9,9,4.6,1567.48,"1"
32,16.5,67.5,9,4,4.6,1318.48,"0"
32,16.5,67.5,9,4,4.6,1318.48,"0"
32,16.5,67.5,9,4,4.6,1318.48,"0"
32,16.5,67.5,9,9,4.6,1567.48,"1"
32,16.5,67.5,9,9,4.6,1567.48,"1"
32,16.5,67.5,9,4,4.6,1318.48,"0"
32,16.5,67.5,9,4,4.6,1318.48,"0"
32,16.5,67.5,9,4,4.6,1318.48,"0"
32,16.5,67.5,9,4,4.6,1318.48,"0"
32,16.5,67.5,9,4,4.6,1318.48,"0"
32,16.5,67.5,9,4,4.6,1318.48,"0"
32,16.5,67.5,9,9,4.6,1567.48,"1"
32,16.5,67.5,9,9,4.6,1567.48,"1"
32,16.5,67.5,4,9,4.6,1466.98,"1"
32,16.5,67.5,4,9,4.6,1466.98,"1"
32,16.5,67.5,9,9,4.6,1567.48,"1"
32,16.5,67.5,9,9,4.6,1567.48,"1"
32,16.5,67.5,4,9,4.6,1466.98,"1"
32,16.5,67.5,4,9,4.6,1466.98,"1"
32,16.5,67.5,4,9,4.6,1466.98,"1"
32,16.5,67.5,4,9,4.6,1466.98,"1"
32,16.5,67.5,9,4,4.6,1318.48,"0"
32,16.5,67.5,9,9,4.6,1567.48,"1"
32,16.5,67.5,9,4,4.6,1318.48,"0"
32,16.5,67.5,9,4,4.6,1318.48,"0"
32,16.5,67.5,9,4,4.6,1318.48,"0"
32,16.5,67.5,14,4,4.6,1418.98,"0"
32,16.5,67.5,9,4,4.6,1318.48,"0"
32,16.5,67.5,9,4,4.6,1318.48,"0"
32,16.5,67.5,14,4,4.6,1418.98,"0"
32,16.5,67.5,14,4,4.6,1418.98,"0"
32,16.5,67.5,14,4,4.6,1418.98,"0"
32,16.5,67.5,9,9,4.6,1567.48,"1"
32,16.5,67.5,9,9,4.6,1567.48,"1"
32,16.5,67.5,9,9,4.6,1567.48,"1"
32,16.5,67.5,9,9,4.6,1567.48,"1"
32,16.5,67.5,9,9,4.6,1567.48,"1"
32,16.5,67.5,9,9,4.6,1567.48,"1"
32,16.5,67.5,9,9,4.6,1567.48,"1"
32,16.5,67.5,9,9,4.6,1567.48,"1"
32,16.5,67.5,9,9,4.6,1567.48,"1"
32,16.5,67.5,4,9,4.6,1466.98,"1"
32,16.5,67.5,9,9,4.6,1567.48,"1"
32,16.5,67.5,9,4,4.6,1318.48,"0"
32,16.5,67.5,9,4,4.6,1318.48,"0"
32,16.5,67.5,9,4,4.6,1318.48,"0"
32,16.5,67.5,9,4,4.6,1318.48,"0"
32,16.5,67.5,9,4,4.6,1318.48,"0"
32,16.5,67.5,9,4,4.6,1318.48,"0"
32,16.5,67.5,9,4,4.6,1318.48,"0"
32,16.5,67.5,4,4,4.6,1217.98,"0"
32,16.5,67.5,4,9,4.6,1466.98,"1"
32,16.5,67.5,4,9,4.6,1466.98,"1"
32,16.5,67.5,4,9,4.6,1466.98,"1"
32,16.5,67.5,4,9,4.6,1466.98,"1"
32,16.5,67.5,9,9,4.6,1567.48,"1"
32,16.5,67.5,9,9,4.6,1567.48,"1"
32,16.5,67.5,9,9,4.6,1567.48,"1"
32,16.5,67.5,9,9,4.6,1567.48,"1"
32,16.5,67.5,9,9,4.6,1567.48,"1"
32,16.5,67.5,4,9,4.6,1466.98,"1"
32,16.5,67.5,4,9,4.6,1466.98,"1"
32,16.5,67.5,4,9,4.6,1466.98,"1"
32,16.5,67.5,4,9,4.6,1466.98,"1"
32,16.5,67.5,4,9,4.6,1466.98,"1"
32,16.5,67.5,4,9,4.6,1466.98,"1"
32,16.5,67.5,14,9,4.6,1667.98,"1"
32,16.5,67.5,24,9,4.6,1868.98,"1"
32,16.5,67.5,19,9,4.6,1768.48,"1"
32,16.5,67.5,19,9,4.6,1768.48,"1"
32,16.5,67.5,19,9,4.6,1768.48,"1"
32,16.5,67.5,19,9,4.6,1768.48,"1"
32,16.5,67.5,19,9,4.6,1768.48,"1"
32,16.5,67.5,19,9,4.6,1768.48,"1"
32,16.5,67.5,19,9,4.6,1768.48,"1"
32,16.5,67.5,19,9,4.6,1768.48,"1"
32,16.5,67.5,24,9,4.6,1868.98,"1"
32,16.5,67.5,24,9,4.6,1868.98,"1"
32,16.5,67.5,24,9,4.6,1868.98,"1"
32,16.5,67.5,19,9,4.6,1768.48,"1"
32,16.5,67.5,19,9,4.6,1768.48,"1"
32,16.5,67.5,14,9,4.6,1667.98,"1"
32,16.5,67.5,14,9,4.6,1667.98,"1"
32,16.5,67.5,19,9,4.6,1768.48,"1"
32,16.5,67.5,19,9,4.6,1768.48,"1"
32,16.5,67.5,14,9,4.6,1667.98,"1"
32,16.5,67.5,14,9,4.6,1667.98,"1"
32,16.5,67.5,14,9,4.6,1667.98,"1"
32,16.5,67.5,14,9,4.6,1667.98,"1"
32,16.5,67.5,14,9,4.6,1667.98,"1"
32,16.5,67.5,14,9,4.6,1667.98,"1"
32,16.5,67.5,14,9,4.6,1667.98,"1"
32,16.5,67.5,14,9,4.6,1667.98,"1"
32,16.5,67.5,14,9,11.6,1698.08,"1"
32,16.5,67.5,9,4,11.6,1348.58,"0"
32,16.5,67.5,14,4,11.6,1449.08,"0"
32,16.5,67.5,14,4,11.6,1449.08,"0"
32,16.5,67.5,14,4,11.6,1449.08,"0"
32,16.5,67.5,14,4,11.6,1449.08,"0"
32,16.5,67.5,14,4,11.6,1449.08,"0"
32,16.5,67.5,9,9,11.6,1597.58,"1"
32,16.5,67.5,19,9,4.6,1768.48,"1"
32,16.5,67.5,9,9,4.6,1567.48,"1"
32,16.5,67.5,9,4,4.6,1318.48,"0"
32,16.5,67.5,9,4,4.6,1318.48,"0"
32,16.5,67.5,9,4,4.6,1318.48,"0"
32,16.5,67.5,9,4,4.6,1318.48,"0"
32,16.5,67.5,9,4,4.6,1318.48,"0"
32,16.5,67.5,9,4,4.6,1318.48,"0"
32,16.5,67.5,9,4,4.6,1318.48,"0"
32,16.5,67.5,9,4,4.6,1318.48,"0"
32,16.5,67.5,9,4,4.6,1318.48,"0"
32,16.5,67.5,9,4,4.6,1318.48,"0"
32,16.5,67.5,9,4,4.6,1318.48,"0"
32,16.5,67.5,14,9,4.6,1667.98,"1"
32,16.5,67.5,19,9,4.6,1768.48,"1"
32,16.5,67.5,24,9,4.6,1868.98,"1"
32,16.5,67.5,24,9,4.6,1868.98,"1"
32,16.5,67.5,19,9,4.6,1768.48,"1"
32,16.5,67.5,19,9,4.6,1768.48,"1"
32,16.5,67.5,19,9,4.6,1768.48,"1"
32,16.5,67.5,19,9,4.6,1768.48,"1"
32,16.5,67.5,14,9,4.6,1667.98,"1"
32,16.5,67.5,9,9,4.6,1567.48,"1"
32,16.5,67.5,9,4,4.6,1318.48,"0"
32,16.5,67.5,9,4,4.6,1318.48,"0"
32,16.5,67.5,9,9,4.6,1567.48,"1"
32,16.5,67.5,9,9,4.6,1567.48,"1"
32,16.5,67.5,9,9,4.6,1567.48,"1"
32,16.5,67.5,9,9,4.6,1567.48,"1"
32,16.5,67.5,9,4,4.6,1318.48,"0"
32,16.5,67.5,9,4,4.6,1318.48,"0"
32,16.5,67.5,9,4,4.6,1318.48,"0"
32,16.5,67.5,9,4,4.6,1318.48,"0"
32,16.5,67.5,9,4,4.6,1318.48,"0"
32,16.5,67.5,9,4,4.6,1318.48,"0"
32,16.5,67.5,9,4,4.6,1318.48,"0"
32,16.5,67.5,9,4,4.6,1318.48,"0"
32,16.5,67.5,9,4,4.6,1318.48,"0"
32,16.5,67.5,9,4,4.6,1318.48,"0"
32,16.5,67.5,9,4,4.6,1318.48,"0"
32,16.5,67.5,9,9,4.6,1567.48,"1"
32,16.5,67.5,9,9,4.6,1567.48,"1"
32,16.5,67.5,9,9,4.6,1567.48,"1"
32,16.5,67.5,9,9,4.6,1567.48,"1"
32,16.5,67.5,9,9,4.6,1567.48,"1"
32,16.5,67.5,9,9,4.6,1567.48,"1"
32,16.5,67.5,9,9,4.6,1567.48,"1"
32,16.5,67.5,9,9,4.6,1567.48,"1"
32,16.5,67.5,9,9,4.6,1567.48,"1"
32,16.5,67.5,9,9,4.6,1567.48,"1"
32,16.5,67.5,9,9,4.6,1567.48,"1"
32,16.5,67.5,9,9,4.6,1567.48,"1"
32,16.5,67.5,9,9,4.6,1567.48,"1"
32,16.5,67.5,14,9,4.6,1667.98,"1"
32,16.5,67.5,14,9,4.6,1667.98,"1"
32,16.5,67.5,9,9,4.6,1567.48,"1"
32,16.5,67.5,9,9,4.6,1567.48,"1"
32,16.5,67.5,9,9,4.6,1567.48,"1"
32,16.5,67.5,9,9,4.6,1567.48,"1"
32,16.5,67.5,9,9,4.6,1567.48,"1"
32,16.5,67.5,9,9,4.6,1567.48,"1"
32,16.5,67.5,9,9,4.6,1567.48,"1"
32,16.5,67.5,9,4,4.6,1318.48,"0"
32,16.5,67.5,9,9,4.6,1567.48,"1"
32,16.5,67.5,9,9,4.6,1567.48,"1"
32,16.5,67.5,9,9,4.6,1567.48,"1"
32,16.5,67.5,9,4,4.6,1318.48,"0"
32,16.5,67.5,9,9,4.6,1567.48,"1"
32,16.5,67.5,9,9,4.6,1567.48,"1"
32,16.5,67.5,9,9,4.6,1567.48,"1"
32,16.5,67.5,9,9,4.6,1567.48,"1"
32,16.5,67.5,9,9,4.6,1567.48,"1"
32,16.5,67.5,9,4,4.6,1318.48,"0"
32,16.5,67.5,9,4,4.6,1318.48,"0"
32,16.5,67.5,9,9,4.6,1567.48,"1"
32,16.5,67.5,9,9,4.6,1567.48,"1"
32,16.5,67.5,9,9,4.6,1567.48,"1"
32,16.5,67.5,9,9,4.6,1567.48,"1"
32,16.5,67.5,9,9,4.6,1567.48,"1"
32,16.5,67.5,9,9,4.6,1567.48,"1"
32,16.5,67.5,9,9,4.6,1567.48,"1"
32,16.5,67.5,9,9,4.6,1567.48,"1"
32,16.5,67.5,9,4,4.6,1318.48,"0"
32,16.5,67.5,9,4,4.6,1318.48,"0"
32,16.5,67.5,9,4,4.6,1318.48,"0"
32,16.5,67.5,14,4,4.6,1418.98,"0"
32,16.5,67.5,14,4,4.6,1418.98,"0"
32,16.5,67.5,9,4,4.6,1318.48,"0"
32,16.5,67.5,9,4,4.6,1318.48,"0"
32,16.5,67.5,9,4,4.6,1318.48,"0"
32,16.5,67.5,9,4,4.6,1318.48,"0"
32,16.5,67.5,9,4,4.6,1318.48,"0"
32,16.5,67.5,9,4,4.6,1318.48,"0"
32,16.5,67.5,9,4,4.6,1318.48,"0"
32,16.5,67.5,9,4,4.6,1318.48,"0"
32,16.5,67.5,9,4,4.6,1318.48,"0"
32,16.5,67.5,9,4,11.6,1348.58,"0"
32,16.5,67.5,14,4,11.6,1449.08,"0"
32,16.5,67.5,9,4,11.6,1348.58,"0"
32,16.5,67.5,9,4,11.6,1348.58,"0"
32,16.5,67.5,9,4,11.6,1348.58,"0"
32,16.5,67.5,9,4,11.6,1348.58,"0"
32,16.5,67.5,9,4,11.6,1348.58,"0"
32,16.5,67.5,9,4,11.6,1348.58,"0"
32,16.5,67.5,9,4,11.6,1348.58,"0"
32,16.5,67.5,9,4,11.6,1348.58,"0"
32,16.5,67.5,14,4,11.6,1449.08,"0"
32,16.5,67.5,9,4,11.6,1348.58,"0"
32,16.5,67.5,9,4,11.6,1348.58,"0"
32,16.5,67.5,9,4,11.6,1348.58,"0"
32,16.5,67.5,14,4,11.6,1449.08,"0"
32,16.5,67.5,9,4,11.6,1348.58,"0"
32,16.5,67.5,9,4,11.6,1348.58,"0"
32,16.5,67.5,9,4,11.6,1348.58,"0"
32,16.5,67.5,14,9,11.6,1698.08,"1"
32,16.5,67.5,14,4,11.6,1449.08,"0"
32,16.5,67.5,9,4,11.6,1348.58,"0"
32,16.5,67.5,9,4,11.6,1348.58,"0"
32,16.5,67.5,9,4,11.6,1348.58,"0"
32,16.5,67.5,9,4,11.6,1348.58,"0"
32,16.5,67.5,9,4,11.6,1348.58,"0"
32,16.5,67.5,9,4,11.6,1348.58,"0"
32,16.5,67.5,9,4,11.6,1348.58,"0"
32,16.5,67.5,9,4,11.6,1348.58,"0"
32,16.5,67.5,9,4,11.6,1348.58,"0"
32,16.5,67.5,14,4,11.6,1449.08,"0"
32,16.5,67.5,14,4,11.6,1449.08,"0"
32,16.5,67.5,14,4,11.6,1449.08,"0"
32,16.5,67.5,14,4,11.6,1449.08,"0"
32,16.5,67.5,14,9,11.6,1698.08,"1"
32,16.5,67.5,14,9,11.6,1698.08,"1"
32,16.5,67.5,19,9,11.6,1798.58,"1"
32,16.5,67.5,14,4,11.6,1449.08,"0"
32,16.5,67.5,14,4,11.6,1449.08,"0"
32,16.5,67.5,14,4,11.6,1449.08,"0"
32,16.5,67.5,14,4,11.6,1449.08,"0"
32,16.5,67.5,19,4,11.6,1549.58,"1"
32,16.5,67.5,19,4,11.6,1549.58,"1"
32,16.5,67.5,19,4,11.6,1549.58,"1"
32,16.5,67.5,19,4,11.6,1549.58,"1"
32,16.5,67.5,19,4,11.6,1549.58,"1"
32,16.5,67.5,14,4,11.6,1449.08,"0"
32,16.5,67.5,14,4,11.6,1449.08,"0"
32,16.5,67.5,14,4,11.6,1449.08,"0"
32,16.5,67.5,14,4,11.6,1449.08,"0"
32,16.5,67.5,14,4,11.6,1449.08,"0"
32,16.5,67.5,19,4,11.6,1549.58,"1"
32,16.5,67.5,19,4,11.6,1549.58,"1"
32,16.5,67.5,19,4,11.6,1549.58,"1"
32,16.5,67.5,19,4,11.6,1549.58,"1"
32,16.5,67.5,19,4,11.6,1549.58,"1"
32,16.5,67.5,14,4,11.6,1449.08,"0"
32,16.5,67.5,14,9,11.6,1698.08,"1"
32,16.5,67.5,14,9,11.6,1698.08,"1"
32,16.5,67.5,14,9,11.6,1698.08,"1"
32,16.5,67.5,14,4,11.6,1449.08,"0"
32,16.5,67.5,14,4,11.6,1449.08,"0"
32,16.5,67.5,14,4,11.6,1449.08,"0"
32,16.5,67.5,14,9,11.6,1698.08,"1"
32,16.5,67.5,14,9,11.6,1698.08,"1"
32,16.5,67.5,14,9,11.6,1698.08,"1"
32,16.5,67.5,14,4,11.6,1449.08,"0"
32,16.5,67.5,14,4,11.6,1449.08,"0"
32,16.5,67.5,14,4,11.6,1449.08,"0"
32,16.5,67.5,14,9,11.6,1698.08,"1"
32,16.5,67.5,14,9,11.6,1698.08,"1"
32,16.5,67.5,14,9,11.6,1698.08,"1"
32,16.5,67.5,14,9,11.6,1698.08,"1"
32,16.5,67.5,14,4,11.6,1449.08,"0"
32,16.5,67.5,14,4,11.6,1449.08,"0"
32,16.5,67.5,14,4,11.6,1449.08,"0"
32,16.5,67.5,14,4,11.6,1449.08,"0"
32,16.5,67.5,14,4,11.6,1449.08,"0"
32,16.5,67.5,14,4,11.6,1449.08,"0"
32,16.5,67.5,14,4,11.6,1449.08,"0"
32,16.5,67.5,14,4,11.6,1449.08,"0"
32,16.5,67.5,14,4,11.6,1449.08,"0"
32,16.5,67.5,14,4,11.6,1449.08,"0"
32,16.5,67.5,14,4,11.6,1449.08,"0"
32,16.5,67.5,14,4,11.6,1449.08,"0"
32,16.5,67.5,14,4,11.6,1449.08,"0"
32,16.5,67.5,14,9,11.6,1698.08,"1"
32,16.5,67.5,14,9,11.6,1698.08,"1"
32,16.5,67.5,14,9,11.6,1698.08,"1"
32,16.5,67.5,14,9,11.6,1698.08,"1"
32,16.5,67.5,14,9,11.6,1698.08,"1"
32,16.5,67.5,14,9,11.6,1698.08,"1"
32,16.5,67.5,14,9,11.6,1698.08,"1"
32,16.5,67.5,14,9,11.6,1698.08,"1"
32,16.5,67.5,14,9,11.6,1698.08,"1"
32,16.5,67.5,14,9,11.6,1698.08,"1"
32,16.5,67.5,14,9,11.6,1698.08,"1"
32,16.5,67.5,14,9,11.6,1698.08,"1"
32,16.5,67.5,14,9,11.6,1698.08,"1"
32,16.5,67.5,14,9,11.6,1698.08,"1"
32,16.5,67.5,14,9,11.6,1698.08,"1"
32,16.5,67.5,9,9,11.6,1597.58,"1"
32,16.5,67.5,14,9,11.6,1698.08,"1"
32,16.5,67.5,14,4,11.6,1449.08,"0"
32,16.5,67.5,14,4,11.6,1449.08,"0"
32,16.5,67.5,14,4,11.6,1449.08,"0"
32,16.5,67.5,14,9,11.6,1698.08,"1"
32,16.5,67.5,14,9,11.6,1698.08,"1"
32,16.5,67.5,14,9,11.6,1698.08,"1"
32,16.5,67.5,14,9,11.6,1698.08,"1"
32,16.5,67.5,14,9,11.6,1698.08,"1"
32,16.5,67.5,19,19,4.6,2266.48,"1"
32,16.5,67.5,19,24,4.6,2515.48,"1"
32,16.5,67.5,19,19,4.6,2266.48,"1"
32,16.5,67.5,9,4,11.6,1348.58,"0"
32,16.5,67.5,9,4,11.6,1348.58,"0"
32,16.5,67.5,9,4,11.6,1348.58,"0"
32,16.5,67.5,9,4,11.6,1348.58,"0"
32,16.5,67.5,9,4,11.6,1348.58,"0"
32,16.5,67.5,9,4,11.6,1348.58,"0"
32,16.5,67.5,9,4,11.6,1348.58,"0"
32,16.5,67.5,9,4,11.6,1348.58,"0"
32,16.5,67.5,24,9,4.6,1868.98,"1"
32,16.5,67.5,14,19,4.6,2165.98,"1"
32,16.5,67.5,14,9,4.6,1667.98,"1"
32,16.5,67.5,19,9,4.6,1768.48,"1"
32,16.5,67.5,14,9,4.6,1667.98,"1"
32,16.5,67.5,14,9,4.6,1667.98,"1"
32,16.5,67.5,14,9,4.6,1667.98,"1"
32,16.5,67.5,19,9,4.6,1768.48,"1"
32,16.5,67.5,14,9,11.6,1698.08,"1"
32,16.5,67.5,14,9,11.6,1698.08,"1"
32,16.5,67.5,14,9,11.6,1698.08,"1"
32,16.5,67.5,14,9,11.6,1698.08,"1"
32,16.5,67.5,14,9,11.6,1698.08,"1"
32,16.5,67.5,14,9,11.6,1698.08,"1"
32,16.5,67.5,14,9,11.6,1698.08,"1"
32,16.5,67.5,14,9,11.6,1698.08,"1"
32,16.5,67.5,14,9,11.6,1698.08,"1"
32,16.5,67.5,14,9,11.6,1698.08,"1"
32,16.5,67.5,14,9,11.6,1698.08,"1"
32,16.5,67.5,14,9,11.6,1698.08,"1"
32,16.5,67.5,14,9,4.6,1667.98,"1"
32,16.5,67.5,14,9,4.6,1667.98,"1"
32,16.5,67.5,14,9,4.6,1667.98,"1"
32,16.5,67.5,14,9,4.6,1667.98,"1"
32,16.5,67.5,14,9,4.6,1667.98,"1"
32,16.5,67.5,19,9,4.6,1768.48,"1"
32,16.5,67.5,14,9,4.6,1667.98,"1"
32,16.5,67.5,14,9,4.6,1667.98,"1"
32,16.5,67.5,14,9,4.6,1667.98,"1"
32,16.5,67.5,14,9,4.6,1667.98,"1"
32,16.5,67.5,14,9,4.6,1667.98,"1"
32,16.5,67.5,14,9,4.6,1667.98,"1"
32,16.5,67.5,14,9,4.6,1667.98,"1"
32,16.5,67.5,14,9,4.6,1667.98,"1"
32,16.5,67.5,14,9,4.6,1667.98,"1"
32,16.5,67.5,14,9,4.6,1667.98,"1"
32,16.5,67.5,14,9,4.6,1667.98,"1"
32,16.5,67.5,19,9,4.6,1768.48,"1"
32,16.5,67.5,14,9,4.6,1667.98,"1"
32,16.5,67.5,14,9,4.6,1667.98,"1"
32,16.5,67.5,14,9,4.6,1667.98,"1"
32,16.5,67.5,14,9,4.6,1667.98,"1"
32,16.5,67.5,14,9,4.6,1667.98,"1"
32,16.5,67.5,14,9,4.6,1667.98,"1"
32,16.5,67.5,14,9,4.6,1667.98,"1"
32,16.5,67.5,14,9,4.6,1667.98,"1"
32,16.5,67.5,14,9,4.6,1667.98,"1"
32,16.5,67.5,14,9,4.6,1667.98,"1"
32,16.5,67.5,14,9,4.6,1667.98,"1"
32,16.5,67.5,14,9,4.6,1667.98,"1"
32,16.5,67.5,9,9,4.6,1567.48,"1"
32,16.5,67.5,19,19,4.6,2266.48,"1"
32,16.5,67.5,14,4,4.6,1418.98,"0"
32,16.5,67.5,9,9,4.6,1567.48,"1"
32,16.5,67.5,14,9,11.6,1698.08,"1"
32,16.5,67.5,14,9,11.6,1698.08,"1"
32,16.5,67.5,9,9,11.6,1597.58,"1"
32,16.5,67.5,9,9,11.6,1597.58,"1"
32,16.5,67.5,14,9,11.6,1698.08,"1"
32,16.5,67.5,14,4,4.6,1418.98,"0"
32,16.5,67.5,9,4,4.6,1318.48,"0"
32,16.5,67.5,9,4,4.6,1318.48,"0"
32,16.5,67.5,9,4,4.6,1318.48,"0"
32,16.5,67.5,9,4,4.6,1318.48,"0"
32,16.5,67.5,9,4,4.6,1318.48,"0"
32,16.5,67.5,14,9,11.6,1698.08,"1"
32,16.5,67.5,9,4,4.6,1318.48,"0"
32,16.5,67.5,14,9,4.6,1667.98,"1"
32,16.5,67.5,14,9,4.6,1667.98,"1"
32,16.5,67.5,9,9,4.6,1567.48,"1"
32,16.5,67.5,14,9,4.6,1667.98,"1"
32,16.5,67.5,9,9,4.6,1567.48,"1"
32,16.5,67.5,9,9,4.6,1567.48,"1"
32,16.5,67.5,9,9,4.6,1567.48,"1"
32,16.5,67.5,14,9,4.6,1667.98,"1"
32,16.5,67.5,14,9,4.6,1667.98,"1"
32,16.5,67.5,14,9,4.6,1667.98,"1"
32,16.5,67.5,14,9,4.6,1667.98,"1"
32,16.5,67.5,14,9,4.6,1667.98,"1"
32,16.5,67.5,14,9,4.6,1667.98,"1"
32,16.5,67.5,14,9,4.6,1667.98,"1"
32,16.5,67.5,14,9,4.6,1667.98,"1"
32,16.5,67.5,14,9,4.6,1667.98,"1"
32,16.5,67.5,14,9,4.6,1667.98,"1"
32,16.5,67.5,14,9,4.6,1667.98,"1"
32,16.5,67.5,14,9,4.6,1667.98,"1"
32,16.5,67.5,9,9,4.6,1567.48,"1"
32,16.5,67.5,14,9,4.6,1667.98,"1"
32,16.5,67.5,14,9,4.6,1667.98,"1"
32,16.5,67.5,9,9,4.6,1567.48,"1"
32,16.5,67.5,9,9,4.6,1567.48,"1"
32,16.5,67.5,14,9,4.6,1667.98,"1"
32,16.5,67.5,14,9,4.6,1667.98,"1"
32,16.5,67.5,9,9,4.6,1567.48,"1"
32,16.5,67.5,9,9,4.6,1567.48,"1"
32,16.5,67.5,9,9,4.6,1567.48,"1"
32,16.5,67.5,9,9,4.6,1567.48,"1"
32,16.5,67.5,14,9,4.6,1667.98,"1"
32,16.5,67.5,14,9,4.6,1667.98,"1"
32,16.5,67.5,14,9,4.6,1667.98,"1"
32,16.5,67.5,14,9,4.6,1667.98,"1"
32,16.5,67.5,14,9,4.6,1667.98,"1"
32,16.5,67.5,14,9,4.6,1667.98,"1"
32,16.5,67.5,14,9,4.6,1667.98,"1"
32,16.5,67.5,14,9,4.6,1667.98,"1"
32,16.5,67.5,14,9,4.6,1667.98,"1"
32,16.5,67.5,14,9,4.6,1667.98,"1"
32,16.5,67.5,14,9,4.6,1667.98,"1"
32,16.5,67.5,14,9,4.6,1667.98,"1"
32,16.5,67.5,14,9,4.6,1667.98,"1"
32,16.5,67.5,9,9,4.6,1567.48,"1"
32,16.5,67.5,14,9,4.6,1667.98,"1"
32,16.5,67.5,14,9,4.6,1667.98,"1"
32,16.5,67.5,14,9,4.6,1667.98,"1"
32,16.5,67.5,14,9,4.6,1667.98,"1"
32,16.5,67.5,14,9,4.6,1667.98,"1"
32,16.5,67.5,19,9,4.6,1768.48,"1"
32,16.5,67.5,14,9,4.6,1667.98,"1"
32,16.5,67.5,14,9,4.6,1667.98,"1"
32,16.5,67.5,19,9,4.6,1768.48,"1"
32,16.5,67.5,19,9,4.6,1768.48,"1"
32,16.5,67.5,19,9,4.6,1768.48,"1"
32,16.5,67.5,19,9,4.6,1768.48,"1"
32,16.5,67.5,19,9,4.6,1768.48,"1"
32,16.5,67.5,19,9,4.6,1768.48,"1"
32,16.5,67.5,19,9,4.6,1768.48,"1"
32,16.5,67.5,19,9,4.6,1768.48,"1"
32,16.5,67.5,19,9,4.6,1768.48,"1"
32,16.5,67.5,19,9,4.6,1768.48,"1"
32,16.5,67.5,14,9,4.6,1667.98,"1"
32,16.5,67.5,14,9,4.6,1667.98,"1"
32,16.5,67.5,14,9,4.6,1667.98,"1"
32,16.5,67.5,19,9,4.6,1768.48,"1"
32,16.5,67.5,19,9,4.6,1768.48,"1"
32,16.5,67.5,19,9,4.6,1768.48,"1"
32,16.5,67.5,19,9,4.6,1768.48,"1"
32,16.5,67.5,19,9,4.6,1768.48,"1"
32,16.5,67.5,19,9,4.6,1768.48,"1"
32,16.5,67.5,19,9,4.6,1768.48,"1"
32,16.5,67.5,19,9,4.6,1768.48,"1"
32,16.5,67.5,19,9,4.6,1768.48,"1"
32,16.5,67.5,14,9,4.6,1667.98,"1"
32,16.5,67.5,19,9,4.6,1768.48,"1"
32,16.5,67.5,14,9,4.6,1667.98,"1"
32,16.5,67.5,14,9,4.6,1667.98,"1"
32,16.5,67.5,14,9,4.6,1667.98,"1"
32,16.5,67.5,14,9,4.6,1667.98,"1"
32,16.5,67.5,14,9,4.6,1667.98,"1"
32,16.5,67.5,14,9,4.6,1667.98,"1"
32,16.5,67.5,14,9,4.6,1667.98,"1"
32,16.5,67.5,14,9,4.6,1667.98,"1"
32,16.5,67.5,19,9,4.6,1768.48,"1"
32,16.5,67.5,19,9,4.6,1768.48,"1"
32,16.5,67.5,19,9,4.6,1768.48,"1"
32,16.5,67.5,19,9,4.6,1768.48,"1"
32,16.5,67.5,14,9,4.6,1667.98,"1"
32,16.5,67.5,14,9,4.6,1667.98,"1"
32,16.5,67.5,14,9,4.6,1667.98,"1"
32,16.5,67.5,14,9,4.6,1667.98,"1"
32,16.5,67.5,14,9,4.6,1667.98,"1"
32,16.5,67.5,14,9,4.6,1667.98,"1"
32,16.5,67.5,9,19,4.6,2065.48,"1"
32,16.5,67.5,9,19,4.6,2065.48,"1"
32,16.5,67.5,14,19,4.6,2165.98,"1"
32,16.5,67.5,14,19,4.6,2165.98,"1"
32,16.5,67.5,9,19,4.6,2065.48,"1"
32,16.5,67.5,9,19,4.6,2065.48,"1"
32,16.5,67.5,9,19,4.6,2065.48,"1"
32,16.5,67.5,9,19,4.6,2065.48,"1"
32,16.5,67.5,9,19,4.6,2065.48,"1"
32,16.5,67.5,9,19,4.6,2065.48,"1"
32,16.5,67.5,9,19,4.6,2065.48,"1"
32,16.5,67.5,9,19,4.6,2065.48,"1"
32,16.5,67.5,9,19,4.6,2065.48,"1"
32,16.5,67.5,9,19,4.6,2065.48,"1"
32,16.5,67.5,9,19,4.6,2065.48,"1"
32,16.5,67.5,14,9,4.6,1667.98,"1"
32,16.5,67.5,9,9,4.6,1567.48,"1"
32,16.5,67.5,14,9,4.6,1667.98,"1"
32,16.5,67.5,9,19,4.6,2065.48,"1"
32,16.5,67.5,9,19,4.6,2065.48,"1"
32,16.5,67.5,9,19,4.6,2065.48,"1"
32,16.5,67.5,9,19,4.6,2065.48,"1"
32,16.5,67.5,9,19,4.6,2065.48,"1"
32,16.5,67.5,9,19,4.6,2065.48,"1"
32,16.5,67.5,9,19,4.6,2065.48,"1"
32,16.5,67.5,14,19,4.6,2165.98,"1"
32,16.5,67.5,14,19,4.6,2165.98,"1"
32,16.5,67.5,14,19,4.6,2165.98,"1"
32,16.5,67.5,14,19,4.6,2165.98,"1"
32,16.5,67.5,14,9,4.6,1667.98,"1"
32,16.5,67.5,24,4,11.6,1650.08,"1"
32,16.5,67.5,19,4,11.6,1549.58,"1"
32,16.5,67.5,24,4,11.6,1650.08,"1"
32,16.5,67.5,24,4,11.6,1650.08,"1"
32,16.5,67.5,9,4,11.6,1348.58,"0"
32,16.5,67.5,9,4,11.6,1348.58,"0"
32,16.5,67.5,14,4,11.6,1449.08,"0"
32,16.5,67.5,14,4,11.6,1449.08,"0"
32,16.5,67.5,19,4,11.6,1549.58,"1"
32,16.5,67.5,19,4,11.6,1549.58,"1"
32,16.5,67.5,19,4,11.6,1549.58,"1"
32,16.5,67.5,19,4,11.6,1549.58,"1"
32,16.5,67.5,19,4,11.6,1549.58,"1"
32,16.5,67.5,19,4,11.6,1549.58,"1"
32,16.5,67.5,14,9,4.6,1667.98,"1"
32,16.5,67.5,14,9,4.6,1667.98,"1"
32,16.5,67.5,14,9,4.6,1667.98,"1"
32,16.5,67.5,14,9,4.6,1667.98,"1"
32,16.5,67.5,14,9,4.6,1667.98,"1"
32,16.5,67.5,14,9,4.6,1667.98,"1"
32,16.5,67.5,14,9,4.6,1667.98,"1"
32,16.5,67.5,14,9,4.6,1667.98,"1"
32,16.5,67.5,14,9,4.6,1667.98,"1"
32,16.5,67.5,14,9,4.6,1667.98,"1"
32,16.5,67.5,14,9,4.6,1667.98,"1"
32,16.5,67.5,14,9,4.6,1667.98,"1"
32,16.5,67.5,14,9,4.6,1667.98,"1"
32,16.5,67.5,14,9,4.6,1667.98,"1"
32,16.5,67.5,19,9,4.6,1768.48,"1"
32,16.5,67.5,19,9,4.6,1768.48,"1"
32,16.5,67.5,19,9,4.6,1768.48,"1"
32,16.5,67.5,19,9,4.6,1768.48,"1"
32,16.5,67.5,19,9,4.6,1768.48,"1"
32,16.5,67.5,19,9,4.6,1768.48,"1"
32,16.5,67.5,19,9,4.6,1768.48,"1"
32,16.5,67.5,19,9,4.6,1768.48,"1"
32,16.5,67.5,19,9,4.6,1768.48,"1"
32,16.5,67.5,19,9,4.6,1768.48,"1"
32,16.5,67.5,19,9,4.6,1768.48,"1"
32,16.5,67.5,19,9,4.6,1768.48,"1"
32,16.5,67.5,14,9,4.6,1667.98,"1"
32,16.5,67.5,14,9,4.6,1667.98,"1"
32,16.5,67.5,14,9,4.6,1667.98,"1"
32,16.5,67.5,14,9,4.6,1667.98,"1"
32,16.5,67.5,14,9,4.6,1667.98,"1"
32,16.5,67.5,14,9,4.6,1667.98,"1"
32,16.5,67.5,19,9,4.6,1768.48,"1"
32,16.5,67.5,19,9,4.6,1768.48,"1"
32,16.5,67.5,19,9,4.6,1768.48,"1"
32,16.5,67.5,19,9,4.6,1768.48,"1"
32,16.5,67.5,19,9,4.6,1768.48,"1"
32,16.5,67.5,19,9,4.6,1768.48,"1"
32,16.5,67.5,19,9,4.6,1768.48,"1"
32,16.5,67.5,19,4,4.6,1519.48,"1"
32,16.5,67.5,19,9,4.6,1768.48,"1"
32,16.5,67.5,14,9,4.6,1667.98,"1"
32,16.5,67.5,14,4,4.6,1418.98,"0"
32,16.5,67.5,19,19,4.6,2266.48,"1"
32,16.5,67.5,19,19,4.6,2266.48,"1"
32,16.5,67.5,14,4,4.6,1418.98,"0"
32,16.5,67.5,14,4,4.6,1418.98,"0"
32,16.5,67.5,14,9,4.6,1667.98,"1"
32,16.5,67.5,14,9,4.6,1667.98,"1"
32,16.5,67.5,14,19,4.6,2165.98,"1"
32,16.5,67.5,14,9,4.6,1667.98,"1"
32,16.5,67.5,19,9,4.6,1768.48,"1"
32,16.5,67.5,14,19,4.6,2165.98,"1"
32,16.5,67.5,14,9,4.6,1667.98,"1"
32,16.5,67.5,19,9,4.6,1768.48,"1"
32,16.5,67.5,14,9,4.6,1667.98,"1"
32,16.5,67.5,14,19,4.6,2165.98,"1"
32,16.5,67.5,19,9,4.6,1768.48,"1"
32,16.5,67.5,19,9,4.6,1768.48,"1"
32,16.5,67.5,24,9,4.6,1868.98,"1"
32,16.5,67.5,29,9,4.6,1969.48,"1"
32,16.5,67.5,29,9,4.6,1969.48,"1"
32,16.5,67.5,24,9,4.6,1868.98,"1"
32,16.5,67.5,24,9,4.6,1868.98,"1"
32,16.5,67.5,24,9,4.6,1868.98,"1"
32,16.5,67.5,24,9,4.6,1868.98,"1"
32,16.5,67.5,24,9,4.6,1868.98,"1"
32,16.5,67.5,24,9,4.6,1868.98,"1"
32,16.5,67.5,19,9,4.6,1768.48,"1"
32,16.5,67.5,19,9,4.6,1768.48,"1"
32,16.5,67.5,19,9,4.6,1768.48,"1"
32,16.5,67.5,19,9,4.6,1768.48,"1"
32,16.5,67.5,19,9,4.6,1768.48,"1"
32,16.5,67.5,19,9,4.6,1768.48,"1"
32,16.5,67.5,24,9,4.6,1868.98,"1"
32,16.5,67.5,24,9,4.6,1868.98,"1"
32,16.5,67.5,14,9,4.6,1667.98,"1"
32,16.5,67.5,14,9,4.6,1667.98,"1"
32,16.5,67.5,14,9,4.6,1667.98,"1"
32,16.5,67.5,14,9,4.6,1667.98,"1"
32,16.5,67.5,14,9,4.6,1667.98,"1"
32,16.5,67.5,14,9,4.6,1667.98,"1"
32,16.5,67.5,14,9,4.6,1667.98,"1"
32,16.5,67.5,14,9,4.6,1667.98,"1"
32,16.5,67.5,14,9,4.6,1667.98,"1"
32,16.5,67.5,14,9,4.6,1667.98,"1"
32,16.5,67.5,14,9,4.6,1667.98,"1"
32,16.5,67.5,14,9,4.6,1667.98,"1"
32,16.5,67.5,14,9,4.6,1667.98,"1"
32,16.5,67.5,14,9,4.6,1667.98,"1"
32,16.5,67.5,19,9,4.6,1768.48,"1"
32,16.5,67.5,19,9,4.6,1768.48,"1"
32,16.5,67.5,24,9,4.6,1868.98,"1"
32,16.5,67.5,19,9,4.6,1768.48,"1"
32,16.5,67.5,19,9,4.6,1768.48,"1"
32,16.5,67.5,14,9,4.6,1667.98,"1"
32,16.5,67.5,19,9,4.6,1768.48,"1"
32,16.5,67.5,19,9,4.6,1768.48,"1"
32,16.5,67.5,14,9,4.6,1667.98,"1"
32,16.5,67.5,14,9,4.6,1667.98,"1"
32,16.5,67.5,14,9,4.6,1667.98,"1"
32,16.5,67.5,14,9,4.6,1667.98,"1"
32,16.5,67.5,14,9,4.6,1667.98,"1"
32,16.5,67.5,14,9,4.6,1667.98,"1"
32,16.5,67.5,19,9,4.6,1768.48,"1"
32,16.5,67.5,19,9,4.6,1768.48,"1"
32,16.5,67.5,14,9,4.6,1667.98,"1"
32,16.5,67.5,14,9,4.6,1667.98,"1"
32,16.5,67.5,14,9,4.6,1667.98,"1"
32,16.5,67.5,14,9,4.6,1667.98,"1"
32,16.5,67.5,14,9,4.6,1667.98,"1"
32,16.5,67.5,14,9,4.6,1667.98,"1"
32,16.5,67.5,14,9,4.6,1667.98,"1"
32,16.5,67.5,14,9,4.6,1667.98,"1"
32,16.5,67.5,19,19,4.6,2266.48,"1"
32,16.5,67.5,19,19,4.6,2266.48,"1"
32,16.5,67.5,24,9,4.6,1868.98,"1"
32,16.5,67.5,19,9,4.6,1768.48,"1"
32,16.5,67.5,14,9,4.6,1667.98,"1"
32,16.5,67.5,19,9,4.6,1768.48,"1"
32,16.5,67.5,19,9,4.6,1768.48,"1"
32,16.5,67.5,19,9,4.6,1768.48,"1"
32,16.5,67.5,14,9,4.6,1667.98,"1"
32,16.5,67.5,14,9,4.6,1667.98,"1"
32,16.5,67.5,14,9,4.6,1667.98,"1"
32,16.5,67.5,14,9,4.6,1667.98,"1"
32,16.5,67.5,14,9,4.6,1667.98,"1"
32,16.5,67.5,19,9,4.6,1768.48,"1"
32,16.5,67.5,19,9,4.6,1768.48,"1"
32,16.5,67.5,19,9,4.6,1768.48,"1"
32,16.5,67.5,19,9,4.6,1768.48,"1"
32,16.5,67.5,14,9,4.6,1667.98,"1"
32,16.5,67.5,14,9,4.6,1667.98,"1"
32,16.5,67.5,19,9,4.6,1768.48,"1"
32,16.5,67.5,19,9,4.6,1768.48,"1"
32,16.5,67.5,19,9,4.6,1768.48,"1"
32,16.5,67.5,19,9,4.6,1768.48,"1"
32,16.5,67.5,19,9,4.6,1768.48,"1"
32,16.5,67.5,19,9,4.6,1768.48,"1"
32,16.5,67.5,19,9,4.6,1768.48,"1"
32,16.5,67.5,19,9,4.6,1768.48,"1"
32,16.5,67.5,19,9,4.6,1768.48,"1"
32,16.5,67.5,14,9,4.6,1667.98,"1"
32,16.5,67.5,14,9,4.6,1667.98,"1"
32,16.5,67.5,14,9,4.6,1667.98,"1"
32,16.5,67.5,14,9,4.6,1667.98,"1"
32,16.5,67.5,14,9,4.6,1667.98,"1"
32,16.5,67.5,19,9,4.6,1768.48,"1"
32,16.5,67.5,19,9,4.6,1768.48,"1"
32,16.5,67.5,19,9,4.6,1768.48,"1"
32,16.5,67.5,19,9,4.6,1768.48,"1"
32,16.5,67.5,19,9,4.6,1768.48,"1"
32,16.5,67.5,19,9,4.6,1768.48,"1"
32,16.5,67.5,19,9,4.6,1768.48,"1"
32,16.5,67.5,19,9,4.6,1768.48,"1"
32,16.5,67.5,14,9,4.6,1667.98,"1"
32,16.5,67.5,19,9,4.6,1768.48,"1"
32,16.5,67.5,14,9,4.6,1667.98,"1"
32,16.5,67.5,14,9,4.6,1667.98,"1"
32,16.5,67.5,19,9,4.6,1768.48,"1"
32,16.5,67.5,19,9,4.6,1768.48,"1"
32,16.5,67.5,19,9,4.6,1768.48,"1"
32,16.5,67.5,14,9,4.6,1667.98,"1"
32,16.5,67.5,14,9,4.6,1667.98,"1"
32,16.5,67.5,14,9,4.6,1667.98,"1"
32,16.5,67.5,14,9,4.6,1667.98,"1"
32,16.5,67.5,14,9,4.6,1667.98,"1"
32,16.5,67.5,14,9,4.6,1667.98,"1"
32,16.5,67.5,14,9,4.6,1667.98,"1"
32,16.5,67.5,19,9,4.6,1768.48,"1"
32,16.5,67.5,19,9,4.6,1768.48,"1"
32,16.5,67.5,14,9,4.6,1667.98,"1"
32,16.5,67.5,14,9,4.6,1667.98,"1"
32,16.5,67.5,14,9,4.6,1667.98,"1"
32,16.5,67.5,14,9,4.6,1667.98,"1"
32,16.5,67.5,14,9,4.6,1667.98,"1"
32,16.5,67.5,19,9,4.6,1768.48,"1"
32,16.5,67.5,19,9,4.6,1768.48,"1"
32,16.5,67.5,14,9,4.6,1667.98,"1"
32,16.5,67.5,14,9,4.6,1667.98,"1"
32,16.5,67.5,14,9,4.6,1667.98,"1"
32,16.5,67.5,14,9,4.6,1667.98,"1"
32,16.5,67.5,19,9,4.6,1768.48,"1"
32,16.5,67.5,14,9,4.6,1667.98,"1"
32,16.5,67.5,14,9,4.6,1667.98,"1"
32,16.5,67.5,14,9,4.6,1667.98,"1"
32,16.5,67.5,14,9,4.6,1667.98,"1"
32,16.5,67.5,14,9,4.6,1667.98,"1"
32,16.5,67.5,14,9,4.6,1667.98,"1"
32,16.5,67.5,14,9,4.6,1667.98,"1"
32,16.5,67.5,14,9,4.6,1667.98,"1"
32,16.5,67.5,14,9,4.6,1667.98,"1"
32,16.5,67.5,14,9,4.6,1667.98,"1"
32,16.5,67.5,14,9,4.6,1667.98,"1"
32,16.5,67.5,14,9,4.6,1667.98,"1"
32,16.5,67.5,14,9,4.6,1667.98,"1"
32,16.5,67.5,14,9,4.6,1667.98,"1"
32,16.5,67.5,19,9,4.6,1768.48,"1"
32,16.5,67.5,19,9,4.6,1768.48,"1"
32,16.5,67.5,19,9,4.6,1768.48,"1"
32,16.5,67.5,19,9,4.6,1768.48,"1"
32,16.5,67.5,14,9,4.6,1667.98,"1"
32,16.5,67.5,14,9,4.6,1667.98,"1"
32,16.5,67.5,14,9,4.6,1667.98,"1"
32,16.5,67.5,14,9,4.6,1667.98,"1"
32,16.5,67.5,14,9,4.6,1667.98,"1"
32,16.5,67.5,14,9,4.6,1667.98,"1"
32,16.5,67.5,14,9,4.6,1667.98,"1"
32,16.5,67.5,14,9,4.6,1667.98,"1"
32,16.5,67.5,14,9,4.6,1667.98,"1"
32,16.5,67.5,14,9,4.6,1667.98,"1"
32,16.5,67.5,14,9,4.6,1667.98,"1"
32,16.5,67.5,14,9,4.6,1667.98,"1"
32,16.5,67.5,14,9,4.6,1667.98,"1"
32,16.5,67.5,14,9,4.6,1667.98,"1"
32,16.5,67.5,14,9,4.6,1667.98,"1"
32,16.5,67.5,14,9,4.6,1667.98,"1"
32,16.5,67.5,14,9,4.6,1667.98,"1"
32,16.5,67.5,14,9,4.6,1667.98,"1"
32,16.5,67.5,14,9,4.6,1667.98,"1"
32,16.5,67.5,14,9,4.6,1667.98,"1"
32,16.5,67.5,14,9,4.6,1667.98,"1"
32,16.5,67.5,14,9,4.6,1667.98,"1"
32,16.5,67.5,14,9,4.6,1667.98,"1"
32,16.5,67.5,14,9,4.6,1667.98,"1"
32,16.5,67.5,14,9,4.6,1667.98,"1"
32,16.5,67.5,14,9,4.6,1667.98,"1"
32,16.5,67.5,14,9,4.6,1667.98,"1"
32,16.5,67.5,14,9,4.6,1667.98,"1"
32,16.5,67.5,19,9,4.6,1768.48,"1"
32,16.5,67.5,14,9,4.6,1667.98,"1"
32,16.5,67.5,14,9,4.6,1667.98,"1"
32,16.5,67.5,14,9,4.6,1667.98,"1"
32,16.5,67.5,14,9,4.6,1667.98,"1"
32,16.5,67.5,14,9,4.6,1667.98,"1"
32,16.5,67.5,14,9,4.6,1667.98,"1"
32,16.5,67.5,14,9,4.6,1667.98,"1"
32,16.5,67.5,14,9,4.6,1667.98,"1"
32,16.5,67.5,14,9,4.6,1667.98,"1"
32,16.5,67.5,14,9,4.6,1667.98,"1"
32,16.5,67.5,14,9,4.6,1667.98,"1"
32,16.5,67.5,14,9,4.6,1667.98,"1"
32,16.5,67.5,14,9,4.6,1667.98,"1"
32,16.5,67.5,14,9,4.6,1667.98,"1"
32,16.5,67.5,14,9,4.6,1667.98,"1"
32,16.5,67.5,14,9,4.6,1667.98,"1"
32,16.5,67.5,14,9,4.6,1667.98,"1"
32,16.5,67.5,14,9,4.6,1667.98,"1"
32,16.5,67.5,14,9,4.6,1667.98,"1"
32,16.5,67.5,14,9,4.6,1667.98,"1"
32,16.5,67.5,14,9,4.6,1667.98,"1"
32,16.5,67.5,14,9,4.6,1667.98,"1"
32,16.5,67.5,14,9,4.6,1667.98,"1"
32,16.5,67.5,14,9,4.6,1667.98,"1"
32,16.5,67.5,14,9,4.6,1667.98,"1"
32,16.5,67.5,14,9,4.6,1667.98,"1"
32,16.5,67.5,14,9,4.6,1667.98,"1"
32,16.5,67.5,14,9,4.6,1667.98,"1"
32,16.5,67.5,14,9,4.6,1667.98,"1"
32,16.5,67.5,19,9,4.6,1768.48,"1"
32,16.5,67.5,19,9,4.6,1768.48,"1"
32,16.5,67.5,14,9,4.6,1667.98,"1"
32,16.5,67.5,14,9,4.6,1667.98,"1"
32,16.5,67.5,19,9,4.6,1768.48,"1"
32,16.5,67.5,19,9,4.6,1768.48,"1"
32,16.5,67.5,19,9,4.6,1768.48,"1"
32,16.5,67.5,14,9,4.6,1667.98,"1"
32,16.5,67.5,14,9,4.6,1667.98,"1"
32,16.5,67.5,14,9,4.6,1667.98,"1"
32,16.5,67.5,14,9,4.6,1667.98,"1"
32,16.5,67.5,14,9,4.6,1667.98,"1"
32,16.5,67.5,14,9,4.6,1667.98,"1"
32,16.5,67.5,14,9,4.6,1667.98,"1"
32,16.5,67.5,14,9,4.6,1667.98,"1"
32,16.5,67.5,14,9,4.6,1667.98,"1"
32,16.5,67.5,14,9,4.6,1667.98,"1"
32,16.5,67.5,14,9,4.6,1667.98,"1"
32,16.5,67.5,14,9,4.6,1667.98,"1"
32,16.5,67.5,14,9,4.6,1667.98,"1"
32,16.5,67.5,14,9,4.6,1667.98,"1"
32,16.5,67.5,14,9,4.6,1667.98,"1"
32,16.5,67.5,14,9,4.6,1667.98,"1"
32,16.5,67.5,14,9,4.6,1667.98,"1"
32,16.5,67.5,14,9,4.6,1667.98,"1"
32,16.5,67.5,14,9,4.6,1667.98,"1"
32,16.5,67.5,14,9,4.6,1667.98,"1"
32,16.5,67.5,19,9,4.6,1768.48,"1"
32,16.5,67.5,14,9,4.6,1667.98,"1"
32,16.5,67.5,14,9,4.6,1667.98,"1"
32,16.5,67.5,14,9,4.6,1667.98,"1"
32,16.5,67.5,19,9,4.6,1768.48,"1"
32,16.5,67.5,19,9,4.6,1768.48,"1"
32,16.5,67.5,14,9,4.6,1667.98,"1"
32,16.5,67.5,14,9,4.6,1667.98,"1"
32,16.5,67.5,14,9,4.6,1667.98,"1"
32,16.5,67.5,14,9,4.6,1667.98,"1"
32,16.5,67.5,14,9,4.6,1667.98,"1"
32,16.5,67.5,14,9,4.6,1667.98,"1"
32,16.5,67.5,14,9,4.6,1667.98,"1"
32,16.5,67.5,14,9,4.6,1667.98,"1"
32,16.5,67.5,14,9,4.6,1667.98,"1"
32,16.5,67.5,19,9,4.6,1768.48,"1"
32,16.5,67.5,19,9,4.6,1768.48,"1"
32,16.5,67.5,19,9,4.6,1768.48,"1"
32,16.5,67.5,19,9,4.6,1768.48,"1"
32,16.5,67.5,14,9,4.6,1667.98,"1"
32,16.5,67.5,19,9,4.6,1768.48,"1"
32,16.5,67.5,19,9,4.6,1768.48,"1"
32,16.5,67.5,19,9,4.6,1768.48,"1"
32,16.5,67.5,14,9,4.6,1667.98,"1"
32,16.5,67.5,14,19,4.6,2165.98,"1"
32,16.5,67.5,14,9,4.6,1667.98,"1"
32,16.5,67.5,14,9,4.6,1667.98,"1"
32,16.5,67.5,14,9,4.6,1667.98,"1"
32,16.5,67.5,14,9,4.6,1667.98,"1"
32,16.5,67.5,14,9,4.6,1667.98,"1"
32,16.5,67.5,14,9,4.6,1667.98,"1"
32,16.5,67.5,14,9,4.6,1667.98,"1"
32,16.5,67.5,14,9,4.6,1667.98,"1"
32,16.5,67.5,14,9,4.6,1667.98,"1"
32,16.5,67.5,14,9,4.6,1667.98,"1"
32,16.5,67.5,14,9,4.6,1667.98,"1"
32,16.5,67.5,14,9,4.6,1667.98,"1"
32,16.5,67.5,9,9,4.6,1567.48,"1"
32,16.5,67.5,9,9,4.6,1567.48,"1"
32,16.5,67.5,9,9,4.6,1567.48,"1"
32,16.5,67.5,9,9,4.6,1567.48,"1"
32,16.5,67.5,14,9,4.6,1667.98,"1"
32,16.5,67.5,14,9,4.6,1667.98,"1"
32,16.5,67.5,14,9,4.6,1667.98,"1"
32,16.5,67.5,14,9,4.6,1667.98,"1"
32,16.5,67.5,14,9,4.6,1667.98,"1"
32,16.5,67.5,14,9,4.6,1667.98,"1"
32,16.5,67.5,14,9,4.6,1667.98,"1"
32,16.5,67.5,14,9,4.6,1667.98,"1"
32,16.5,67.5,14,9,4.6,1667.98,"1"
32,16.5,67.5,14,9,4.6,1667.98,"1"
32,16.5,67.5,14,9,4.6,1667.98,"1"
32,16.5,67.5,14,9,4.6,1667.98,"1"
32,16.5,67.5,14,9,4.6,1667.98,"1"
32,16.5,67.5,14,9,4.6,1667.98,"1"
32,16.5,67.5,14,9,4.6,1667.98,"1"
32,16.5,67.5,14,9,4.6,1667.98,"1"
32,16.5,67.5,14,9,4.6,1667.98,"1"
32,16.5,67.5,14,9,4.6,1667.98,"1"
32,16.5,67.5,14,9,4.6,1667.98,"1"
32,16.5,67.5,14,9,4.6,1667.98,"1"
32,16.5,67.5,14,9,4.6,1667.98,"1"
32,16.5,67.5,14,9,4.6,1667.98,"1"
32,16.5,67.5,14,9,4.6,1667.98,"1"
32,16.5,67.5,14,9,4.6,1667.98,"1"
32,16.5,67.5,14,9,4.6,1667.98,"1"
32,16.5,67.5,14,9,4.6,1667.98,"1"
32,16.5,67.5,14,9,4.6,1667.98,"1"
32,16.5,67.5,14,9,4.6,1667.98,"1"
32,16.5,67.5,14,9,4.6,1667.98,"1"
32,16.5,67.5,14,9,4.6,1667.98,"1"
32,16.5,67.5,14,9,4.6,1667.98,"1"
32,16.5,67.5,14,9,4.6,1667.98,"1"
32,16.5,67.5,14,9,4.6,1667.98,"1"
32,16.5,67.5,14,9,4.6,1667.98,"1"
32,16.5,67.5,14,9,4.6,1667.98,"1"
32,16.5,67.5,14,9,4.6,1667.98,"1"
32,16.5,67.5,14,9,4.6,1667.98,"1"
32,16.5,67.5,14,9,4.6,1667.98,"1"
32,16.5,67.5,14,9,4.6,1667.98,"1"
32,16.5,67.5,14,9,4.6,1667.98,"1"
32,16.5,67.5,14,9,4.6,1667.98,"1"
32,16.5,67.5,14,9,4.6,1667.98,"1"
32,16.5,67.5,14,9,4.6,1667.98,"1"
32,16.5,67.5,14,9,4.6,1667.98,"1"
32,16.5,67.5,14,9,4.6,1667.98,"1"
32,16.5,67.5,14,9,4.6,1667.98,"1"
32,16.5,67.5,14,9,4.6,1667.98,"1"
32,16.5,67.5,14,9,4.6,1667.98,"1"
32,16.5,67.5,14,9,4.6,1667.98,"1"
32,16.5,67.5,14,9,4.6,1667.98,"1"
32,16.5,67.5,14,9,4.6,1667.98,"1"
32,16.5,67.5,14,9,4.6,1667.98,"1"
32,16.5,67.5,14,9,4.6,1667.98,"1"
32,16.5,67.5,14,9,4.6,1667.98,"1"
32,16.5,67.5,14,9,4.6,1667.98,"1"
32,16.5,67.5,14,9,4.6,1667.98,"1"
32,16.5,67.5,14,9,4.6,1667.98,"1"
32,16.5,67.5,14,9,4.6,1667.98,"1"
32,16.5,67.5,14,9,4.6,1667.98,"1"
32,16.5,67.5,14,9,4.6,1667.98,"1"
32,16.5,67.5,14,9,4.6,1667.98,"1"
32,16.5,67.5,14,9,4.6,1667.98,"1"
32,16.5,67.5,14,9,4.6,1667.98,"1"
32,16.5,67.5,14,9,4.6,1667.98,"1"
32,16.5,67.5,19,9,4.6,1768.48,"1"
32,16.5,67.5,19,9,4.6,1768.48,"1"
32,16.5,67.5,19,9,4.6,1768.48,"1"
32,16.5,67.5,19,9,4.6,1768.48,"1"
32,16.5,67.5,24,9,4.6,1868.98,"1"
32,16.5,67.5,24,9,4.6,1868.98,"1"
32,16.5,67.5,24,9,4.6,1868.98,"1"
32,16.5,67.5,24,9,4.6,1868.98,"1"
32,16.5,67.5,24,9,4.6,1868.98,"1"
32,16.5,67.5,24,9,4.6,1868.98,"1"
32,16.5,67.5,24,9,4.6,1868.98,"1"
32,16.5,67.5,24,9,4.6,1868.98,"1"
32,16.5,67.5,19,9,4.6,1768.48,"1"
32,16.5,67.5,19,9,4.6,1768.48,"1"
32,16.5,67.5,24,9,4.6,1868.98,"1"
32,16.5,67.5,24,9,4.6,1868.98,"1"
32,16.5,67.5,24,9,4.6,1868.98,"1"
32,16.5,67.5,24,9,4.6,1868.98,"1"
32,16.5,67.5,19,9,4.6,1768.48,"1"
32,16.5,67.5,19,9,4.6,1768.48,"1"
32,16.5,67.5,19,9,4.6,1768.48,"1"
32,16.5,67.5,19,9,4.6,1768.48,"1"
32,16.5,67.5,19,9,4.6,1768.48,"1"
32,16.5,67.5,19,9,4.6,1768.48,"1"
32,16.5,67.5,19,9,4.6,1768.48,"1"
32,16.5,67.5,19,9,4.6,1768.48,"1"
32,16.5,67.5,19,9,4.6,1768.48,"1"
32,16.5,67.5,19,9,4.6,1768.48,"1"
32,16.5,67.5,19,9,4.6,1768.48,"1"
32,16.5,67.5,19,9,4.6,1768.48,"1"
32,16.5,67.5,19,9,4.6,1768.48,"1"
32,16.5,67.5,19,9,4.6,1768.48,"1"
32,16.5,67.5,19,9,4.6,1768.48,"1"
32,16.5,67.5,19,9,4.6,1768.48,"1"
32,16.5,67.5,19,9,4.6,1768.48,"1"
32,16.5,67.5,24,9,4.6,1868.98,"1"
32,16.5,67.5,19,9,4.6,1768.48,"1"
32,16.5,67.5,19,9,4.6,1768.48,"1"
32,16.5,67.5,19,9,4.6,1768.48,"1"
32,16.5,67.5,19,9,4.6,1768.48,"1"
32,16.5,67.5,19,9,4.6,1768.48,"1"
32,16.5,67.5,19,9,4.6,1768.48,"1"
32,16.5,67.5,19,9,4.6,1768.48,"1"
32,16.5,67.5,19,9,4.6,1768.48,"1"
32,16.5,67.5,19,9,4.6,1768.48,"1"
32,16.5,67.5,19,9,4.6,1768.48,"1"
32,16.5,67.5,19,9,4.6,1768.48,"1"
32,16.5,67.5,24,9,4.6,1868.98,"1"
32,16.5,67.5,24,9,4.6,1868.98,"1"
32,16.5,67.5,24,9,4.6,1868.98,"1"
32,16.5,67.5,24,9,4.6,1868.98,"1"
32,16.5,67.5,19,9,4.6,1768.48,"1"
32,16.5,67.5,24,9,4.6,1868.98,"1"
32,16.5,67.5,24,9,4.6,1868.98,"1"
32,16.5,67.5,24,9,4.6,1868.98,"1"
32,16.5,67.5,24,9,4.6,1868.98,"1"
32,16.5,67.5,24,9,4.6,1868.98,"1"
32,16.5,67.5,24,9,4.6,1868.98,"1"
32,16.5,67.5,24,9,4.6,1868.98,"1"
32,16.5,67.5,24,9,4.6,1868.98,"1"
32,16.5,67.5,19,9,4.6,1768.48,"1"
32,16.5,67.5,19,9,4.6,1768.48,"1"
32,16.5,67.5,24,9,4.6,1868.98,"1"
32,16.5,67.5,19,9,4.6,1768.48,"1"
32,16.5,67.5,24,9,4.6,1868.98,"1"
32,16.5,67.5,24,9,4.6,1868.98,"1"
32,16.5,67.5,24,9,4.6,1868.98,"1"
32,16.5,67.5,24,9,4.6,1868.98,"1"
32,16.5,67.5,19,9,4.6,1768.48,"1"
32,16.5,67.5,19,9,4.6,1768.48,"1"
32,16.5,67.5,19,9,4.6,1768.48,"1"
32,16.5,67.5,14,9,4.6,1667.98,"1"
32,16.5,67.5,14,29,4.6,2663.98,"1"
32,16.5,67.5,14,29,4.6,2663.98,"1"
32,16.5,67.5,14,29,4.6,2663.98,"1"
32,16.5,67.5,14,29,4.6,2663.98,"1"
32,16.5,67.5,14,29,4.6,2663.98,"1"
32,16.5,67.5,14,29,4.6,2663.98,"1"
32,16.5,67.5,9,29,4.6,2563.48,"1"
32,16.5,67.5,9,29,4.6,2563.48,"1"
32,16.5,67.5,9,29,4.6,2563.48,"1"
32,16.5,67.5,9,29,4.6,2563.48,"1"
32,16.5,67.5,9,29,4.6,2563.48,"1"
32,16.5,67.5,14,29,4.6,2663.98,"1"
32,16.5,67.5,14,29,4.6,2663.98,"1"
32,16.5,67.5,14,29,4.6,2663.98,"1"
32,16.5,67.5,14,29,4.6,2663.98,"1"
32,16.5,67.5,9,29,4.6,2563.48,"1"
32,16.5,67.5,14,29,4.6,2663.98,"1"
32,16.5,67.5,14,24,4.6,2414.98,"1"
32,16.5,67.5,9,29,4.6,2563.48,"1"
32,16.5,67.5,9,29,4.6,2563.48,"1"
32,16.5,67.5,14,29,4.6,2663.98,"1"
32,16.5,67.5,14,29,4.6,2663.98,"1"
32,16.5,67.5,9,29,4.6,2563.48,"1"
32,16.5,67.5,9,29,4.6,2563.48,"1"
32,16.5,67.5,14,9,4.6,1667.98,"1"
32,16.5,67.5,9,9,4.6,1567.48,"1"
32,16.5,67.5,14,24,4.6,2414.98,"1"
32,16.5,67.5,9,24,4.6,2314.48,"1"
32,16.5,67.5,14,24,4.6,2414.98,"1"
32,16.5,67.5,14,24,4.6,2414.98,"1"
32,16.5,67.5,14,24,4.6,2414.98,"1"
32,16.5,67.5,9,24,4.6,2314.48,"1"
32,16.5,67.5,14,24,4.6,2414.98,"1"
32,16.5,67.5,4,9,4.6,1466.98,"1"
32,16.5,67.5,4,4,4.6,1217.98,"0"
32,16.5,67.5,4,4,4.6,1217.98,"0"
32,16.5,67.5,4,4,4.6,1217.98,"0"
32,16.5,67.5,4,4,4.6,1217.98,"0"
32,16.5,67.5,4,4,4.6,1217.98,"0"
32,16.5,67.5,4,4,4.6,1217.98,"0"
32,16.5,67.5,4,4,4.6,1217.98,"0"
32,16.5,67.5,4,4,4.6,1217.98,"0"
32,16.5,67.5,4,4,4.6,1217.98,"0"
32,16.5,67.5,4,4,4.6,1217.98,"0"
32,16.5,67.5,4,4,4.6,1217.98,"0"
32,16.5,67.5,19,4,4.6,1519.48,"1"
32,16.5,67.5,14,4,4.6,1418.98,"0"
32,16.5,67.5,19,4,4.6,1519.48,"1"
32,16.5,67.5,14,4,4.6,1418.98,"0"
32,16.5,67.5,14,4,4.6,1418.98,"0"
32,16.5,67.5,14,4,4.6,1418.98,"0"
32,16.5,67.5,14,4,4.6,1418.98,"0"
32,16.5,67.5,19,4,4.6,1519.48,"1"
32,16.5,67.5,14,4,4.6,1418.98,"0"
32,16.5,67.5,14,4,4.6,1418.98,"0"
32,16.5,67.5,19,4,4.6,1519.48,"1"
32,16.5,67.5,24,4,4.6,1619.98,"1"
32,16.5,67.5,19,4,4.6,1519.48,"1"
32,16.5,67.5,19,4,4.6,1519.48,"1"
32,16.5,67.5,24,4,4.6,1619.98,"1"
32,16.5,67.5,4,4,11.6,1248.08,"0"
32,16.5,67.5,4,4,4.6,1217.98,"0"
32,16.5,67.5,4,4,11.6,1248.08,"0"
32,16.5,67.5,4,4,11.6,1248.08,"0"
32,16.5,67.5,4,4,11.6,1248.08,"0"
32,16.5,67.5,4,4,11.6,1248.08,"0"
32,16.5,67.5,4,4,11.6,1248.08,"0"
32,16.5,67.5,4,4,11.6,1248.08,"0"
32,16.5,67.5,4,4,4.6,1217.98,"0"
32,16.5,67.5,4,4,4.6,1217.98,"0"
32,16.5,67.5,4,4,4.6,1217.98,"0"
32,16.5,67.5,4,4,4.6,1217.98,"0"
32,16.5,67.5,4,4,4.6,1217.98,"0"
32,16.5,67.5,4,4,4.6,1217.98,"0"
32,16.5,67.5,14,4,4.6,1418.98,"0"
32,16.5,67.5,9,4,11.6,1348.58,"0"
32,16.5,67.5,4,4,11.6,1248.08,"0"
32,16.5,67.5,9,4,11.6,1348.58,"0"
32,16.5,67.5,14,4,4.6,1418.98,"0"
32,16.5,67.5,19,4,4.6,1519.48,"1"
32,16.5,67.5,14,4,4.6,1418.98,"0"
32,16.5,67.5,14,4,4.6,1418.98,"0"
32,16.5,67.5,14,4,4.6,1418.98,"0"
32,16.5,67.5,14,4,4.6,1418.98,"0"
32,16.5,67.5,14,4,4.6,1418.98,"0"
32,16.5,67.5,14,4,4.6,1418.98,"0"
32,16.5,67.5,14,4,4.6,1418.98,"0"
32,16.5,67.5,14,4,4.6,1418.98,"0"
32,16.5,67.5,14,4,4.6,1418.98,"0"
32,16.5,67.5,14,4,4.6,1418.98,"0"
32,16.5,67.5,19,4,4.6,1519.48,"1"
32,16.5,67.5,14,4,4.6,1418.98,"0"
32,16.5,67.5,14,4,4.6,1418.98,"0"
32,16.5,67.5,19,4,4.6,1519.48,"1"
32,16.5,67.5,19,4,4.6,1519.48,"1"
32,16.5,67.5,14,4,4.6,1418.98,"0"
32,16.5,67.5,14,4,4.6,1418.98,"0"
32,16.5,67.5,14,4,4.6,1418.98,"0"
32,16.5,67.5,14,4,4.6,1418.98,"0"
32,16.5,67.5,19,4,4.6,1519.48,"1"
32,16.5,67.5,9,4,4.6,1318.48,"0"
32,16.5,67.5,19,4,4.6,1519.48,"1"
32,16.5,67.5,19,4,4.6,1519.48,"1"
32,16.5,67.5,9,4,4.6,1318.48,"0"
32,16.5,67.5,14,4,4.6,1418.98,"0"
32,16.5,67.5,14,4,4.6,1418.98,"0"
32,16.5,67.5,9,4,11.6,1348.58,"0"
32,16.5,67.5,14,4,4.6,1418.98,"0"
32,16.5,67.5,9,4,4.6,1318.48,"0"
32,16.5,67.5,14,4,4.6,1418.98,"0"
32,16.5,67.5,14,4,4.6,1418.98,"0"
32,16.5,67.5,14,4,4.6,1418.98,"0"
32,16.5,67.5,9,4,4.6,1318.48,"0"
32,16.5,67.5,9,4,4.6,1318.48,"0"
32,16.5,67.5,9,4,4.6,1318.48,"0"
32,16.5,67.5,9,4,4.6,1318.48,"0"
32,16.5,67.5,9,4,4.6,1318.48,"0"
32,16.5,67.5,9,4,4.6,1318.48,"0"
32,16.5,67.5,9,4,4.6,1318.48,"0"
32,16.5,67.5,9,4,4.6,1318.48,"0"
32,16.5,67.5,9,4,4.6,1318.48,"0"
32,16.5,67.5,9,4,4.6,1318.48,"0"
32,16.5,67.5,9,4,4.6,1318.48,"0"
32,16.5,67.5,9,4,4.6,1318.48,"0"
32,16.5,67.5,14,4,4.6,1418.98,"0"
32,16.5,67.5,14,4,4.6,1418.98,"0"
32,16.5,67.5,14,4,4.6,1418.98,"0"
32,16.5,67.5,14,4,4.6,1418.98,"0"
32,16.5,67.5,14,4,4.6,1418.98,"0"
32,16.5,67.5,14,4,4.6,1418.98,"0"
32,16.5,67.5,14,4,4.6,1418.98,"0"
32,16.5,67.5,9,4,4.6,1318.48,"0"
32,16.5,67.5,9,4,4.6,1318.48,"0"
32,16.5,67.5,9,4,4.6,1318.48,"0"
32,16.5,67.5,9,4,4.6,1318.48,"0"
32,16.5,67.5,9,4,4.6,1318.48,"0"
32,16.5,67.5,9,4,4.6,1318.48,"0"
32,16.5,67.5,9,4,11.6,1348.58,"0"
32,16.5,67.5,9,4,11.6,1348.58,"0"
32,16.5,67.5,9,4,11.6,1348.58,"0"
32,16.5,67.5,9,4,11.6,1348.58,"0"
32,16.5,67.5,14,4,4.6,1418.98,"0"
32,16.5,67.5,9,4,4.6,1318.48,"0"
32,16.5,67.5,14,4,4.6,1418.98,"0"
32,16.5,67.5,9,4,4.6,1318.48,"0"
32,16.5,67.5,9,4,4.6,1318.48,"0"
32,16.5,67.5,19,4,4.6,1519.48,"1"
32,16.5,67.5,19,4,4.6,1519.48,"1"
32,16.5,67.5,14,4,4.6,1418.98,"0"
32,16.5,67.5,19,4,4.6,1519.48,"1"
32,16.5,67.5,19,4,4.6,1519.48,"1"
32,16.5,67.5,19,4,4.6,1519.48,"1"
32,16.5,67.5,24,4,4.6,1619.98,"1"
32,16.5,67.5,24,4,4.6,1619.98,"1"
32,16.5,67.5,19,4,4.6,1519.48,"1"
32,16.5,67.5,19,4,4.6,1519.48,"1"
32,16.5,67.5,24,4,4.6,1619.98,"1"
32,16.5,67.5,14,4,4.6,1418.98,"0"
32,16.5,67.5,9,4,4.6,1318.48,"0"
32,16.5,67.5,9,4,4.6,1318.48,"0"
32,16.5,67.5,9,4,4.6,1318.48,"0"
32,16.5,67.5,9,4,4.6,1318.48,"0"
32,16.5,67.5,9,4,4.6,1318.48,"0"
32,16.5,67.5,9,4,4.6,1318.48,"0"
32,16.5,67.5,9,4,4.6,1318.48,"0"
32,16.5,67.5,4,4,4.6,1217.98,"0"
32,16.5,67.5,4,4,4.6,1217.98,"0"
32,16.5,67.5,4,4,4.6,1217.98,"0"
32,16.5,67.5,4,4,4.6,1217.98,"0"
32,16.5,67.5,9,4,4.6,1318.48,"0"
32,16.5,67.5,14,4,4.6,1418.98,"0"
32,16.5,67.5,14,4,4.6,1418.98,"0"
32,16.5,67.5,14,4,4.6,1418.98,"0"
32,16.5,67.5,14,4,4.6,1418.98,"0"
32,16.5,67.5,14,4,4.6,1418.98,"0"
32,16.5,67.5,14,4,4.6,1418.98,"0"
32,16.5,67.5,14,4,4.6,1418.98,"0"
32,16.5,67.5,14,4,4.6,1418.98,"0"
32,16.5,67.5,14,4,4.6,1418.98,"0"
32,16.5,67.5,14,4,4.6,1418.98,"0"
32,16.5,67.5,14,4,4.6,1418.98,"0"
32,16.5,67.5,14,4,4.6,1418.98,"0"
32,16.5,67.5,14,19,11.6,2196.08,"1"
32,16.5,67.5,14,19,11.6,2196.08,"1"
32,16.5,67.5,9,4,4.6,1318.48,"0"
32,16.5,67.5,9,4,4.6,1318.48,"0"
32,16.5,67.5,14,4,11.6,1449.08,"0"
32,16.5,67.5,29,4,11.6,1750.58,"1"
32,16.5,67.5,29,4,11.6,1750.58,"1"
32,16.5,67.5,24,4,11.6,1650.08,"1"
32,16.5,67.5,24,4,11.6,1650.08,"1"
32,16.5,67.5,24,4,11.6,1650.08,"1"
32,16.5,67.5,24,4,11.6,1650.08,"1"
32,16.5,67.5,19,4,11.6,1549.58,"1"
32,16.5,67.5,19,4,11.6,1549.58,"1"
32,16.5,67.5,24,4,11.6,1650.08,"1"
32,16.5,67.5,19,4,11.6,1549.58,"1"
32,16.5,67.5,9,4,4.6,1318.48,"0"
32,16.5,67.5,24,4,4.6,1619.98,"1"
32,16.5,67.5,14,4,4.6,1418.98,"0"
32,16.5,67.5,14,4,4.6,1418.98,"0"
32,16.5,67.5,4,9,4.6,1466.98,"1"
32,16.5,67.5,4,4,4.6,1275.47,"0"
32,16.5,67.5,4,19,4.6,2010.13,"1"
32,16.5,67.5,9,4,4.6,1318.48,"0"
32,16.5,67.5,9,4,4.6,1318.48,"0"
32,16.5,67.5,14,4,4.6,1418.98,"0"
32,16.5,67.5,19,4,4.6,1519.48,"1"
32,16.5,67.5,19,4,4.6,1519.48,"1"
32,16.5,67.5,24,4,4.6,1619.98,"1"
32,16.5,67.5,24,4,4.6,1619.98,"1"
32,16.5,67.5,24,4,4.6,1619.98,"1"
32,16.5,67.5,19,4,4.6,1519.48,"1"
32,16.5,67.5,19,4,4.6,1519.48,"1"
32,16.5,67.5,14,4,4.6,1418.98,"0"
32,16.5,67.5,14,4,4.6,1418.98,"0"
32,16.5,67.5,14,4,4.6,1418.98,"0"
32,16.5,67.5,19,4,4.6,1519.48,"1"
32,16.5,67.5,14,4,4.6,1418.98,"0"
32,16.5,67.5,14,4,4.6,1418.98,"0"
32,16.5,67.5,9,4,4.6,1318.48,"0"
32,16.5,67.5,14,4,4.6,1418.98,"0"
32,16.5,67.5,14,4,4.6,1418.98,"0"
32,16.5,67.5,14,4,4.6,1418.98,"0"
32,16.5,67.5,14,4,4.6,1418.98,"0"
32,16.5,67.5,19,4,4.6,1519.48,"1"
32,16.5,67.5,14,4,4.6,1418.98,"0"
32,16.5,67.5,19,4,4.6,1519.48,"1"
32,16.5,67.5,14,4,4.6,1418.98,"0"
32,16.5,67.5,19,4,4.6,1519.48,"1"
32,16.5,67.5,19,4,4.6,1519.48,"1"
32,16.5,67.5,14,4,4.6,1418.98,"0"
32,16.5,67.5,9,4,4.6,1318.48,"0"
32,16.5,67.5,9,4,4.6,1318.48,"0"
32,16.5,67.5,14,4,4.6,1418.98,"0"
32,16.5,67.5,14,4,4.6,1418.98,"0"
32,16.5,67.5,14,4,4.6,1418.98,"0"
32,16.5,67.5,9,4,4.6,1318.48,"0"
32,16.5,67.5,9,4,4.6,1318.48,"0"
32,16.5,67.5,9,4,4.6,1318.48,"0"
32,16.5,67.5,9,4,4.6,1318.48,"0"
32,16.5,67.5,4,4,4.6,1217.98,"0"
32,16.5,67.5,14,4,4.6,1418.98,"0"
32,16.5,67.5,9,4,4.6,1318.48,"0"
32,16.5,67.5,14,4,4.6,1418.98,"0"
32,16.5,67.5,24,4,4.6,1619.98,"1"
32,16.5,67.5,9,4,4.6,1318.48,"0"
32,16.5,67.5,9,4,4.6,1318.48,"0"
32,16.5,67.5,14,4,4.6,1418.98,"0"
32,16.5,67.5,14,4,11.6,1449.08,"0"
32,16.5,67.5,14,4,11.6,1449.08,"0"
32,16.5,67.5,19,4,11.6,1549.58,"1"
32,16.5,67.5,24,4,11.6,1650.08,"1"
32,16.5,67.5,19,4,11.6,1549.58,"1"
32,16.5,67.5,19,4,11.6,1549.58,"1"
32,16.5,67.5,29,4,11.6,1750.58,"1"
32,16.5,67.5,29,4,11.6,1750.58,"1"
32,16.5,67.5,29,4,11.6,1750.58,"1"
32,16.5,67.5,24,4,11.6,1650.08,"1"
32,16.5,67.5,19,4,11.6,1549.58,"1"
32,16.5,67.5,19,4,11.6,1549.58,"1"
32,16.5,67.5,19,4,11.6,1549.58,"1"
32,16.5,67.5,24,4,11.6,1650.08,"1"
32,16.5,67.5,24,4,11.6,1650.08,"1"
32,16.5,67.5,29,4,11.6,1750.58,"1"
32,16.5,67.5,29,4,11.6,1750.58,"1"
32,16.5,67.5,24,4,11.6,1650.08,"1"
32,16.5,67.5,19,4,11.6,1549.58,"1"
32,16.5,67.5,4,19,4.6,2010.13,"1"
32,16.5,67.5,19,4,4.6,1519.48,"1"
32,16.5,67.5,19,4,4.6,1519.48,"1"
32,16.5,67.5,14,4,4.6,1418.98,"0"
32,16.5,67.5,9,4,4.6,1318.48,"0"
32,16.5,67.5,4,9,4.6,1370.99,"0"
32,16.5,67.5,19,4,4.6,1519.48,"1"
32,16.5,67.5,14,4,4.6,1418.98,"0"
32,16.5,67.5,14,4,4.6,1418.98,"0"
32,16.5,67.5,14,4,4.6,1418.98,"0"
32,16.5,67.5,14,4,4.6,1418.98,"0"
32,16.5,67.5,19,4,4.6,1519.48,"1"
32,16.5,67.5,9,4,4.6,1318.48,"0"
32,16.5,67.5,9,4,4.6,1318.48,"0"
32,16.5,67.5,14,4,4.6,1418.98,"0"
32,16.5,67.5,19,4,4.6,1519.48,"1"
32,16.5,67.5,4,4,4.6,1217.98,"0"
32,16.5,67.5,4,4,4.6,1217.98,"0"
32,16.5,67.5,9,4,4.6,1318.48,"0"
32,16.5,67.5,9,4,4.6,1318.48,"0"
32,16.5,67.5,14,4,4.6,1418.98,"0"
32,16.5,67.5,14,4,4.6,1418.98,"0"
32,16.5,67.5,9,4,4.6,1318.48,"0"
32,16.5,67.5,9,4,4.6,1318.48,"0"
32,16.5,67.5,9,4,4.6,1318.48,"0"
32,16.5,67.5,9,4,4.6,1318.48,"0"
32,16.5,67.5,14,4,4.6,1418.98,"0"
32,16.5,67.5,14,4,4.6,1418.98,"0"
32,16.5,67.5,9,4,4.6,1318.48,"0"
32,16.5,67.5,9,4,4.6,1318.48,"0"
32,16.5,67.5,9,4,4.6,1318.48,"0"
32,16.5,67.5,9,4,4.6,1318.48,"0"
32,16.5,67.5,14,9,4.6,1667.98,"1"
32,16.5,67.5,14,9,4.6,1667.98,"1"
32,16.5,67.5,19,9,4.6,1768.48,"1"
32,16.5,67.5,19,9,4.6,1768.48,"1"
32,16.5,67.5,19,9,4.6,1768.48,"1"
32,16.5,67.5,19,9,4.6,1768.48,"1"
32,16.5,67.5,19,9,4.6,1768.48,"1"
32,16.5,67.5,19,9,4.6,1768.48,"1"
32,16.5,67.5,19,9,4.6,1768.48,"1"
32,16.5,67.5,19,9,4.6,1768.48,"1"
32,16.5,67.5,24,9,4.6,1868.98,"1"
32,16.5,67.5,24,9,4.6,1868.98,"1"
32,16.5,67.5,19,9,4.6,1768.48,"1"
32,16.5,67.5,19,9,4.6,1768.48,"1"
32,16.5,67.5,19,9,4.6,1768.48,"1"
32,16.5,67.5,19,9,4.6,1768.48,"1"
32,16.5,67.5,19,9,4.6,1768.48,"1"
32,16.5,67.5,19,9,4.6,1768.48,"1"
32,16.5,67.5,19,9,4.6,1768.48,"1"
32,16.5,67.5,19,9,4.6,1768.48,"1"
32,16.5,67.5,19,9,4.6,1768.48,"1"
32,16.5,67.5,19,9,4.6,1768.48,"1"
32,16.5,67.5,19,9,4.6,1768.48,"1"
32,16.5,67.5,19,9,4.6,1768.48,"1"
32,16.5,67.5,19,9,4.6,1768.48,"1"
32,16.5,67.5,19,9,4.6,1768.48,"1"
32,16.5,67.5,19,9,4.6,1768.48,"1"
32,16.5,67.5,14,9,4.6,1667.98,"1"
32,16.5,67.5,19,9,4.6,1768.48,"1"
32,16.5,67.5,19,9,4.6,1768.48,"1"
32,16.5,67.5,19,9,4.6,1768.48,"1"
32,16.5,67.5,19,9,4.6,1768.48,"1"
32,16.5,67.5,19,9,4.6,1768.48,"1"
32,16.5,67.5,19,9,4.6,1768.48,"1"
32,16.5,67.5,19,9,4.6,1768.48,"1"
32,16.5,67.5,19,9,4.6,1768.48,"1"
32,16.5,67.5,19,9,4.6,1768.48,"1"
32,16.5,67.5,19,9,4.6,1768.48,"1"
32,16.5,67.5,19,9,4.6,1768.48,"1"
32,16.5,67.5,19,9,4.6,1768.48,"1"
32,16.5,67.5,19,9,4.6,1768.48,"1"
32,16.5,67.5,19,9,4.6,1768.48,"1"
32,16.5,67.5,19,9,4.6,1768.48,"1"
32,16.5,67.5,19,9,4.6,1768.48,"1"
32,16.5,67.5,19,9,4.6,1768.48,"1"
32,16.5,67.5,19,9,4.6,1768.48,"1"
32,16.5,67.5,19,9,4.6,1768.48,"1"
32,16.5,67.5,19,9,4.6,1768.48,"1"
32,16.5,67.5,19,9,4.6,1768.48,"1"
32,16.5,67.5,19,9,4.6,1768.48,"1"
32,16.5,67.5,4,4,4.6,1217.98,"0"
32,16.5,67.5,9,4,4.6,1318.48,"0"
32,16.5,67.5,14,4,4.6,1418.98,"0"
32,16.5,67.5,9,4,4.6,1318.48,"0"
32,16.5,67.5,9,4,4.6,1318.48,"0"
32,16.5,67.5,9,4,4.6,1318.48,"0"
32,16.5,67.5,9,4,4.6,1318.48,"0"
32,16.5,67.5,9,4,4.6,1318.48,"0"
32,16.5,67.5,9,4,4.6,1318.48,"0"
32,16.5,67.5,4,4,4.6,1217.98,"0"
32,16.5,67.5,9,4,4.6,1318.48,"0"
32,16.5,67.5,9,4,4.6,1318.48,"0"
32,16.5,67.5,9,4,4.6,1318.48,"0"
32,16.5,67.5,4,4,4.6,1217.98,"0"
32,16.5,67.5,4,4,4.6,1217.98,"0"
32,16.5,67.5,4,4,4.6,1217.98,"0"
32,16.5,67.5,9,4,4.6,1318.48,"0"
32,16.5,67.5,4,4,11.6,1248.08,"0"
32,16.5,67.5,4,4,11.6,1248.08,"0"
32,16.5,67.5,4,4,11.6,1248.08,"0"
32,16.5,67.5,4,4,11.6,1248.08,"0"
32,16.5,67.5,19,4,11.6,1549.58,"1"
32,16.5,67.5,9,4,11.6,1348.58,"0"
32,16.5,67.5,19,4,11.6,1549.58,"1"
32,16.5,67.5,19,4,11.6,1549.58,"1"
32,16.5,67.5,14,4,11.6,1449.08,"0"
32,16.5,67.5,19,4,11.6,1549.58,"1"
32,16.5,67.5,14,4,11.6,1449.08,"0"
32,16.5,67.5,19,4,11.6,1549.58,"1"
32,16.5,67.5,14,4,11.6,1449.08,"0"
32,16.5,67.5,14,4,11.6,1449.08,"0"
32,16.5,67.5,14,4,11.6,1449.08,"0"
32,16.5,67.5,14,4,11.6,1449.08,"0"
32,16.5,67.5,14,4,11.6,1449.08,"0"
32,16.5,67.5,14,4,4.6,1418.98,"0"
32,16.5,67.5,19,4,4.6,1519.48,"1"
32,16.5,67.5,19,4,4.6,1519.48,"1"
32,16.5,67.5,14,4,4.6,1418.98,"0"
32,16.5,67.5,19,4,4.6,1519.48,"1"
32,16.5,67.5,9,4,4.6,1318.48,"0"
32,16.5,67.5,4,4,4.6,1217.98,"0"
32,16.5,67.5,14,4,4.6,1418.98,"0"
32,16.5,67.5,14,4,4.6,1418.98,"0"
32,16.5,67.5,14,4,4.6,1418.98,"0"
32,16.5,67.5,19,4,4.6,1519.48,"1"
32,16.5,67.5,19,4,4.6,1519.48,"1"
32,16.5,67.5,19,4,4.6,1519.48,"1"
32,16.5,67.5,19,4,4.6,1519.48,"1"
32,16.5,67.5,19,4,4.6,1519.48,"1"
32,16.5,67.5,19,4,4.6,1519.48,"1"
32,16.5,67.5,19,4,4.6,1519.48,"1"
32,16.5,67.5,19,4,4.6,1519.48,"1"
32,16.5,67.5,24,4,4.6,1619.98,"1"
32,16.5,67.5,24,4,4.6,1619.98,"1"
32,16.5,67.5,24,4,4.6,1619.98,"1"
32,16.5,67.5,24,4,4.6,1619.98,"1"
32,16.5,67.5,19,4,4.6,1519.48,"1"
32,16.5,67.5,19,4,4.6,1519.48,"1"
32,16.5,67.5,19,4,4.6,1519.48,"1"
32,16.5,67.5,14,4,4.6,1418.98,"0"
32,16.5,67.5,14,4,4.6,1418.98,"0"
32,16.5,67.5,9,4,4.6,1318.48,"0"
32,16.5,67.5,9,4,4.6,1318.48,"0"
32,16.5,67.5,9,4,4.6,1318.48,"0"
32,16.5,67.5,9,4,4.6,1318.48,"0"
32,16.5,67.5,4,4,4.6,1217.98,"0"
32,16.5,67.5,14,4,4.6,1418.98,"0"
32,16.5,67.5,14,4,4.6,1418.98,"0"
32,16.5,67.5,14,4,4.6,1418.98,"0"
32,16.5,67.5,19,4,4.6,1519.48,"1"
32,16.5,67.5,9,4,4.6,1318.48,"0"
32,16.5,67.5,9,4,4.6,1318.48,"0"
32,16.5,67.5,4,4,4.6,1217.98,"0"
32,16.5,67.5,4,4,4.6,1217.98,"0"
32,16.5,67.5,4,4,4.6,1217.98,"0"
32,16.5,67.5,4,4,4.6,1217.98,"0"
32,16.5,67.5,9,4,4.6,1318.48,"0"
32,16.5,67.5,9,4,4.6,1318.48,"0"
32,16.5,67.5,9,4,4.6,1318.48,"0"
32,16.5,67.5,14,4,4.6,1418.98,"0"
32,16.5,67.5,14,4,4.6,1418.98,"0"
32,16.5,67.5,14,4,4.6,1418.98,"0"
32,16.5,67.5,9,4,4.6,1318.48,"0"
32,16.5,67.5,9,4,4.6,1318.48,"0"
32,16.5,67.5,19,4,4.6,1519.48,"1"
32,16.5,67.5,14,4,4.6,1418.98,"0"
32,16.5,67.5,24,4,4.6,1619.98,"1"
32,16.5,67.5,19,4,4.6,1519.48,"1"
32,16.5,67.5,19,4,4.6,1519.48,"1"
32,16.5,67.5,14,4,4.6,1418.98,"0"
32,16.5,67.5,14,4,4.6,1418.98,"0"
32,16.5,67.5,9,4,4.6,1318.48,"0"
32,16.5,67.5,9,4,4.6,1318.48,"0"
32,16.5,67.5,9,4,4.6,1318.48,"0"
32,16.5,67.5,19,4,4.6,1519.48,"1"
32,16.5,67.5,24,4,4.6,1619.98,"1"
32,16.5,67.5,24,4,4.6,1619.98,"1"
32,16.5,67.5,24,4,4.6,1619.98,"1"
32,16.5,67.5,24,4,4.6,1619.98,"1"
32,16.5,67.5,24,4,4.6,1619.98,"1"
32,16.5,67.5,24,4,4.6,1619.98,"1"
32,16.5,67.5,29,4,4.6,1720.48,"1"
32,16.5,67.5,29,4,4.6,1720.48,"1"
32,16.5,67.5,9,4,11.6,1348.58,"0"
32,16.5,67.5,14,4,11.6,1449.08,"0"
32,16.5,67.5,14,4,11.6,1449.08,"0"
32,16.5,67.5,14,4,11.6,1449.08,"0"
32,16.5,67.5,14,4,11.6,1449.08,"0"
32,16.5,67.5,14,4,11.6,1449.08,"0"
32,16.5,67.5,14,4,11.6,1449.08,"0"
32,16.5,67.5,19,4,11.6,1549.58,"1"
32,16.5,67.5,19,4,11.6,1549.58,"1"
32,16.5,67.5,29,4,11.6,1750.58,"1"
32,16.5,67.5,24,4,11.6,1650.08,"1"
32,16.5,67.5,19,4,11.6,1549.58,"1"
32,16.5,67.5,14,4,11.6,1449.08,"0"
32,16.5,67.5,9,4,11.6,1348.58,"0"
32,16.5,67.5,19,4,4.6,1519.48,"1"
32,16.5,67.5,19,4,4.6,1519.48,"1"
32,16.5,67.5,19,4,4.6,1519.48,"1"
32,16.5,67.5,19,4,4.6,1519.48,"1"
32,16.5,67.5,24,4,4.6,1619.98,"1"
32,16.5,67.5,19,4,4.6,1519.48,"1"
32,16.5,67.5,19,4,4.6,1519.48,"1"
32,16.5,67.5,19,4,4.6,1519.48,"1"
32,16.5,67.5,24,4,4.6,1619.98,"1"
32,16.5,67.5,24,4,4.6,1619.98,"1"
32,16.5,67.5,24,4,4.6,1619.98,"1"
32,16.5,67.5,24,4,4.6,1619.98,"1"
32,16.5,67.5,24,4,4.6,1619.98,"1"
32,16.5,67.5,24,4,4.6,1619.98,"1"
32,16.5,67.5,24,4,4.6,1619.98,"1"
32,16.5,67.5,19,4,4.6,1519.48,"1"
32,16.5,67.5,19,4,4.6,1519.48,"1"
32,16.5,67.5,19,4,4.6,1519.48,"1"
32,16.5,67.5,19,4,4.6,1519.48,"1"
32,16.5,67.5,19,4,4.6,1519.48,"1"
32,16.5,67.5,19,4,4.6,1519.48,"1"
32,16.5,67.5,14,4,4.6,1418.98,"0"
32,16.5,67.5,19,4,4.6,1519.48,"1"
32,16.5,67.5,19,4,4.6,1519.48,"1"
32,16.5,67.5,19,4,4.6,1519.48,"1"
32,16.5,67.5,19,4,4.6,1519.48,"1"
32,16.5,67.5,19,4,4.6,1519.48,"1"
32,16.5,67.5,19,4,4.6,1519.48,"1"
32,16.5,67.5,19,4,4.6,1519.48,"1"
32,16.5,67.5,19,4,4.6,1519.48,"1"
32,16.5,67.5,19,4,4.6,1519.48,"1"
32,16.5,67.5,19,4,4.6,1519.48,"1"
32,16.5,67.5,14,4,4.6,1418.98,"0"
32,16.5,67.5,19,4,11.6,1549.58,"1"
32,16.5,67.5,24,4,11.6,1650.08,"1"
32,16.5,67.5,19,9,11.6,1798.58,"1"
32,16.5,67.5,19,9,11.6,1798.58,"1"
32,16.5,67.5,19,9,11.6,1798.58,"1"
32,16.5,67.5,19,9,11.6,1798.58,"1"
32,16.5,67.5,19,9,11.6,1798.58,"1"
32,16.5,67.5,24,9,4.6,1868.98,"1"
32,16.5,67.5,14,9,11.6,1698.08,"1"
32,16.5,67.5,24,9,11.6,1899.08,"1"
32,16.5,67.5,24,9,11.6,1899.08,"1"
32,16.5,67.5,9,4,4.6,1348.58,"0"
32,16.5,67.5,9,4,4.6,1318.48,"0"
32,16.5,67.5,14,4,38.3,1563.89,"1"
32,16.5,67.5,19,9,4.6,1768.48,"1"
32,16.5,67.5,19,9,4.6,1768.48,"1"
32,16.5,67.5,19,9,4.6,1768.48,"1"
32,16.5,67.5,19,9,4.6,1768.48,"1"
32,16.5,67.5,19,9,4.6,1768.48,"1"
32,16.5,67.5,14,9,4.6,1667.98,"1"
32,16.5,67.5,14,9,4.6,1667.98,"1"
32,16.5,67.5,14,9,4.6,1667.98,"1"
32,16.5,67.5,19,9,4.6,1768.48,"1"
32,16.5,67.5,14,9,4.6,1667.98,"1"
32,16.5,67.5,14,9,4.6,1667.98,"1"
32,16.5,67.5,19,9,4.6,1768.48,"1"
32,16.5,67.5,19,9,4.6,1768.48,"1"
32,16.5,67.5,19,9,4.6,1768.48,"1"
32,16.5,67.5,19,9,4.6,1768.48,"1"
32,16.5,67.5,19,9,4.6,1768.48,"1"
32,16.5,67.5,19,9,4.6,1768.48,"1"
32,16.5,67.5,19,9,4.6,1768.48,"1"
32,16.5,67.5,14,9,4.6,1667.98,"1"
32,16.5,67.5,14,9,4.6,1667.98,"1"
32,16.5,67.5,14,9,4.6,1667.98,"1"
32,16.5,67.5,14,9,4.6,1667.98,"1"
32,16.5,67.5,14,9,4.6,1667.98,"1"
32,16.5,67.5,19,9,4.6,1768.48,"1"
32,16.5,67.5,19,9,4.6,1768.48,"1"
32,16.5,67.5,19,9,4.6,1768.48,"1"
32,16.5,67.5,19,9,4.6,1768.48,"1"
32,16.5,67.5,19,9,4.6,1768.48,"1"
32,16.5,67.5,19,9,4.6,1768.48,"1"
32,16.5,67.5,19,9,4.6,1768.48,"1"
32,16.5,67.5,19,9,4.6,1768.48,"1"
32,16.5,67.5,19,9,4.6,1768.48,"1"
32,16.5,67.5,19,9,4.6,1768.48,"1"
32,16.5,67.5,19,9,4.6,1768.48,"1"
32,16.5,67.5,14,9,4.6,1667.98,"1"
32,16.5,67.5,19,9,4.6,1768.48,"1"
32,16.5,67.5,19,9,4.6,1768.48,"1"
32,16.5,67.5,14,9,4.6,1667.98,"1"
32,16.5,67.5,14,9,4.6,1667.98,"1"
32,16.5,67.5,19,9,4.6,1768.48,"1"
32,16.5,67.5,14,9,4.6,1667.98,"1"
32,16.5,67.5,19,9,4.6,1768.48,"1"
32,16.5,67.5,19,9,4.6,1768.48,"1"
32,16.5,67.5,19,9,4.6,1768.48,"1"
32,16.5,67.5,19,9,4.6,1768.48,"1"
32,16.5,67.5,19,9,4.6,1768.48,"1"
32,16.5,67.5,19,9,4.6,1768.48,"1"
32,16.5,67.5,19,9,4.6,1768.48,"1"
32,16.5,67.5,19,9,4.6,1768.48,"1"
32,16.5,67.5,19,9,4.6,1768.48,"1"
32,16.5,67.5,19,9,4.6,1768.48,"1"
32,16.5,67.5,14,9,4.6,1667.98,"1"
32,16.5,67.5,19,9,4.6,1768.48,"1"
32,16.5,67.5,19,9,4.6,1768.48,"1"
32,16.5,67.5,19,9,4.6,1768.48,"1"
32,16.5,67.5,19,9,4.6,1768.48,"1"
32,16.5,67.5,19,9,4.6,1768.48,"1"
32,16.5,67.5,14,9,4.6,1667.98,"1"
32,16.5,67.5,14,9,4.6,1667.98,"1"
32,16.5,67.5,14,9,4.6,1667.98,"1"
32,16.5,67.5,14,9,4.6,1667.98,"1"
32,16.5,67.5,14,9,4.6,1667.98,"1"
32,16.5,67.5,14,9,4.6,1667.98,"1"
32,16.5,67.5,19,9,4.6,1768.48,"1"
32,16.5,67.5,19,9,4.6,1768.48,"1"
32,16.5,67.5,14,9,4.6,1667.98,"1"
32,16.5,67.5,14,9,4.6,1667.98,"1"
32,16.5,67.5,14,9,4.6,1667.98,"1"
32,16.5,67.5,14,9,4.6,1667.98,"1"
32,16.5,67.5,14,9,4.6,1667.98,"1"
32,16.5,67.5,14,9,4.6,1667.98,"1"
32,16.5,67.5,14,9,4.6,1667.98,"1"
32,16.5,67.5,14,9,4.6,1667.98,"1"
32,16.5,67.5,14,9,4.6,1667.98,"1"
32,16.5,67.5,14,9,4.6,1667.98,"1"
32,16.5,67.5,14,9,4.6,1667.98,"1"
32,16.5,67.5,14,9,4.6,1667.98,"1"
32,16.5,67.5,14,9,4.6,1667.98,"1"
32,16.5,67.5,14,9,4.6,1667.98,"1"
32,16.5,67.5,19,9,4.6,1768.48,"1"
32,16.5,67.5,14,9,4.6,1667.98,"1"
32,16.5,67.5,14,9,4.6,1667.98,"1"
32,16.5,67.5,14,9,4.6,1667.98,"1"
32,16.5,67.5,14,9,4.6,1667.98,"1"
32,16.5,67.5,14,9,4.6,1667.98,"1"
32,16.5,67.5,19,9,4.6,1768.48,"1"
32,16.5,67.5,19,9,4.6,1768.48,"1"
32,16.5,67.5,19,9,4.6,1768.48,"1"
32,16.5,67.5,14,9,4.6,1667.98,"1"
32,16.5,67.5,14,9,4.6,1667.98,"1"
32,16.5,67.5,14,9,4.6,1667.98,"1"
32,16.5,67.5,14,9,4.6,1667.98,"1"
32,16.5,67.5,14,9,4.6,1667.98,"1"
32,16.5,67.5,14,9,4.6,1667.98,"1"
32,16.5,67.5,14,9,4.6,1667.98,"1"
32,16.5,67.5,14,9,4.6,1667.98,"1"
32,16.5,67.5,29,4,4.6,1720.48,"1"
32,16.5,67.5,24,4,4.6,1619.98,"1"
32,16.5,67.5,24,4,4.6,1619.98,"1"
32,16.5,67.5,24,4,4.6,1619.98,"1"
32,16.5,67.5,24,4,4.6,1619.98,"1"
32,16.5,67.5,24,4,4.6,1619.98,"1"
32,16.5,67.5,24,4,4.6,1619.98,"1"
32,16.5,67.5,24,4,4.6,1619.98,"1"
32,16.5,67.5,24,4,4.6,1619.98,"1"
32,16.5,67.5,24,4,4.6,1619.98,"1"
32,16.5,67.5,24,4,4.6,1619.98,"1"
32,16.5,67.5,24,4,4.6,1619.98,"1"
32,16.5,67.5,24,4,4.6,1619.98,"1"
32,16.5,67.5,24,4,4.6,1619.98,"1"
32,16.5,67.5,29,4,4.6,1720.48,"1"
32,16.5,67.5,29,4,4.6,1720.48,"1"
32,16.5,67.5,24,4,4.6,1619.98,"1"
32,16.5,67.5,24,4,4.6,1619.98,"1"
32,16.5,67.5,24,4,4.6,1619.98,"1"
32,16.5,67.5,29,4,4.6,1720.48,"1"
32,16.5,67.5,9,9,4.6,1567.48,"1"
32,16.5,67.5,14,9,4.6,1667.98,"1"
32,16.5,67.5,9,9,4.6,1567.48,"1"
32,16.5,67.5,14,9,4.6,1667.98,"1"
32,16.5,67.5,14,9,4.6,1667.98,"1"
32,16.5,67.5,14,9,4.6,1667.98,"1"
32,16.5,67.5,14,9,4.6,1667.98,"1"
32,16.5,67.5,14,9,4.6,1667.98,"1"
32,16.5,67.5,14,9,4.6,1667.98,"1"
32,16.5,67.5,14,9,4.6,1667.98,"1"
32,16.5,67.5,14,9,4.6,1667.98,"1"
32,16.5,67.5,9,9,4.6,1567.48,"1"
32,16.5,67.5,9,9,4.6,1567.48,"1"
32,16.5,67.5,14,9,4.6,1667.98,"1"
32,16.5,67.5,14,9,4.6,1667.98,"1"
32,16.5,67.5,14,9,4.6,1667.98,"1"
32,16.5,67.5,14,9,4.6,1667.98,"1"
32,16.5,67.5,14,9,4.6,1667.98,"1"
32,16.5,67.5,14,9,4.6,1667.98,"1"
32,16.5,67.5,14,9,4.6,1667.98,"1"
32,16.5,67.5,14,9,4.6,1667.98,"1"
32,16.5,67.5,9,9,4.6,1567.48,"1"
32,16.5,67.5,9,9,4.6,1567.48,"1"
32,16.5,67.5,14,9,4.6,1667.98,"1"
32,16.5,67.5,14,9,4.6,1667.98,"1"
32,16.5,67.5,14,9,4.6,1667.98,"1"
32,16.5,67.5,14,9,4.6,1667.98,"1"
32,16.5,67.5,14,9,4.6,1667.98,"1"
32,16.5,67.5,14,9,4.6,1667.98,"1"
32,16.5,67.5,14,9,4.6,1667.98,"1"
32,16.5,67.5,14,9,4.6,1667.98,"1"
32,16.5,67.5,14,9,4.6,1667.98,"1"
32,16.5,67.5,14,9,4.6,1667.98,"1"
32,16.5,67.5,14,9,4.6,1667.98,"1"
32,16.5,67.5,14,9,4.6,1667.98,"1"
32,16.5,67.5,14,9,4.6,1667.98,"1"
32,16.5,67.5,14,9,4.6,1667.98,"1"
32,16.5,67.5,14,9,4.6,1667.98,"1"
32,16.5,67.5,14,9,4.6,1667.98,"1"
32,16.5,67.5,14,9,4.6,1667.98,"1"
32,16.5,67.5,14,9,4.6,1667.98,"1"
32,16.5,67.5,14,9,4.6,1667.98,"1"
32,16.5,67.5,14,9,4.6,1667.98,"1"
32,16.5,67.5,19,9,4.6,1768.48,"1"
32,16.5,67.5,14,9,11.6,1698.08,"1"
32,16.5,67.5,19,9,11.6,1798.58,"1"
32,16.5,67.5,19,9,11.6,1798.58,"1"
32,16.5,67.5,19,9,11.6,1798.58,"1"
32,16.5,67.5,19,9,11.6,1798.58,"1"
32,16.5,67.5,14,9,11.6,1698.08,"1"
32,16.5,67.5,14,9,11.6,1698.08,"1"
32,16.5,67.5,19,9,11.6,1798.58,"1"
32,16.5,67.5,19,9,11.6,1798.58,"1"
32,16.5,67.5,19,9,11.6,1798.58,"1"
32,16.5,67.5,19,9,11.6,1798.58,"1"
32,16.5,67.5,19,9,11.6,1798.58,"1"
32,16.5,67.5,19,9,11.6,1798.58,"1"
32,16.5,67.5,19,9,11.6,1798.58,"1"
32,16.5,67.5,19,9,11.6,1798.58,"1"
32,16.5,67.5,19,9,11.6,1798.58,"1"
32,16.5,67.5,19,9,11.6,1798.58,"1"
32,16.5,67.5,19,9,11.6,1798.58,"1"
32,16.5,67.5,19,9,11.6,1798.58,"1"
32,16.5,67.5,19,9,4.6,1768.48,"1"
32,16.5,67.5,4,9,4.6,1466.98,"1"
32,16.5,67.5,19,9,4.6,1768.48,"1"
32,16.5,67.5,14,9,4.6,1667.98,"1"
32,16.5,67.5,19,9,4.6,1768.48,"1"
32,16.5,67.5,19,9,4.6,1768.48,"1"
32,16.5,67.5,19,9,4.6,1768.48,"1"
32,16.5,67.5,19,9,4.6,1768.48,"1"
32,16.5,67.5,19,9,4.6,1768.48,"1"
32,16.5,67.5,19,9,4.6,1768.48,"1"
32,16.5,67.5,19,9,4.6,1768.48,"1"
32,16.5,67.5,19,9,4.6,1768.48,"1"
32,16.5,67.5,19,9,4.6,1768.48,"1"
32,16.5,67.5,19,9,4.6,1768.48,"1"
32,16.5,67.5,19,9,4.6,1768.48,"1"
32,16.5,67.5,19,9,4.6,1768.48,"1"
32,16.5,67.5,19,9,4.6,1768.48,"1"
32,16.5,67.5,14,9,4.6,1667.98,"1"
32,16.5,67.5,19,9,4.6,1768.48,"1"
32,16.5,67.5,14,9,4.6,1667.98,"1"
32,16.5,67.5,19,9,4.6,1768.48,"1"
32,16.5,67.5,19,9,4.6,1768.48,"1"
32,16.5,67.5,19,9,4.6,1768.48,"1"
32,16.5,67.5,19,9,4.6,1768.48,"1"
32,16.5,67.5,19,9,4.6,1768.48,"1"
32,16.5,67.5,19,9,4.6,1768.48,"1"
32,16.5,67.5,19,9,4.6,1768.48,"1"
32,16.5,67.5,19,9,4.6,1768.48,"1"
32,16.5,67.5,19,9,4.6,1768.48,"1"
32,16.5,67.5,19,9,4.6,1768.48,"1"
32,16.5,67.5,19,9,4.6,1768.48,"1"
32,16.5,67.5,19,9,4.6,1768.48,"1"
32,16.5,67.5,19,9,4.6,1768.48,"1"
32,16.5,67.5,19,9,4.6,1768.48,"1"
32,16.5,67.5,19,9,4.6,1768.48,"1"
32,16.5,67.5,19,9,4.6,1768.48,"1"
32,16.5,67.5,19,9,4.6,1768.48,"1"
32,16.5,67.5,19,9,4.6,1768.48,"1"
32,16.5,67.5,14,9,4.6,1667.98,"1"
32,16.5,67.5,14,9,4.6,1667.98,"1"
32,16.5,67.5,19,9,4.6,1768.48,"1"
32,16.5,67.5,19,9,4.6,1768.48,"1"
32,16.5,67.5,19,9,4.6,1768.48,"1"
32,16.5,67.5,19,9,4.6,1768.48,"1"
32,16.5,67.5,19,9,4.6,1768.48,"1"
32,16.5,67.5,19,9,4.6,1768.48,"1"
32,16.5,67.5,19,9,4.6,1768.48,"1"
32,16.5,67.5,24,9,4.6,1868.98,"1"
32,16.5,67.5,29,9,4.6,1969.48,"1"
32,16.5,67.5,24,9,4.6,1868.98,"1"
32,16.5,67.5,24,9,4.6,1868.98,"1"
32,16.5,67.5,24,9,4.6,1868.98,"1"
32,16.5,67.5,29,9,4.6,1969.48,"1"
32,16.5,67.5,24,9,4.6,1868.98,"1"
32,16.5,67.5,24,9,4.6,1868.98,"1"
32,16.5,67.5,19,9,11.6,1798.58,"1"
32,16.5,67.5,14,9,11.6,1698.08,"1"
32,16.5,67.5,14,9,11.6,1698.08,"1"
32,16.5,67.5,19,9,11.6,1798.58,"1"
32,16.5,67.5,19,9,11.6,1798.58,"1"
32,16.5,67.5,19,9,11.6,1798.58,"1"
32,16.5,67.5,19,9,11.6,1798.58,"1"
32,16.5,67.5,19,9,11.6,1798.58,"1"
32,16.5,67.5,19,9,11.6,1798.58,"1"
32,16.5,67.5,19,9,11.6,1798.58,"1"
32,16.5,67.5,19,9,11.6,1798.58,"1"
32,16.5,67.5,19,9,11.6,1798.58,"1"
32,16.5,67.5,19,9,11.6,1798.58,"1"
32,16.5,67.5,9,4,4.6,1348.58,"0"
32,16.5,67.5,9,4,38.3,1463.39,"1"
32,16.5,67.5,9,19,4.6,2095.62,"1"
32,16.5,67.5,9,9,4.6,1561.03,"1"
32,16.5,67.5,24,9,4.6,1868.98,"1"
32,16.5,67.5,24,9,4.6,1868.98,"1"
32,16.5,67.5,24,9,4.6,1868.98,"1"
32,16.5,67.5,24,9,4.6,1868.98,"1"
32,16.5,67.5,19,9,4.6,1768.48,"1"
32,16.5,67.5,19,9,4.6,1768.48,"1"
32,16.5,67.5,24,9,4.6,1868.98,"1"
32,16.5,67.5,24,9,4.6,1868.98,"1"
32,16.5,67.5,24,9,4.6,1868.98,"1"
32,16.5,67.5,24,9,4.6,1868.98,"1"
32,16.5,67.5,24,9,4.6,1868.98,"1"
32,16.5,67.5,14,9,4.6,1667.98,"1"
32,16.5,67.5,14,9,4.6,1667.98,"1"
32,16.5,67.5,14,9,4.6,1667.98,"1"
32,16.5,67.5,14,9,4.6,1667.98,"1"
32,16.5,67.5,14,9,4.6,1667.98,"1"
32,16.5,67.5,19,9,4.6,1768.48,"1"
32,16.5,67.5,19,9,4.6,1768.48,"1"
32,16.5,67.5,24,9,4.6,1868.98,"1"
32,16.5,67.5,24,9,4.6,1868.98,"1"
32,16.5,67.5,19,9,4.6,1768.48,"1"
32,16.5,67.5,14,9,4.6,1667.98,"1"
32,16.5,67.5,19,9,4.6,1768.48,"1"
32,16.5,67.5,19,9,4.6,1768.48,"1"
32,16.5,67.5,19,9,4.6,1768.48,"1"
32,16.5,67.5,19,9,4.6,1768.48,"1"
32,16.5,67.5,14,9,4.6,1667.98,"1"
32,16.5,67.5,14,9,4.6,1667.98,"1"
32,16.5,67.5,19,9,4.6,1768.48,"1"
32,16.5,67.5,14,9,4.6,1667.98,"1"
32,16.5,67.5,19,9,4.6,1768.48,"1"
32,16.5,67.5,19,9,4.6,1768.48,"1"
32,16.5,67.5,19,9,4.6,1768.48,"1"
32,16.5,67.5,19,9,4.6,1768.48,"1"
32,16.5,67.5,19,9,4.6,1768.48,"1"
32,16.5,67.5,19,9,4.6,1768.48,"1"
32,16.5,67.5,19,9,4.6,1768.48,"1"
32,16.5,67.5,19,9,4.6,1768.48,"1"
32,16.5,67.5,19,9,4.6,1768.48,"1"
32,16.5,67.5,19,9,4.6,1768.48,"1"
32,16.5,67.5,19,9,4.6,1768.48,"1"
32,16.5,67.5,19,9,4.6,1768.48,"1"
32,16.5,67.5,19,9,4.6,1768.48,"1"
32,16.5,67.5,19,9,4.6,1768.48,"1"
32,16.5,67.5,14,9,4.6,1667.98,"1"
32,16.5,67.5,14,9,4.6,1667.98,"1"
32,16.5,67.5,14,4,4.6,1418.98,"0"
32,16.5,67.5,14,4,4.6,1418.98,"0"
32,16.5,67.5,14,4,4.6,1418.98,"0"
32,16.5,67.5,14,4,4.6,1418.98,"0"
32,16.5,67.5,14,4,4.6,1418.98,"0"
32,16.5,67.5,14,4,4.6,1418.98,"0"
32,16.5,67.5,14,4,4.6,1418.98,"0"
32,16.5,67.5,14,4,4.6,1418.98,"0"
32,16.5,67.5,14,4,4.6,1418.98,"0"
32,16.5,67.5,14,4,4.6,1418.98,"0"
32,16.5,67.5,14,4,4.6,1418.98,"0"
32,16.5,67.5,14,4,4.6,1418.98,"0"
32,16.5,67.5,14,4,4.6,1418.98,"0"
32,16.5,67.5,14,9,4.6,1667.98,"1"
32,16.5,67.5,14,9,4.6,1667.98,"1"
32,16.5,67.5,14,9,4.6,1667.98,"1"
32,16.5,67.5,14,9,4.6,1667.98,"1"
32,16.5,67.5,14,9,4.6,1667.98,"1"
32,16.5,67.5,14,9,4.6,1667.98,"1"
32,16.5,67.5,14,9,4.6,1667.98,"1"
32,16.5,67.5,14,9,4.6,1667.98,"1"
32,16.5,67.5,14,9,4.6,1667.98,"1"
32,16.5,67.5,14,9,4.6,1667.98,"1"
32,16.5,67.5,14,9,4.6,1667.98,"1"
32,16.5,67.5,14,9,4.6,1667.98,"1"
32,16.5,67.5,24,9,4.6,1868.98,"1"
32,16.5,67.5,24,9,4.6,1868.98,"1"
32,16.5,67.5,29,9,4.6,1969.48,"1"
32,16.5,67.5,24,9,4.6,1868.98,"1"
32,16.5,67.5,24,9,4.6,1868.98,"1"
32,16.5,67.5,24,9,4.6,1868.98,"1"
32,16.5,67.5,24,9,4.6,1868.98,"1"
32,16.5,67.5,24,9,4.6,1868.98,"1"
32,16.5,67.5,24,9,4.6,1868.98,"1"
32,16.5,67.5,24,9,4.6,1868.98,"1"
32,16.5,67.5,24,9,4.6,1868.98,"1"
32,16.5,67.5,24,9,4.6,1868.98,"1"
32,16.5,67.5,24,9,4.6,1868.98,"1"
32,16.5,67.5,24,9,4.6,1868.98,"1"
32,16.5,67.5,24,9,4.6,1868.98,"1"
32,16.5,67.5,29,9,4.6,1969.48,"1"
32,16.5,67.5,29,9,4.6,1969.48,"1"
32,16.5,67.5,24,9,4.6,1868.98,"1"
32,16.5,67.5,24,9,4.6,1868.98,"1"
32,16.5,67.5,14,9,4.6,1667.98,"1"
32,16.5,67.5,19,9,4.6,1768.48,"1"
32,16.5,67.5,19,9,4.6,1768.48,"1"
32,16.5,67.5,19,9,4.6,1768.48,"1"
32,16.5,67.5,19,9,4.6,1768.48,"1"
32,16.5,67.5,19,9,4.6,1768.48,"1"
32,16.5,67.5,19,9,4.6,1768.48,"1"
32,16.5,67.5,19,9,4.6,1768.48,"1"
32,16.5,67.5,19,9,4.6,1768.48,"1"
32,16.5,67.5,19,9,4.6,1768.48,"1"
32,16.5,67.5,24,9,4.6,1868.98,"1"
32,16.5,67.5,24,9,4.6,1868.98,"1"
32,16.5,67.5,24,9,4.6,1868.98,"1"
32,16.5,67.5,24,9,4.6,1868.98,"1"
32,16.5,67.5,24,9,4.6,1868.98,"1"
32,16.5,67.5,19,9,4.6,1768.48,"1"
32,16.5,67.5,24,9,4.6,1868.98,"1"
32,16.5,67.5,24,9,4.6,1868.98,"1"
32,16.5,67.5,19,9,4.6,1768.48,"1"
32,16.5,67.5,19,9,4.6,1768.48,"1"
32,16.5,67.5,24,9,4.6,1868.98,"1"
32,16.5,67.5,24,9,4.6,1868.98,"1"
32,16.5,67.5,24,9,4.6,1868.98,"1"
32,16.5,67.5,19,9,4.6,1768.48,"1"
32,16.5,67.5,19,9,4.6,1768.48,"1"
32,16.5,67.5,19,9,4.6,1768.48,"1"
32,16.5,67.5,19,9,4.6,1768.48,"1"
32,16.5,67.5,24,9,4.6,1868.98,"1"
32,16.5,67.5,19,9,4.6,1768.48,"1"
32,16.5,67.5,24,9,4.6,1868.98,"1"
32,16.5,67.5,24,9,4.6,1868.98,"1"
32,16.5,67.5,24,9,4.6,1868.98,"1"
32,16.5,67.5,19,9,4.6,1768.48,"1"
32,16.5,67.5,19,9,4.6,1768.48,"1"
32,16.5,67.5,24,9,4.6,1868.98,"1"
32,16.5,67.5,29,9,4.6,1969.48,"1"
32,16.5,67.5,29,9,4.6,1969.48,"1"
32,16.5,67.5,29,9,4.6,1969.48,"1"
32,16.5,67.5,29,9,4.6,1969.48,"1"
32,16.5,67.5,29,9,4.6,1969.48,"1"
32,16.5,67.5,29,9,4.6,1969.48,"1"
32,16.5,67.5,29,9,4.6,1969.48,"1"
32,16.5,67.5,24,9,4.6,1868.98,"1"
32,16.5,67.5,29,9,4.6,1969.48,"1"
32,16.5,67.5,24,9,4.6,1868.98,"1"
32,16.5,67.5,24,9,4.6,1868.98,"1"
32,16.5,67.5,24,9,4.6,1868.98,"1"
32,16.5,67.5,24,9,4.6,1868.98,"1"
32,16.5,67.5,24,9,4.6,1868.98,"1"
32,16.5,67.5,24,9,4.6,1868.98,"1"
32,16.5,67.5,24,9,4.6,1868.98,"1"
32,16.5,67.5,19,9,4.6,1768.48,"1"
32,16.5,67.5,19,9,4.6,1768.48,"1"
32,16.5,67.5,19,9,4.6,1768.48,"1"
32,16.5,67.5,19,9,4.6,1768.48,"1"
32,16.5,67.5,19,4,11.6,1549.58,"1"
32,16.5,67.5,14,9,11.6,1698.08,"1"
32,16.5,67.5,19,9,4.6,1768.48,"1"
32,16.5,67.5,19,9,4.6,1768.48,"1"
32,16.5,67.5,19,9,11.6,1798.58,"1"
32,16.5,67.5,19,9,11.6,1798.58,"1"
32,16.5,67.5,19,9,11.6,1798.58,"1"
32,16.5,67.5,19,9,11.6,1798.58,"1"
32,16.5,67.5,14,9,11.6,1698.08,"1"
32,16.5,67.5,14,9,11.6,1698.08,"1"
32,16.5,67.5,14,9,11.6,1698.08,"1"
32,16.5,67.5,19,9,11.6,1798.58,"1"
32,16.5,67.5,19,9,11.6,1798.58,"1"
32,16.5,67.5,19,9,11.6,1798.58,"1"
32,16.5,67.5,19,9,11.6,1798.58,"1"
32,16.5,67.5,19,9,11.6,1798.58,"1"
32,16.5,67.5,19,9,11.6,1798.58,"1"
32,16.5,67.5,19,9,11.6,1798.58,"1"
32,16.5,67.5,19,9,11.6,1798.58,"1"
32,16.5,67.5,14,9,11.6,1698.08,"1"
32,16.5,67.5,14,9,11.6,1698.08,"1"
32,16.5,67.5,19,9,11.6,1798.58,"1"
32,16.5,67.5,19,9,11.6,1798.58,"1"
32,16.5,67.5,19,9,11.6,1798.58,"1"
32,16.5,67.5,19,9,11.6,1798.58,"1"
32,16.5,67.5,19,9,11.6,1798.58,"1"
32,16.5,67.5,14,9,11.6,1698.08,"1"
32,16.5,67.5,14,9,11.6,1698.08,"1"
32,16.5,67.5,14,9,11.6,1698.08,"1"
32,16.5,67.5,14,9,11.6,1698.08,"1"
32,16.5,67.5,19,9,4.6,1768.48,"1"
32,16.5,67.5,19,9,4.6,1768.48,"1"
32,16.5,67.5,14,9,4.6,1667.98,"1"
32,16.5,67.5,14,9,4.6,1667.98,"1"
32,16.5,67.5,14,9,4.6,1667.98,"1"
32,16.5,67.5,14,9,4.6,1667.98,"1"
32,16.5,67.5,14,9,4.6,1667.98,"1"
32,16.5,67.5,19,9,4.6,1768.48,"1"
32,16.5,67.5,19,9,4.6,1768.48,"1"
32,16.5,67.5,19,9,4.6,1768.48,"1"
32,16.5,67.5,14,4,4.6,1418.98,"0"
32,16.5,67.5,19,9,4.6,1768.48,"1"
32,16.5,67.5,14,9,4.6,1667.98,"1"
32,16.5,67.5,9,9,4.6,1567.48,"1"
32,16.5,67.5,9,9,4.6,1567.48,"1"
32,16.5,67.5,9,9,4.6,1567.48,"1"
32,16.5,67.5,9,9,4.6,1567.48,"1"
32,16.5,67.5,9,9,4.6,1567.48,"1"
32,16.5,67.5,9,9,4.6,1567.48,"1"
32,16.5,67.5,9,4,4.6,1318.48,"0"
32,16.5,67.5,9,4,4.6,1318.48,"0"
32,16.5,67.5,14,4,4.6,1418.98,"0"
32,16.5,67.5,14,9,4.6,1667.98,"1"
32,16.5,67.5,14,9,4.6,1667.98,"1"
32,16.5,67.5,19,9,4.6,1768.48,"1"
32,16.5,67.5,24,9,4.6,1868.98,"1"
32,16.5,67.5,19,9,4.6,1768.48,"1"
32,16.5,67.5,19,9,4.6,1768.48,"1"
32,16.5,67.5,14,9,4.6,1667.98,"1"
32,16.5,67.5,14,9,4.6,1667.98,"1"
32,16.5,67.5,14,9,4.6,1667.98,"1"
32,16.5,67.5,19,9,4.6,1768.48,"1"
32,16.5,67.5,14,9,4.6,1667.98,"1"
32,16.5,67.5,14,9,4.6,1667.98,"1"
32,16.5,67.5,14,9,4.6,1667.98,"1"
32,16.5,67.5,14,9,4.6,1667.98,"1"
32,16.5,67.5,19,9,4.6,1768.48,"1"
32,16.5,67.5,19,9,4.6,1768.48,"1"
32,16.5,67.5,14,9,4.6,1667.98,"1"
32,16.5,67.5,14,9,4.6,1667.98,"1"
32,16.5,67.5,19,9,4.6,1768.48,"1"
32,16.5,67.5,14,9,4.6,1667.98,"1"
32,16.5,67.5,14,9,4.6,1667.98,"1"
32,16.5,67.5,14,9,4.6,1667.98,"1"
32,16.5,67.5,24,4,11.6,1650.08,"1"
32,16.5,67.5,14,9,4.6,1667.98,"1"
32,16.5,67.5,14,9,4.6,1667.98,"1"
32,16.5,67.5,19,9,4.6,1768.48,"1"
32,16.5,67.5,19,9,4.6,1768.48,"1"
32,16.5,67.5,19,4,4.6,1519.48,"1"
32,16.5,67.5,19,4,4.6,1519.48,"1"
32,16.5,67.5,19,4,4.6,1519.48,"1"
32,16.5,67.5,19,9,4.6,1768.48,"1"
32,16.5,67.5,19,9,4.6,1768.48,"1"
32,16.5,67.5,19,9,4.6,1768.48,"1"
32,16.5,67.5,19,9,4.6,1768.48,"1"
32,16.5,67.5,19,4,4.6,1519.48,"1"
32,16.5,67.5,19,4,4.6,1519.48,"1"
32,16.5,67.5,19,4,4.6,1519.48,"1"
32,16.5,67.5,14,4,4.6,1418.98,"0"
32,16.5,67.5,19,4,4.6,1519.48,"1"
32,16.5,67.5,24,4,4.6,1619.98,"1"
32,16.5,67.5,24,4,11.6,1650.08,"1"
32,16.5,67.5,19,4,11.6,1549.58,"1"
32,16.5,67.5,19,4,11.6,1549.58,"1"
32,16.5,67.5,19,4,11.6,1549.58,"1"
32,16.5,67.5,19,4,11.6,1549.58,"1"
32,16.5,67.5,19,4,11.6,1549.58,"1"
32,16.5,67.5,19,4,11.6,1549.58,"1"
32,16.5,67.5,19,4,11.6,1549.58,"1"
32,16.5,67.5,19,4,11.6,1549.58,"1"
32,16.5,67.5,19,4,11.6,1549.58,"1"
32,16.5,67.5,19,4,11.6,1549.58,"1"
32,16.5,67.5,19,4,11.6,1549.58,"1"
32,16.5,67.5,19,4,11.6,1549.58,"1"
32,16.5,67.5,24,4,11.6,1650.08,"1"
32,16.5,67.5,24,4,11.6,1650.08,"1"
32,16.5,67.5,24,4,11.6,1650.08,"1"
32,16.5,67.5,9,9,11.6,1597.58,"1"
32,16.5,67.5,4,9,11.6,1497.08,"1"
32,16.5,67.5,9,9,11.6,1597.58,"1"
32,16.5,67.5,9,9,11.6,1597.58,"1"
32,16.5,67.5,9,9,11.6,1597.58,"1"
32,16.5,67.5,9,9,11.6,1597.58,"1"
32,16.5,67.5,9,9,11.6,1597.58,"1"
32,16.5,67.5,9,9,11.6,1597.58,"1"
32,16.5,67.5,9,9,11.6,1597.58,"1"
32,16.5,67.5,9,9,11.6,1597.58,"1"
32,16.5,67.5,9,9,11.6,1597.58,"1"
32,16.5,67.5,9,9,11.6,1597.58,"1"
32,16.5,67.5,9,9,11.6,1597.58,"1"
32,16.5,67.5,9,9,11.6,1597.58,"1"
32,16.5,67.5,9,9,11.6,1597.58,"1"
32,16.5,67.5,9,9,11.6,1597.58,"1"
32,16.5,67.5,9,9,11.6,1597.58,"1"
32,16.5,67.5,9,9,11.6,1597.58,"1"
32,16.5,67.5,9,9,11.6,1597.58,"1"
32,16.5,67.5,9,9,11.6,1597.58,"1"
32,16.5,67.5,9,9,11.6,1597.58,"1"
32,16.5,67.5,9,9,11.6,1597.58,"1"
32,16.5,67.5,9,9,11.6,1597.58,"1"
32,16.5,67.5,9,9,11.6,1597.58,"1"
32,16.5,67.5,14,9,4.6,1667.98,"1"
32,16.5,67.5,14,9,4.6,1667.98,"1"
32,16.5,67.5,14,9,4.6,1667.98,"1"
32,16.5,67.5,14,9,4.6,1667.98,"1"
32,16.5,67.5,19,9,4.6,1768.48,"1"
32,16.5,67.5,19,9,4.6,1768.48,"1"
32,16.5,67.5,19,9,4.6,1768.48,"1"
32,16.5,67.5,19,9,4.6,1768.48,"1"
32,16.5,67.5,19,9,4.6,1768.48,"1"
32,16.5,67.5,14,9,4.6,1667.98,"1"
32,16.5,67.5,14,9,4.6,1667.98,"1"
32,16.5,67.5,14,9,4.6,1667.98,"1"
32,16.5,67.5,14,9,4.6,1667.98,"1"
32,16.5,67.5,14,9,4.6,1667.98,"1"
32,16.5,67.5,14,9,4.6,1667.98,"1"
32,16.5,67.5,14,9,4.6,1667.98,"1"
32,16.5,67.5,14,9,4.6,1667.98,"1"
32,16.5,67.5,19,9,4.6,1768.48,"1"
32,16.5,67.5,19,9,4.6,1768.48,"1"
32,16.5,67.5,19,9,4.6,1768.48,"1"
32,16.5,67.5,19,9,4.6,1768.48,"1"
32,16.5,67.5,19,9,4.6,1768.48,"1"
32,16.5,67.5,19,9,4.6,1768.48,"1"
32,16.5,67.5,19,9,4.6,1768.48,"1"
32,16.5,67.5,19,9,4.6,1768.48,"1"
32,16.5,67.5,19,9,4.6,1768.48,"1"
32,16.5,67.5,19,9,4.6,1768.48,"1"
32,16.5,67.5,19,9,4.6,1768.48,"1"
32,16.5,67.5,19,9,4.6,1768.48,"1"
32,16.5,67.5,19,9,4.6,1768.48,"1"
32,16.5,67.5,19,9,4.6,1768.48,"1"
32,16.5,67.5,19,9,4.6,1768.48,"1"
32,16.5,67.5,19,9,4.6,1768.48,"1"
32,16.5,67.5,19,9,4.6,1768.48,"1"
32,16.5,67.5,19,9,4.6,1768.48,"1"
32,16.5,67.5,19,9,4.6,1768.48,"1"
32,16.5,67.5,19,9,4.6,1768.48,"1"
32,16.5,67.5,19,9,4.6,1768.48,"1"
32,16.5,67.5,19,9,4.6,1768.48,"1"
32,16.5,67.5,19,9,4.6,1768.48,"1"
32,16.5,67.5,19,9,4.6,1768.48,"1"
32,16.5,67.5,19,9,4.6,1768.48,"1"
32,16.5,67.5,19,9,4.6,1768.48,"1"
32,16.5,67.5,19,9,4.6,1768.48,"1"
32,16.5,67.5,19,9,4.6,1768.48,"1"
32,16.5,67.5,19,9,4.6,1768.48,"1"
32,16.5,67.5,19,9,4.6,1768.48,"1"
32,16.5,67.5,19,9,4.6,1768.48,"1"
32,16.5,67.5,19,9,4.6,1768.48,"1"
32,16.5,67.5,19,9,4.6,1768.48,"1"
32,16.5,67.5,19,9,4.6,1768.48,"1"
32,16.5,67.5,19,9,4.6,1768.48,"1"
32,16.5,67.5,19,9,4.6,1768.48,"1"
32,16.5,67.5,19,9,4.6,1768.48,"1"
32,16.5,67.5,19,9,4.6,1768.48,"1"
32,16.5,67.5,19,9,4.6,1768.48,"1"
32,16.5,67.5,19,9,4.6,1768.48,"1"
32,16.5,67.5,19,9,4.6,1768.48,"1"
32,16.5,67.5,14,9,4.6,1667.98,"1"
32,16.5,67.5,14,9,4.6,1667.98,"1"
32,16.5,67.5,19,9,4.6,1768.48,"1"
32,16.5,67.5,19,9,4.6,1768.48,"1"
32,16.5,67.5,19,9,4.6,1768.48,"1"
32,16.5,67.5,19,9,4.6,1768.48,"1"
32,16.5,67.5,19,9,4.6,1768.48,"1"
32,16.5,67.5,19,9,4.6,1768.48,"1"
32,16.5,67.5,19,9,4.6,1768.48,"1"
32,16.5,67.5,19,9,4.6,1768.48,"1"
32,16.5,67.5,19,9,4.6,1768.48,"1"
32,16.5,67.5,19,9,4.6,1768.48,"1"
32,16.5,67.5,19,9,4.6,1768.48,"1"
32,16.5,67.5,19,9,4.6,1768.48,"1"
32,16.5,67.5,19,9,4.6,1768.48,"1"
32,16.5,67.5,19,9,4.6,1768.48,"1"
32,16.5,67.5,14,9,4.6,1667.98,"1"
32,16.5,67.5,14,9,4.6,1667.98,"1"
32,16.5,67.5,14,9,4.6,1667.98,"1"
32,16.5,67.5,14,9,4.6,1667.98,"1"
32,16.5,67.5,14,9,4.6,1667.98,"1"
32,16.5,67.5,19,9,4.6,1768.48,"1"
32,16.5,67.5,24,9,4.6,1868.98,"1"
32,16.5,67.5,19,9,4.6,1768.48,"1"
32,16.5,67.5,14,9,4.6,1667.98,"1"
32,16.5,67.5,19,9,4.6,1768.48,"1"
32,16.5,67.5,19,9,4.6,1768.48,"1"
32,16.5,67.5,19,9,4.6,1768.48,"1"
32,16.5,67.5,19,9,4.6,1768.48,"1"
32,16.5,67.5,24,9,4.6,1868.98,"1"
32,16.5,67.5,24,9,4.6,1868.98,"1"
32,16.5,67.5,24,9,4.6,1868.98,"1"
32,16.5,67.5,24,9,4.6,1868.98,"1"
32,16.5,67.5,24,9,4.6,1868.98,"1"
32,16.5,67.5,19,9,4.6,1768.48,"1"
32,16.5,67.5,19,9,4.6,1768.48,"1"
32,16.5,67.5,19,9,4.6,1768.48,"1"
32,16.5,67.5,19,9,4.6,1768.48,"1"
32,16.5,67.5,19,9,4.6,1768.48,"1"
32,16.5,67.5,19,9,4.6,1768.48,"1"
32,16.5,67.5,19,9,4.6,1768.48,"1"
32,16.5,67.5,19,9,4.6,1768.48,"1"
32,16.5,67.5,19,9,4.6,1768.48,"1"
32,16.5,67.5,19,9,4.6,1768.48,"1"
32,16.5,67.5,19,9,4.6,1768.48,"1"
32,16.5,67.5,19,9,4.6,1768.48,"1"
32,16.5,67.5,19,9,4.6,1768.48,"1"
32,16.5,67.5,19,9,4.6,1768.48,"1"
32,16.5,67.5,19,9,4.6,1768.48,"1"
32,16.5,67.5,14,9,4.6,1667.98,"1"
32,16.5,67.5,14,9,4.6,1667.98,"1"
32,16.5,67.5,19,9,4.6,1768.48,"1"
32,16.5,67.5,19,9,4.6,1768.48,"1"
32,16.5,67.5,19,9,4.6,1768.48,"1"
32,16.5,67.5,19,9,4.6,1768.48,"1"
32,16.5,67.5,19,9,4.6,1768.48,"1"
32,16.5,67.5,19,9,4.6,1768.48,"1"
32,16.5,67.5,19,9,4.6,1768.48,"1"
32,16.5,67.5,14,9,4.6,1667.98,"1"
32,16.5,67.5,19,9,4.6,1768.48,"1"
32,16.5,67.5,19,9,4.6,1768.48,"1"
32,16.5,67.5,19,4,4.6,1519.48,"1"
32,16.5,67.5,19,4,4.6,1519.48,"1"
32,16.5,67.5,19,4,4.6,1519.48,"1"
32,16.5,67.5,19,4,4.6,1519.48,"1"
32,16.5,67.5,19,4,4.6,1519.48,"1"
32,16.5,67.5,19,4,4.6,1519.48,"1"
32,16.5,67.5,19,4,4.6,1519.48,"1"
32,16.5,67.5,19,4,4.6,1519.48,"1"
32,16.5,67.5,19,4,4.6,1519.48,"1"
32,16.5,67.5,14,4,4.6,1418.98,"0"
32,16.5,67.5,19,4,4.6,1519.48,"1"
32,16.5,67.5,19,4,4.6,1519.48,"1"
32,16.5,67.5,19,4,4.6,1519.48,"1"
32,16.5,67.5,14,4,4.6,1418.98,"0"
32,16.5,67.5,19,4,4.6,1519.48,"1"
32,16.5,67.5,14,4,4.6,1418.98,"0"
32,16.5,67.5,14,4,4.6,1418.98,"0"
32,16.5,67.5,19,4,4.6,1519.48,"1"
32,16.5,67.5,19,4,4.6,1519.48,"1"
32,16.5,67.5,19,4,4.6,1519.48,"1"
32,16.5,67.5,19,4,4.6,1519.48,"1"
32,16.5,67.5,19,4,4.6,1519.48,"1"
32,16.5,67.5,14,4,4.6,1418.98,"0"
32,16.5,67.5,19,4,4.6,1519.48,"1"
32,16.5,67.5,14,4,4.6,1418.98,"0"
32,16.5,67.5,14,4,4.6,1418.98,"0"
32,16.5,67.5,19,4,4.6,1519.48,"1"
32,16.5,67.5,19,4,4.6,1519.48,"1"
32,16.5,67.5,19,4,4.6,1519.48,"1"
32,16.5,67.5,19,4,4.6,1519.48,"1"
32,16.5,67.5,19,4,4.6,1519.48,"1"
32,16.5,67.5,19,4,4.6,1519.48,"1"
32,16.5,67.5,19,4,4.6,1519.48,"1"
32,16.5,67.5,19,4,4.6,1519.48,"1"
32,16.5,67.5,19,4,4.6,1519.48,"1"
32,16.5,67.5,19,4,4.6,1519.48,"1"
32,16.5,67.5,19,4,4.6,1519.48,"1"
32,16.5,67.5,19,4,4.6,1519.48,"1"
32,16.5,67.5,19,4,4.6,1519.48,"1"
32,16.5,67.5,19,4,4.6,1519.48,"1"
32,16.5,67.5,19,4,4.6,1519.48,"1"
32,16.5,67.5,19,4,4.6,1519.48,"1"
32,16.5,67.5,19,4,4.6,1519.48,"1"
32,16.5,67.5,19,4,4.6,1519.48,"1"
32,16.5,67.5,19,4,4.6,1519.48,"1"
32,16.5,67.5,9,4,4.6,1318.48,"0"
32,16.5,67.5,14,4,4.6,1418.98,"0"
32,16.5,67.5,19,4,4.6,1519.48,"1"
32,16.5,67.5,14,4,4.6,1418.98,"0"
32,16.5,67.5,14,4,4.6,1418.98,"0"
32,16.5,67.5,14,4,4.6,1418.98,"0"
32,16.5,67.5,14,4,4.6,1418.98,"0"
32,16.5,67.5,14,4,4.6,1418.98,"0"
32,16.5,67.5,14,4,4.6,1418.98,"0"
32,16.5,67.5,19,4,4.6,1519.48,"1"
32,16.5,67.5,29,4,4.6,1720.48,"1"
32,16.5,67.5,29,4,4.6,1720.48,"1"
32,16.5,67.5,29,4,4.6,1720.48,"1"
32,16.5,67.5,29,4,4.6,1720.48,"1"
32,16.5,67.5,24,4,4.6,1619.98,"1"
32,16.5,67.5,14,4,4.6,1418.98,"0"
32,16.5,67.5,14,4,4.6,1418.98,"0"
32,16.5,67.5,19,4,4.6,1519.48,"1"
32,16.5,67.5,24,4,4.6,1619.98,"1"
32,16.5,67.5,19,4,4.6,1519.48,"1"
32,16.5,67.5,19,4,4.6,1519.48,"1"
32,16.5,67.5,19,4,4.6,1519.48,"1"
32,16.5,67.5,19,4,4.6,1519.48,"1"
32,16.5,67.5,19,4,4.6,1519.48,"1"
32,16.5,67.5,19,4,4.6,1519.48,"1"
32,16.5,67.5,19,4,4.6,1519.48,"1"
32,16.5,67.5,19,4,4.6,1519.48,"1"
32,16.5,67.5,14,4,4.6,1418.98,"0"
32,16.5,67.5,19,4,4.6,1519.48,"1"
32,16.5,67.5,19,4,4.6,1519.48,"1"
32,16.5,67.5,24,4,4.6,1619.98,"1"
32,16.5,67.5,19,4,4.6,1519.48,"1"
32,16.5,67.5,24,4,4.6,1619.98,"1"
32,16.5,67.5,24,4,4.6,1619.98,"1"
32,16.5,67.5,14,4,4.6,1418.98,"0"
32,16.5,67.5,14,4,4.6,1418.98,"0"
32,16.5,67.5,19,4,4.6,1519.48,"1"
32,16.5,67.5,19,4,4.6,1519.48,"1"
32,16.5,67.5,19,4,4.6,1519.48,"1"
32,16.5,67.5,19,4,4.6,1519.48,"1"
32,16.5,67.5,19,4,4.6,1519.48,"1"
32,16.5,67.5,19,4,4.6,1519.48,"1"
32,16.5,67.5,29,4,4.6,1720.48,"1"
32,16.5,67.5,24,4,4.6,1619.98,"1"
32,16.5,67.5,24,4,4.6,1619.98,"1"
32,16.5,67.5,29,4,4.6,1720.48,"1"
32,16.5,67.5,24,4,4.6,1619.98,"1"
32,16.5,67.5,24,4,4.6,1619.98,"1"
32,16.5,67.5,24,4,4.6,1619.98,"1"
32,16.5,67.5,24,4,4.6,1619.98,"1"
32,16.5,67.5,24,4,4.6,1619.98,"1"
32,16.5,67.5,24,4,4.6,1619.98,"1"
32,16.5,67.5,29,4,4.6,1720.48,"1"
32,16.5,67.5,29,4,4.6,1720.48,"1"
32,16.5,67.5,24,9,4.6,1868.98,"1"
32,16.5,67.5,14,9,4.6,1667.98,"1"
32,16.5,67.5,24,9,4.6,1868.98,"1"
32,16.5,67.5,24,9,4.6,1868.98,"1"
32,16.5,67.5,24,9,4.6,1868.98,"1"
32,16.5,67.5,29,9,4.6,1969.48,"1"
32,16.5,67.5,19,9,4.6,1768.48,"1"
32,16.5,67.5,14,9,4.6,1667.98,"1"
32,16.5,67.5,29,9,4.6,1969.48,"1"
32,16.5,67.5,29,9,4.6,1969.48,"1"
32,16.5,67.5,29,9,4.6,1969.48,"1"
32,16.5,67.5,29,9,4.6,1969.48,"1"
32,16.5,67.5,14,9,4.6,1667.98,"1"
32,16.5,67.5,14,9,4.6,1667.98,"1"
32,16.5,67.5,19,9,4.6,1768.48,"1"
32,16.5,67.5,29,4,4.6,1720.48,"1"
32,16.5,67.5,29,4,4.6,1720.48,"1"
32,16.5,67.5,14,4,4.6,1418.98,"0"
32,16.5,67.5,14,4,4.6,1418.98,"0"
32,16.5,67.5,14,4,4.6,1418.98,"0"
32,16.5,67.5,24,4,4.6,1619.98,"1"
32,16.5,67.5,24,4,4.6,1619.98,"1"
32,16.5,67.5,24,4,4.6,1619.98,"1"
32,16.5,67.5,19,4,4.6,1519.48,"1"
32,16.5,67.5,19,4,4.6,1519.48,"1"
32,16.5,67.5,19,4,4.6,1519.48,"1"
32,16.5,67.5,14,4,4.6,1418.98,"0"
32,16.5,67.5,14,4,4.6,1418.98,"0"
32,16.5,67.5,19,4,4.6,1519.48,"1"
32,16.5,67.5,19,4,4.6,1519.48,"1"
32,16.5,67.5,24,4,4.6,1619.98,"1"
32,16.5,67.5,19,4,4.6,1519.48,"1"
32,16.5,67.5,24,4,4.6,1619.98,"1"
32,16.5,67.5,24,4,4.6,1619.98,"1"
32,16.5,67.5,24,4,4.6,1619.98,"1"
32,16.5,67.5,29,4,4.6,1720.48,"1"
32,16.5,67.5,24,4,4.6,1619.98,"1"
32,16.5,67.5,29,4,4.6,1720.48,"1"
32,16.5,67.5,24,4,4.6,1619.98,"1"
32,16.5,67.5,14,4,4.6,1418.98,"0"
32,16.5,67.5,19,4,4.6,1519.48,"1"
32,16.5,67.5,19,4,4.6,1519.48,"1"
32,16.5,67.5,19,4,4.6,1519.48,"1"
32,16.5,67.5,19,4,4.6,1519.48,"1"
32,16.5,67.5,19,4,4.6,1519.48,"1"
32,16.5,67.5,14,4,4.6,1418.98,"0"
32,16.5,67.5,14,4,4.6,1418.98,"0"
32,16.5,67.5,14,4,4.6,1418.98,"0"
32,16.5,67.5,14,4,4.6,1418.98,"0"
32,16.5,67.5,14,4,4.6,1418.98,"0"
32,16.5,67.5,19,4,4.6,1519.48,"1"
32,16.5,67.5,19,4,4.6,1519.48,"1"
32,16.5,67.5,14,4,4.6,1418.98,"0"
32,16.5,67.5,14,4,4.6,1418.98,"0"
32,16.5,67.5,14,4,4.6,1418.98,"0"
32,16.5,67.5,14,4,4.6,1418.98,"0"
32,16.5,67.5,14,4,4.6,1418.98,"0"
32,16.5,67.5,19,4,4.6,1519.48,"1"
32,16.5,67.5,19,4,4.6,1519.48,"1"
32,16.5,67.5,19,4,4.6,1519.48,"1"
32,16.5,67.5,14,4,4.6,1418.98,"0"
32,16.5,67.5,14,4,4.6,1418.98,"0"
32,16.5,67.5,14,4,4.6,1418.98,"0"
32,16.5,67.5,29,4,4.6,1720.48,"1"
32,16.5,67.5,24,4,4.6,1619.98,"1"
32,16.5,67.5,24,4,4.6,1619.98,"1"
32,16.5,67.5,24,4,4.6,1619.98,"1"
32,16.5,67.5,29,4,4.6,1720.48,"1"
32,16.5,67.5,24,4,4.6,1619.98,"1"
32,16.5,67.5,14,4,4.6,1418.98,"0"
32,16.5,67.5,14,4,4.6,1418.98,"0"
32,16.5,67.5,9,4,4.6,1318.48,"0"
32,16.5,67.5,29,4,4.6,1720.48,"1"
32,16.5,67.5,24,4,4.6,1619.98,"1"
32,16.5,67.5,19,4,4.6,1519.48,"1"
32,16.5,67.5,14,4,4.6,1418.98,"0"
32,16.5,67.5,14,4,4.6,1418.98,"0"
32,16.5,67.5,14,4,4.6,1418.98,"0"
32,16.5,67.5,19,4,4.6,1519.48,"1"
32,16.5,67.5,19,4,4.6,1519.48,"1"
32,16.5,67.5,14,4,4.6,1418.98,"0"
32,16.5,67.5,19,4,4.6,1519.48,"1"
32,16.5,67.5,19,4,4.6,1519.48,"1"
32,16.5,67.5,19,4,4.6,1519.48,"1"
32,16.5,67.5,24,4,4.6,1619.98,"1"
32,16.5,67.5,19,4,4.6,1519.48,"1"
32,16.5,67.5,19,4,4.6,1519.48,"1"
32,16.5,67.5,19,4,4.6,1519.48,"1"
32,16.5,67.5,19,4,4.6,1519.48,"1"
32,16.5,67.5,14,4,4.6,1418.98,"0"
32,16.5,67.5,14,4,4.6,1418.98,"0"
32,16.5,67.5,14,4,4.6,1418.98,"0"
32,16.5,67.5,14,4,4.6,1418.98,"0"
32,16.5,67.5,14,4,4.6,1418.98,"0"
32,16.5,67.5,14,4,4.6,1418.98,"0"
32,16.5,67.5,14,4,4.6,1418.98,"0"
32,16.5,67.5,19,4,4.6,1519.48,"1"
32,16.5,67.5,19,4,4.6,1519.48,"1"
32,16.5,67.5,24,4,4.6,1619.98,"1"
32,16.5,67.5,19,4,4.6,1519.48,"1"
32,16.5,67.5,14,4,4.6,1418.98,"0"
32,16.5,67.5,9,4,4.6,1318.48,"0"
32,16.5,67.5,19,4,4.6,1519.48,"1"
32,16.5,67.5,24,4,4.6,1619.98,"1"
32,16.5,67.5,19,4,4.6,1519.48,"1"
32,16.5,67.5,19,4,4.6,1519.48,"1"
32,16.5,67.5,19,4,4.6,1519.48,"1"
32,16.5,67.5,19,4,4.6,1519.48,"1"
32,16.5,67.5,19,4,4.6,1519.48,"1"
32,16.5,67.5,19,4,4.6,1519.48,"1"
32,16.5,67.5,19,4,4.6,1519.48,"1"
32,16.5,67.5,19,4,4.6,1519.48,"1"
32,16.5,67.5,19,4,4.6,1519.48,"1"
32,16.5,67.5,24,4,4.6,1619.98,"1"
32,16.5,67.5,24,4,4.6,1619.98,"1"
32,16.5,67.5,14,4,4.6,1418.98,"0"
32,16.5,67.5,19,4,4.6,1519.48,"1"
32,16.5,67.5,19,4,4.6,1519.48,"1"
32,16.5,67.5,14,4,4.6,1418.98,"0"
32,16.5,67.5,14,4,4.6,1418.98,"0"
32,16.5,67.5,19,4,4.6,1519.48,"1"
32,16.5,67.5,14,4,4.6,1418.98,"0"
32,16.5,67.5,14,4,4.6,1418.98,"0"
32,16.5,67.5,14,4,4.6,1418.98,"0"
32,16.5,67.5,19,4,4.6,1519.48,"1"
32,16.5,67.5,14,4,4.6,1418.98,"0"
32,16.5,67.5,14,4,4.6,1418.98,"0"
32,16.5,67.5,19,4,4.6,1519.48,"1"
32,16.5,67.5,19,4,4.6,1519.48,"1"
32,16.5,67.5,14,4,4.6,1418.98,"0"
32,16.5,67.5,19,4,4.6,1519.48,"1"
32,16.5,67.5,19,4,4.6,1519.48,"1"
32,16.5,67.5,19,4,4.6,1519.48,"1"
32,16.5,67.5,24,4,4.6,1619.98,"1"
32,16.5,67.5,24,4,4.6,1619.98,"1"
32,16.5,67.5,29,4,4.6,1720.48,"1"
32,16.5,67.5,29,4,4.6,1720.48,"1"
32,16.5,67.5,29,4,4.6,1720.48,"1"
32,16.5,67.5,29,4,4.6,1720.48,"1"
32,16.5,67.5,24,4,4.6,1619.98,"1"
32,16.5,67.5,9,4,4.6,1318.48,"0"
32,16.5,67.5,19,4,4.6,1519.48,"1"
32,16.5,67.5,19,4,4.6,1519.48,"1"
32,16.5,67.5,19,4,4.6,1519.48,"1"
32,16.5,67.5,19,4,4.6,1519.48,"1"
32,16.5,67.5,19,4,4.6,1519.48,"1"
32,16.5,67.5,19,4,4.6,1519.48,"1"
32,16.5,67.5,19,4,4.6,1519.48,"1"
32,16.5,67.5,19,4,4.6,1519.48,"1"
32,16.5,67.5,19,4,4.6,1519.48,"1"
32,16.5,67.5,14,4,4.6,1418.98,"0"
32,16.5,67.5,14,4,4.6,1418.98,"0"
32,16.5,67.5,14,4,4.6,1418.98,"0"
32,16.5,67.5,19,4,4.6,1519.48,"1"
32,16.5,67.5,24,4,4.6,1619.98,"1"
32,16.5,67.5,24,4,4.6,1619.98,"1"
32,16.5,67.5,29,4,4.6,1720.48,"1"
32,16.5,67.5,29,4,4.6,1720.48,"1"
32,16.5,67.5,24,4,4.6,1619.98,"1"
32,16.5,67.5,29,4,4.6,1720.48,"1"
32,16.5,67.5,24,4,4.6,1619.98,"1"
32,16.5,67.5,24,4,4.6,1619.98,"1"
32,16.5,67.5,24,4,4.6,1619.98,"1"
32,16.5,67.5,24,4,4.6,1619.98,"1"
32,16.5,67.5,24,4,4.6,1619.98,"1"
32,16.5,67.5,24,4,4.6,1619.98,"1"
32,16.5,67.5,24,4,4.6,1619.98,"1"
32,16.5,67.5,24,4,4.6,1619.98,"1"
32,16.5,67.5,19,4,4.6,1519.48,"1"
32,16.5,67.5,19,4,4.6,1519.48,"1"
32,16.5,67.5,14,4,4.6,1418.98,"0"
32,16.5,67.5,19,4,4.6,1519.48,"1"
32,16.5,67.5,19,4,4.6,1519.48,"1"
32,16.5,67.5,19,4,4.6,1519.48,"1"
32,16.5,67.5,19,4,4.6,1519.48,"1"
32,16.5,67.5,19,4,4.6,1519.48,"1"
32,16.5,67.5,24,4,4.6,1619.98,"1"
32,16.5,67.5,19,4,4.6,1519.48,"1"
32,16.5,67.5,9,4,4.6,1318.48,"0"
32,16.5,67.5,14,4,4.6,1418.98,"0"
32,16.5,67.5,14,4,4.6,1418.98,"0"
32,16.5,67.5,14,4,4.6,1418.98,"0"
32,16.5,67.5,14,4,4.6,1418.98,"0"
32,16.5,67.5,14,4,4.6,1418.98,"0"
32,16.5,67.5,19,4,4.6,1519.48,"1"
32,16.5,67.5,14,4,4.6,1418.98,"0"
32,16.5,67.5,19,4,4.6,1519.48,"1"
32,16.5,67.5,19,4,4.6,1519.48,"1"
32,16.5,67.5,19,4,4.6,1519.48,"1"
32,16.5,67.5,19,4,4.6,1519.48,"1"
32,16.5,67.5,14,4,4.6,1418.98,"0"
32,16.5,67.5,19,4,4.6,1519.48,"1"
32,16.5,67.5,14,4,4.6,1418.98,"0"
32,16.5,67.5,14,4,4.6,1418.98,"0"
32,16.5,67.5,14,4,4.6,1418.98,"0"
32,16.5,67.5,19,4,4.6,1519.48,"1"
32,16.5,67.5,19,4,4.6,1519.48,"1"
32,16.5,67.5,19,4,4.6,1519.48,"1"
32,16.5,67.5,19,4,4.6,1519.48,"1"
32,16.5,67.5,19,4,4.6,1519.48,"1"
32,16.5,67.5,19,4,4.6,1519.48,"1"
32,16.5,67.5,19,4,4.6,1519.48,"1"
32,16.5,67.5,19,4,4.6,1519.48,"1"
32,16.5,67.5,19,4,4.6,1519.48,"1"
32,16.5,67.5,19,4,4.6,1519.48,"1"
32,16.5,67.5,19,4,4.6,1519.48,"1"
32,16.5,67.5,19,4,4.6,1519.48,"1"
32,16.5,67.5,24,4,4.6,1619.98,"1"
32,16.5,67.5,14,4,4.6,1418.98,"0"
32,16.5,67.5,14,9,4.6,1667.98,"1"
32,16.5,67.5,14,4,4.6,1418.98,"0"
32,16.5,67.5,14,4,4.6,1418.98,"0"
32,16.5,67.5,19,4,4.6,1519.48,"1"
32,16.5,67.5,24,4,4.6,1619.98,"1"
32,16.5,67.5,19,4,4.6,1519.48,"1"
32,16.5,67.5,19,4,4.6,1519.48,"1"
32,16.5,67.5,19,4,4.6,1519.48,"1"
32,16.5,67.5,19,4,4.6,1519.48,"1"
32,16.5,67.5,14,4,4.6,1418.98,"0"
32,16.5,67.5,19,9,4.6,1768.48,"1"
32,16.5,67.5,19,9,4.6,1768.48,"1"
32,16.5,67.5,19,4,4.6,1519.48,"1"
32,16.5,67.5,24,4,4.6,1619.98,"1"
32,16.5,67.5,19,4,4.6,1519.48,"1"
32,16.5,67.5,24,4,4.6,1619.98,"1"
32,16.5,67.5,24,4,4.6,1619.98,"1"
32,16.5,67.5,19,4,4.6,1519.48,"1"
32,16.5,67.5,19,9,4.6,1768.48,"1"
32,16.5,67.5,19,9,4.6,1768.48,"1"
32,16.5,67.5,24,9,4.6,1868.98,"1"
32,16.5,67.5,24,9,4.6,1868.98,"1"
32,16.5,67.5,19,9,4.6,1768.48,"1"
32,16.5,67.5,19,9,4.6,1768.48,"1"
32,16.5,67.5,19,4,4.6,1519.48,"1"
32,16.5,67.5,24,4,4.6,1619.98,"1"
32,16.5,67.5,19,9,4.6,1768.48,"1"
32,16.5,67.5,14,4,4.6,1418.98,"0"
32,16.5,67.5,9,4,4.6,1318.48,"0"
32,16.5,67.5,14,9,4.6,1667.98,"1"
32,16.5,67.5,19,9,4.6,1768.48,"1"
32,16.5,67.5,19,9,4.6,1768.48,"1"
32,16.5,67.5,19,9,4.6,1768.48,"1"
32,16.5,67.5,19,4,4.6,1519.48,"1"
32,16.5,67.5,24,4,4.6,1619.98,"1"
32,16.5,67.5,29,4,4.6,1720.48,"1"
32,16.5,67.5,19,4,4.6,1519.48,"1"
32,16.5,67.5,24,4,4.6,1619.98,"1"
32,16.5,67.5,19,4,4.6,1519.48,"1"
32,16.5,67.5,19,4,4.6,1519.48,"1"
32,16.5,67.5,19,4,4.6,1519.48,"1"
32,16.5,67.5,19,4,4.6,1519.48,"1"
32,16.5,67.5,24,4,4.6,1619.98,"1"
32,16.5,67.5,24,4,4.6,1619.98,"1"
32,16.5,67.5,19,4,4.6,1519.48,"1"
32,16.5,67.5,19,4,4.6,1519.48,"1"
32,16.5,67.5,24,4,4.6,1619.98,"1"
32,16.5,67.5,24,4,4.6,1619.98,"1"
32,16.5,67.5,19,4,4.6,1519.48,"1"
32,16.5,67.5,19,4,4.6,1519.48,"1"
32,16.5,67.5,19,4,4.6,1519.48,"1"
32,16.5,67.5,19,4,4.6,1519.48,"1"
32,16.5,67.5,19,4,4.6,1519.48,"1"
32,16.5,67.5,19,4,4.6,1519.48,"1"
32,16.5,67.5,19,4,4.6,1519.48,"1"
32,16.5,67.5,19,4,4.6,1519.48,"1"
32,16.5,67.5,19,4,4.6,1519.48,"1"
32,16.5,67.5,19,4,4.6,1519.48,"1"
32,16.5,67.5,19,4,4.6,1519.48,"1"
32,16.5,67.5,19,4,4.6,1519.48,"1"
32,16.5,67.5,19,4,4.6,1519.48,"1"
32,16.5,67.5,19,4,4.6,1519.48,"1"
32,16.5,67.5,19,4,4.6,1519.48,"1"
32,16.5,67.5,19,4,4.6,1519.48,"1"
32,16.5,67.5,19,4,4.6,1519.48,"1"
32,16.5,67.5,19,4,4.6,1519.48,"1"
32,16.5,67.5,19,4,4.6,1519.48,"1"
32,16.5,67.5,19,4,4.6,1519.48,"1"
32,16.5,67.5,19,4,4.6,1519.48,"1"
32,16.5,67.5,24,4,4.6,1619.98,"1"
32,16.5,67.5,19,4,4.6,1519.48,"1"
32,16.5,67.5,19,4,4.6,1519.48,"1"
32,16.5,67.5,19,4,4.6,1519.48,"1"
32,16.5,67.5,19,4,4.6,1519.48,"1"
32,16.5,67.5,19,4,4.6,1519.48,"1"
32,16.5,67.5,19,4,4.6,1519.48,"1"
32,16.5,67.5,19,4,4.6,1519.48,"1"
32,16.5,67.5,19,4,4.6,1519.48,"1"
32,16.5,67.5,14,4,4.6,1418.98,"0"
32,16.5,67.5,14,4,4.6,1418.98,"0"
32,16.5,67.5,14,4,4.6,1418.98,"0"
32,16.5,67.5,14,4,4.6,1418.98,"0"
32,16.5,67.5,19,4,4.6,1519.48,"1"
32,16.5,67.5,19,4,4.6,1519.48,"1"
32,16.5,67.5,19,4,4.6,1519.48,"1"
32,16.5,67.5,19,4,4.6,1519.48,"1"
32,16.5,67.5,19,4,4.6,1519.48,"1"
32,16.5,67.5,19,4,4.6,1519.48,"1"
32,16.5,67.5,19,4,4.6,1519.48,"1"
32,16.5,67.5,19,4,4.6,1519.48,"1"
32,16.5,67.5,19,4,4.6,1519.48,"1"
32,16.5,67.5,14,4,4.6,1418.98,"0"
32,16.5,67.5,19,4,4.6,1519.48,"1"
32,16.5,67.5,14,4,4.6,1418.98,"0"
32,16.5,67.5,14,4,4.6,1418.98,"0"
32,16.5,67.5,14,4,4.6,1418.98,"0"
32,16.5,67.5,14,4,4.6,1418.98,"0"
32,16.5,67.5,14,4,4.6,1418.98,"0"
32,16.5,67.5,14,4,4.6,1418.98,"0"
32,16.5,67.5,14,4,4.6,1418.98,"0"
32,16.5,67.5,19,4,4.6,1519.48,"1"
32,16.5,67.5,19,4,4.6,1519.48,"1"
32,16.5,67.5,14,4,4.6,1418.98,"0"
32,16.5,67.5,14,4,4.6,1418.98,"0"
32,16.5,67.5,19,4,4.6,1519.48,"1"
32,16.5,67.5,19,4,4.6,1519.48,"1"
32,16.5,67.5,19,4,4.6,1519.48,"1"
32,16.5,67.5,19,4,4.6,1519.48,"1"
32,16.5,67.5,14,4,4.6,1418.98,"0"
32,16.5,67.5,19,4,4.6,1519.48,"1"
32,16.5,67.5,19,4,4.6,1519.48,"1"
32,16.5,67.5,19,4,4.6,1519.48,"1"
32,16.5,67.5,19,4,4.6,1519.48,"1"
32,16.5,67.5,19,4,4.6,1519.48,"1"
32,16.5,67.5,19,4,4.6,1519.48,"1"
32,16.5,67.5,19,4,4.6,1519.48,"1"
32,16.5,67.5,19,4,4.6,1519.48,"1"
32,16.5,67.5,19,4,4.6,1519.48,"1"
32,16.5,67.5,19,4,4.6,1519.48,"1"
32,16.5,67.5,19,4,4.6,1519.48,"1"
32,16.5,67.5,19,4,4.6,1519.48,"1"
32,16.5,67.5,19,4,4.6,1519.48,"1"
32,16.5,67.5,19,4,4.6,1519.48,"1"
32,16.5,67.5,19,4,4.6,1519.48,"1"
32,16.5,67.5,19,4,4.6,1519.48,"1"
32,16.5,67.5,19,4,4.6,1519.48,"1"
32,16.5,67.5,19,4,4.6,1519.48,"1"
32,16.5,67.5,19,4,4.6,1519.48,"1"
32,16.5,67.5,19,4,4.6,1519.48,"1"
32,16.5,67.5,19,4,4.6,1519.48,"1"
32,16.5,67.5,19,4,4.6,1519.48,"1"
32,16.5,67.5,19,4,4.6,1519.48,"1"
32,16.5,67.5,24,4,4.6,1619.98,"1"
32,16.5,67.5,19,4,4.6,1519.48,"1"
32,16.5,67.5,19,4,4.6,1519.48,"1"
32,16.5,67.5,19,4,4.6,1519.48,"1"
32,16.5,67.5,19,4,4.6,1519.48,"1"
32,16.5,67.5,19,4,4.6,1519.48,"1"
32,16.5,67.5,24,4,4.6,1619.98,"1"
32,16.5,67.5,24,4,4.6,1619.98,"1"
32,16.5,67.5,24,4,4.6,1619.98,"1"
32,16.5,67.5,24,4,4.6,1619.98,"1"
32,16.5,67.5,24,4,4.6,1619.98,"1"
32,16.5,67.5,24,4,4.6,1619.98,"1"
32,16.5,67.5,24,4,4.6,1619.98,"1"
32,16.5,67.5,29,4,4.6,1720.48,"1"
32,16.5,67.5,29,4,4.6,1720.48,"1"
32,16.5,67.5,24,4,4.6,1619.98,"1"
32,16.5,67.5,24,4,4.6,1619.98,"1"
32,16.5,67.5,24,4,4.6,1619.98,"1"
32,16.5,67.5,24,4,4.6,1619.98,"1"
32,16.5,67.5,19,4,4.6,1519.48,"1"
32,16.5,67.5,19,4,4.6,1519.48,"1"
32,16.5,67.5,19,4,4.6,1519.48,"1"
32,16.5,67.5,19,4,4.6,1519.48,"1"
32,16.5,67.5,19,4,4.6,1519.48,"1"
32,16.5,67.5,14,4,4.6,1418.98,"0"
32,16.5,67.5,14,4,4.6,1418.98,"0"
32,16.5,67.5,19,4,4.6,1519.48,"1"
32,16.5,67.5,19,4,4.6,1519.48,"1"
32,16.5,67.5,19,4,4.6,1519.48,"1"
32,16.5,67.5,24,4,4.6,1619.98,"1"
32,16.5,67.5,24,4,4.6,1619.98,"1"
32,16.5,67.5,24,4,4.6,1619.98,"1"
32,16.5,67.5,24,4,4.6,1619.98,"1"
32,16.5,67.5,24,4,4.6,1619.98,"1"
32,16.5,67.5,19,4,4.6,1519.48,"1"
32,16.5,67.5,19,4,4.6,1519.48,"1"
32,16.5,67.5,19,4,4.6,1519.48,"1"
32,16.5,67.5,24,4,4.6,1619.98,"1"
32,16.5,67.5,24,4,4.6,1619.98,"1"
32,16.5,67.5,19,4,4.6,1519.48,"1"
32,16.5,67.5,19,4,4.6,1519.48,"1"
32,16.5,67.5,19,4,4.6,1519.48,"1"
32,16.5,67.5,14,4,4.6,1418.98,"0"
32,16.5,67.5,19,4,4.6,1519.48,"1"
32,16.5,67.5,14,4,4.6,1418.98,"0"
32,16.5,67.5,19,4,4.6,1519.48,"1"
32,16.5,67.5,19,4,4.6,1519.48,"1"
32,16.5,67.5,19,4,4.6,1519.48,"1"
32,16.5,67.5,19,4,4.6,1519.48,"1"
32,16.5,67.5,19,9,4.6,1768.48,"1"
32,16.5,67.5,19,9,4.6,1768.48,"1"
32,16.5,67.5,19,9,4.6,1768.48,"1"
32,16.5,67.5,19,4,4.6,1519.48,"1"
32,16.5,67.5,19,4,4.6,1519.48,"1"
32,16.5,67.5,14,4,4.6,1418.98,"0"
32,16.5,67.5,14,4,4.6,1418.98,"0"
32,16.5,67.5,14,4,4.6,1418.98,"0"
32,16.5,67.5,14,4,4.6,1418.98,"0"
32,16.5,67.5,19,9,4.6,1768.48,"1"
32,16.5,67.5,19,9,4.6,1768.48,"1"
32,16.5,67.5,19,9,4.6,1768.48,"1"
32,16.5,67.5,19,4,4.6,1519.48,"1"
32,16.5,67.5,24,4,4.6,1619.98,"1"
32,16.5,67.5,19,4,4.6,1519.48,"1"
32,16.5,67.5,19,4,4.6,1519.48,"1"
32,16.5,67.5,19,4,4.6,1519.48,"1"
32,16.5,67.5,19,4,4.6,1519.48,"1"
32,16.5,67.5,19,4,4.6,1519.48,"1"
32,16.5,67.5,19,9,4.6,1768.48,"1"
32,16.5,67.5,19,9,4.6,1768.48,"1"
32,16.5,67.5,19,4,4.6,1519.48,"1"
32,16.5,67.5,14,4,4.6,1418.98,"0"
32,16.5,67.5,19,4,4.6,1519.48,"1"
32,16.5,67.5,19,4,4.6,1519.48,"1"
32,16.5,67.5,14,4,4.6,1418.98,"0"
32,16.5,67.5,14,4,4.6,1418.98,"0"
32,16.5,67.5,14,4,4.6,1418.98,"0"
32,16.5,67.5,19,4,4.6,1519.48,"1"
32,16.5,67.5,19,9,4.6,1768.48,"1"
32,16.5,67.5,24,9,4.6,1868.98,"1"
32,16.5,67.5,24,9,4.6,1868.98,"1"
32,16.5,67.5,19,4,4.6,1519.48,"1"
32,16.5,67.5,24,4,4.6,1619.98,"1"
32,16.5,67.5,24,4,4.6,1619.98,"1"
32,16.5,67.5,24,4,4.6,1619.98,"1"
32,16.5,67.5,24,4,4.6,1619.98,"1"
32,16.5,67.5,19,4,4.6,1519.48,"1"
32,16.5,67.5,19,4,4.6,1519.48,"1"
32,16.5,67.5,19,4,4.6,1519.48,"1"
32,16.5,67.5,24,4,4.6,1619.98,"1"
32,16.5,67.5,24,9,4.6,1868.98,"1"
32,16.5,67.5,24,9,4.6,1868.98,"1"
32,16.5,67.5,19,9,4.6,1768.48,"1"
32,16.5,67.5,19,9,4.6,1768.48,"1"
32,16.5,67.5,19,4,4.6,1519.48,"1"
32,16.5,67.5,19,4,4.6,1519.48,"1"
32,16.5,67.5,19,9,4.6,1768.48,"1"
32,16.5,67.5,19,9,4.6,1768.48,"1"
32,16.5,67.5,19,4,4.6,1519.48,"1"
32,16.5,67.5,19,4,4.6,1519.48,"1"
32,16.5,67.5,19,9,4.6,1768.48,"1"
32,16.5,67.5,19,9,4.6,1768.48,"1"
32,16.5,67.5,19,4,4.6,1519.48,"1"
32,16.5,67.5,19,4,4.6,1519.48,"1"
32,16.5,67.5,14,4,4.6,1418.98,"0"
32,16.5,67.5,19,4,4.6,1519.48,"1"
32,16.5,67.5,19,4,4.6,1519.48,"1"
32,16.5,67.5,24,4,4.6,1619.98,"1"
32,16.5,67.5,19,4,4.6,1519.48,"1"
32,16.5,67.5,19,4,4.6,1519.48,"1"
32,16.5,67.5,19,4,4.6,1519.48,"1"
32,16.5,67.5,19,9,4.6,1768.48,"1"
32,16.5,67.5,24,9,4.6,1868.98,"1"
32,16.5,67.5,19,4,4.6,1519.48,"1"
32,16.5,67.5,19,4,4.6,1519.48,"1"
32,16.5,67.5,19,4,4.6,1519.48,"1"
32,16.5,67.5,19,4,4.6,1519.48,"1"
32,16.5,67.5,14,4,4.6,1418.98,"0"
32,16.5,67.5,14,4,4.6,1418.98,"0"
32,16.5,67.5,14,4,4.6,1418.98,"0"
32,16.5,67.5,14,4,4.6,1418.98,"0"
32,16.5,67.5,14,4,4.6,1418.98,"0"
32,16.5,67.5,14,4,4.6,1418.98,"0"
32,16.5,67.5,14,9,4.6,1667.98,"1"
32,16.5,67.5,19,4,4.6,1519.48,"1"
32,16.5,67.5,14,9,4.6,1667.98,"1"
32,16.5,67.5,19,9,4.6,1768.48,"1"
32,16.5,67.5,19,9,4.6,1768.48,"1"
32,16.5,67.5,14,9,4.6,1667.98,"1"
32,16.5,67.5,19,9,4.6,1768.48,"1"
32,16.5,67.5,14,9,4.6,1667.98,"1"
32,16.5,67.5,14,9,4.6,1667.98,"1"
32,16.5,67.5,14,4,4.6,1418.98,"0"
32,16.5,67.5,19,4,4.6,1519.48,"1"
32,16.5,67.5,19,4,4.6,1519.48,"1"
32,16.5,67.5,19,4,4.6,1519.48,"1"
32,16.5,67.5,19,4,4.6,1519.48,"1"
32,16.5,67.5,19,4,4.6,1519.48,"1"
32,16.5,67.5,19,4,4.6,1519.48,"1"
32,16.5,67.5,14,4,4.6,1418.98,"0"
32,16.5,67.5,19,4,4.6,1519.48,"1"
32,16.5,67.5,24,4,4.6,1619.98,"1"
32,16.5,67.5,24,4,4.6,1619.98,"1"
32,16.5,67.5,24,4,4.6,1619.98,"1"
32,16.5,67.5,19,4,4.6,1519.48,"1"
32,16.5,67.5,19,4,4.6,1519.48,"1"
32,16.5,67.5,19,4,4.6,1519.48,"1"
32,16.5,67.5,19,4,4.6,1519.48,"1"
32,16.5,67.5,19,4,4.6,1519.48,"1"
32,16.5,67.5,19,4,4.6,1519.48,"1"
32,16.5,67.5,14,9,4.6,1667.98,"1"
32,16.5,67.5,24,4,4.6,1619.98,"1"
32,16.5,67.5,19,4,4.6,1519.48,"1"
32,16.5,67.5,14,4,4.6,1418.98,"0"
32,16.5,67.5,14,4,4.6,1418.98,"0"
32,16.5,67.5,19,4,4.6,1519.48,"1"
32,16.5,67.5,19,4,4.6,1519.48,"1"
32,16.5,67.5,19,4,4.6,1519.48,"1"
32,16.5,67.5,19,4,4.6,1519.48,"1"
32,16.5,67.5,19,4,4.6,1519.48,"1"
32,16.5,67.5,14,4,4.6,1418.98,"0"
32,16.5,67.5,14,4,4.6,1418.98,"0"
32,16.5,67.5,14,4,4.6,1418.98,"0"
32,16.5,67.5,14,4,4.6,1418.98,"0"
32,16.5,67.5,14,4,4.6,1418.98,"0"
32,16.5,67.5,19,4,4.6,1519.48,"1"
32,16.5,67.5,19,4,4.6,1519.48,"1"
32,16.5,67.5,19,4,4.6,1519.48,"1"
32,16.5,67.5,19,4,4.6,1519.48,"1"
32,16.5,67.5,14,4,4.6,1418.98,"0"
32,16.5,67.5,19,4,4.6,1519.48,"1"
32,16.5,67.5,19,4,4.6,1519.48,"1"
32,16.5,67.5,19,4,4.6,1519.48,"1"
32,16.5,67.5,19,4,4.6,1519.48,"1"
32,16.5,67.5,19,4,4.6,1519.48,"1"
32,16.5,67.5,14,4,4.6,1418.98,"0"
32,16.5,67.5,19,4,4.6,1519.48,"1"
32,16.5,67.5,14,4,4.6,1418.98,"0"
32,16.5,67.5,19,4,4.6,1519.48,"1"
32,16.5,67.5,19,4,4.6,1519.48,"1"
32,16.5,67.5,19,4,4.6,1519.48,"1"
32,16.5,67.5,19,4,4.6,1519.48,"1"
32,16.5,67.5,24,4,4.6,1619.98,"1"
32,16.5,67.5,19,4,4.6,1519.48,"1"
32,16.5,67.5,19,4,4.6,1519.48,"1"
32,16.5,67.5,19,4,4.6,1519.48,"1"
32,16.5,67.5,14,4,4.6,1418.98,"0"
32,16.5,67.5,14,4,4.6,1418.98,"0"
32,16.5,67.5,14,4,4.6,1418.98,"0"
32,16.5,67.5,19,4,4.6,1519.48,"1"
32,16.5,67.5,19,4,4.6,1519.48,"1"
32,16.5,67.5,14,4,4.6,1418.98,"0"
32,16.5,67.5,14,4,4.6,1418.98,"0"
32,16.5,67.5,14,4,4.6,1418.98,"0"
32,16.5,67.5,19,4,4.6,1519.48,"1"
32,16.5,67.5,14,4,4.6,1418.98,"0"
32,16.5,67.5,14,4,4.6,1418.98,"0"
32,16.5,67.5,14,4,4.6,1418.98,"0"
32,16.5,67.5,14,4,4.6,1418.98,"0"
32,16.5,67.5,14,4,4.6,1418.98,"0"
32,16.5,67.5,14,4,4.6,1418.98,"0"
32,16.5,67.5,14,4,4.6,1418.98,"0"
32,16.5,67.5,14,4,4.6,1418.98,"0"
32,16.5,67.5,14,4,4.6,1418.98,"0"
32,16.5,67.5,14,4,4.6,1418.98,"0"
32,16.5,67.5,14,4,4.6,1418.98,"0"
32,16.5,67.5,19,4,4.6,1519.48,"1"
32,16.5,67.5,19,4,4.6,1519.48,"1"
32,16.5,67.5,14,4,4.6,1418.98,"0"
32,16.5,67.5,19,4,4.6,1519.48,"1"
32,16.5,67.5,24,4,4.6,1619.98,"1"
32,16.5,67.5,24,4,4.6,1619.98,"1"
32,16.5,67.5,19,4,4.6,1519.48,"1"
32,16.5,67.5,19,4,4.6,1519.48,"1"
32,16.5,67.5,24,4,4.6,1619.98,"1"
32,16.5,67.5,24,4,4.6,1619.98,"1"
32,16.5,67.5,24,4,4.6,1619.98,"1"
32,16.5,67.5,24,4,4.6,1619.98,"1"
32,16.5,67.5,24,4,4.6,1619.98,"1"
32,16.5,67.5,24,4,4.6,1619.98,"1"
32,16.5,67.5,24,4,4.6,1619.98,"1"
32,16.5,67.5,24,4,4.6,1619.98,"1"
32,16.5,67.5,24,4,4.6,1619.98,"1"
32,16.5,67.5,24,4,4.6,1619.98,"1"
32,16.5,67.5,24,4,4.6,1619.98,"1"
32,16.5,67.5,24,4,4.6,1619.98,"1"
32,16.5,67.5,24,4,4.6,1619.98,"1"
32,16.5,67.5,24,4,4.6,1619.98,"1"
32,16.5,67.5,24,4,4.6,1619.98,"1"
32,16.5,67.5,24,4,4.6,1619.98,"1"
32,16.5,67.5,24,4,4.6,1619.98,"1"
32,16.5,67.5,24,4,4.6,1619.98,"1"
32,16.5,67.5,24,4,4.6,1619.98,"1"
32,16.5,67.5,24,4,4.6,1619.98,"1"
32,16.5,67.5,24,4,4.6,1619.98,"1"
32,16.5,67.5,19,4,4.6,1519.48,"1"
32,16.5,67.5,24,4,4.6,1619.98,"1"
32,16.5,67.5,24,4,4.6,1619.98,"1"
32,16.5,67.5,24,4,4.6,1619.98,"1"
32,16.5,67.5,19,4,4.6,1519.48,"1"
32,16.5,67.5,19,4,4.6,1519.48,"1"
32,16.5,67.5,24,4,4.6,1619.98,"1"
32,16.5,67.5,24,4,4.6,1619.98,"1"
32,16.5,67.5,24,4,4.6,1619.98,"1"
32,16.5,67.5,29,4,4.6,1720.48,"1"
32,16.5,67.5,24,4,4.6,1619.98,"1"
32,16.5,67.5,24,4,4.6,1619.98,"1"
32,16.5,67.5,29,4,4.6,1720.48,"1"
32,16.5,67.5,29,4,4.6,1720.48,"1"
32,16.5,67.5,29,4,4.6,1720.48,"1"
32,16.5,67.5,9,4,4.6,1318.48,"0"
32,16.5,67.5,14,4,4.6,1418.98,"0"
32,16.5,67.5,14,4,4.6,1418.98,"0"
32,16.5,67.5,14,4,4.6,1418.98,"0"
32,16.5,67.5,14,4,4.6,1418.98,"0"
32,16.5,67.5,19,4,4.6,1519.48,"1"
32,16.5,67.5,14,4,4.6,1418.98,"0"
32,16.5,67.5,19,4,4.6,1519.48,"1"
32,16.5,67.5,14,4,4.6,1418.98,"0"
32,16.5,67.5,14,4,4.6,1418.98,"0"
32,16.5,67.5,14,4,4.6,1418.98,"0"
32,16.5,67.5,14,4,4.6,1418.98,"0"
32,16.5,67.5,14,4,4.6,1418.98,"0"
32,16.5,67.5,19,4,4.6,1519.48,"1"
32,16.5,67.5,19,4,4.6,1519.48,"1"
32,16.5,67.5,19,4,4.6,1519.48,"1"
32,16.5,67.5,19,4,4.6,1519.48,"1"
32,16.5,67.5,19,4,4.6,1519.48,"1"
32,16.5,67.5,19,4,4.6,1519.48,"1"
32,16.5,67.5,19,4,4.6,1519.48,"1"
32,16.5,67.5,19,4,4.6,1519.48,"1"
32,16.5,67.5,19,4,4.6,1519.48,"1"
32,16.5,67.5,14,4,4.6,1418.98,"0"
32,16.5,67.5,14,4,4.6,1418.98,"0"
32,16.5,67.5,14,4,4.6,1418.98,"0"
32,16.5,67.5,14,4,4.6,1418.98,"0"
32,16.5,67.5,14,4,4.6,1418.98,"0"
32,16.5,67.5,19,4,4.6,1519.48,"1"
32,16.5,67.5,19,4,4.6,1519.48,"1"
32,16.5,67.5,14,4,4.6,1418.98,"0"
32,16.5,67.5,14,4,4.6,1418.98,"0"
32,16.5,67.5,19,4,4.6,1519.48,"1"
32,16.5,67.5,14,4,4.6,1418.98,"0"
32,16.5,67.5,14,4,4.6,1418.98,"0"
32,16.5,67.5,14,4,4.6,1418.98,"0"
32,16.5,67.5,19,4,4.6,1519.48,"1"
32,16.5,67.5,19,4,4.6,1519.48,"1"
32,16.5,67.5,14,4,4.6,1418.98,"0"
32,16.5,67.5,14,4,4.6,1418.98,"0"
32,16.5,67.5,19,4,4.6,1519.48,"1"
32,16.5,67.5,14,4,4.6,1418.98,"0"
32,16.5,67.5,19,4,4.6,1519.48,"1"
32,16.5,67.5,19,4,4.6,1519.48,"1"
32,16.5,67.5,19,4,4.6,1519.48,"1"
32,16.5,67.5,19,4,4.6,1519.48,"1"
32,16.5,67.5,19,4,4.6,1519.48,"1"
32,16.5,67.5,14,4,4.6,1418.98,"0"
32,16.5,67.5,14,4,4.6,1418.98,"0"
32,16.5,67.5,14,4,4.6,1418.98,"0"
32,16.5,67.5,14,4,4.6,1418.98,"0"
32,16.5,67.5,14,4,4.6,1418.98,"0"
32,16.5,67.5,19,4,4.6,1519.48,"1"
32,16.5,67.5,14,4,4.6,1418.98,"0"
32,16.5,67.5,14,4,4.6,1418.98,"0"
32,16.5,67.5,14,4,4.6,1418.98,"0"
32,16.5,67.5,14,4,4.6,1418.98,"0"
32,16.5,67.5,14,4,4.6,1418.98,"0"
32,16.5,67.5,14,4,4.6,1418.98,"0"
32,16.5,67.5,14,4,4.6,1418.98,"0"
32,16.5,67.5,14,4,4.6,1418.98,"0"
32,16.5,67.5,14,4,4.6,1418.98,"0"
32,16.5,67.5,14,4,4.6,1418.98,"0"
32,16.5,67.5,14,4,4.6,1418.98,"0"
32,16.5,67.5,14,4,4.6,1418.98,"0"
32,16.5,67.5,14,4,4.6,1418.98,"0"
32,16.5,67.5,14,4,4.6,1418.98,"0"
32,16.5,67.5,14,4,4.6,1418.98,"0"
32,16.5,67.5,14,4,4.6,1418.98,"0"
32,16.5,67.5,14,4,4.6,1418.98,"0"
32,16.5,67.5,14,4,4.6,1418.98,"0"
32,16.5,67.5,14,4,4.6,1418.98,"0"
32,16.5,67.5,14,4,4.6,1418.98,"0"
32,16.5,67.5,14,4,4.6,1418.98,"0"
32,16.5,67.5,14,4,4.6,1418.98,"0"
32,16.5,67.5,14,4,4.6,1418.98,"0"
32,16.5,67.5,14,4,4.6,1418.98,"0"
32,16.5,67.5,14,4,4.6,1418.98,"0"
32,16.5,67.5,14,4,4.6,1418.98,"0"
32,16.5,67.5,14,4,4.6,1418.98,"0"
32,16.5,67.5,14,4,4.6,1418.98,"0"
32,16.5,67.5,14,4,4.6,1418.98,"0"
32,16.5,67.5,14,4,4.6,1418.98,"0"
32,16.5,67.5,14,4,4.6,1418.98,"0"
32,16.5,67.5,14,4,4.6,1418.98,"0"
32,16.5,67.5,9,4,4.6,1318.48,"0"
32,16.5,67.5,9,4,4.6,1318.48,"0"
32,16.5,67.5,9,4,4.6,1318.48,"0"
32,16.5,67.5,9,4,4.6,1318.48,"0"
32,16.5,67.5,9,4,4.6,1318.48,"0"
32,16.5,67.5,9,4,4.6,1318.48,"0"
32,16.5,67.5,9,4,4.6,1318.48,"0"
32,16.5,67.5,14,4,4.6,1418.98,"0"
32,16.5,67.5,14,4,4.6,1418.98,"0"
32,16.5,67.5,14,4,4.6,1418.98,"0"
32,16.5,67.5,9,4,4.6,1318.48,"0"
32,16.5,67.5,9,4,4.6,1318.48,"0"
32,16.5,67.5,9,4,4.6,1318.48,"0"
32,16.5,67.5,9,4,4.6,1318.48,"0"
32,16.5,67.5,9,4,4.6,1318.48,"0"
32,16.5,67.5,9,4,4.6,1318.48,"0"
32,16.5,67.5,9,4,4.6,1318.48,"0"
32,16.5,67.5,9,4,4.6,1318.48,"0"
32,16.5,67.5,9,4,4.6,1318.48,"0"
32,16.5,67.5,9,4,4.6,1318.48,"0"
32,16.5,67.5,9,4,4.6,1318.48,"0"
32,16.5,67.5,9,4,4.6,1318.48,"0"
32,16.5,67.5,14,4,4.6,1418.98,"0"
32,16.5,67.5,9,4,4.6,1318.48,"0"
32,16.5,67.5,14,4,4.6,1418.98,"0"
32,16.5,67.5,19,4,4.6,1519.48,"1"
32,16.5,67.5,24,4,4.6,1619.98,"1"
32,16.5,67.5,24,4,4.6,1619.98,"1"
32,16.5,67.5,24,4,4.6,1619.98,"1"
32,16.5,67.5,24,4,4.6,1619.98,"1"
32,16.5,67.5,29,4,4.6,1720.48,"1"
32,16.5,67.5,29,4,4.6,1720.48,"1"
32,16.5,67.5,29,4,4.6,1720.48,"1"
32,16.5,67.5,24,4,4.6,1619.98,"1"
32,16.5,67.5,19,4,4.6,1519.48,"1"
32,16.5,67.5,19,4,4.6,1519.48,"1"
32,16.5,67.5,19,4,4.6,1519.48,"1"
32,16.5,67.5,19,4,4.6,1519.48,"1"
32,16.5,67.5,24,4,4.6,1619.98,"1"
32,16.5,67.5,19,4,4.6,1519.48,"1"
32,16.5,67.5,19,4,4.6,1519.48,"1"
32,16.5,67.5,19,4,4.6,1519.48,"1"
32,16.5,67.5,19,4,4.6,1519.48,"1"
32,16.5,67.5,19,4,4.6,1519.48,"1"
32,16.5,67.5,19,4,4.6,1519.48,"1"
32,16.5,67.5,19,4,4.6,1519.48,"1"
32,16.5,67.5,19,4,4.6,1519.48,"1"
32,16.5,67.5,19,4,4.6,1519.48,"1"
32,16.5,67.5,14,4,4.6,1418.98,"0"
32,16.5,67.5,14,4,4.6,1418.98,"0"
32,16.5,67.5,14,4,4.6,1418.98,"0"
32,16.5,67.5,14,4,4.6,1418.98,"0"
32,16.5,67.5,14,4,4.6,1418.98,"0"
32,16.5,67.5,19,4,4.6,1519.48,"1"
32,16.5,67.5,14,4,4.6,1418.98,"0"
32,16.5,67.5,9,4,4.6,1318.48,"0"
32,16.5,67.5,14,4,4.6,1418.98,"0"
32,16.5,67.5,19,4,4.6,1519.48,"1"
32,16.5,67.5,19,4,4.6,1519.48,"1"
32,16.5,67.5,14,4,4.6,1418.98,"0"
32,16.5,67.5,9,4,4.6,1318.48,"0"
32,16.5,67.5,9,4,4.6,1318.48,"0"
32,16.5,67.5,9,4,4.6,1318.48,"0"
32,16.5,67.5,14,4,4.6,1418.98,"0"
32,16.5,67.5,9,4,4.6,1318.48,"0"
32,16.5,67.5,19,4,4.6,1519.48,"1"
32,16.5,67.5,24,4,4.6,1619.98,"1"
32,16.5,67.5,24,4,4.6,1619.98,"1"
32,16.5,67.5,19,4,4.6,1519.48,"1"
32,16.5,67.5,14,4,4.6,1418.98,"0"
32,16.5,67.5,19,4,4.6,1519.48,"1"
32,16.5,67.5,24,4,4.6,1619.98,"1"
32,16.5,67.5,19,4,4.6,1519.48,"1"
32,16.5,67.5,24,4,4.6,1619.98,"1"
32,16.5,67.5,19,4,4.6,1519.48,"1"
32,16.5,67.5,19,4,4.6,1519.48,"1"
32,16.5,67.5,19,4,4.6,1519.48,"1"
32,16.5,67.5,19,4,4.6,1519.48,"1"
32,16.5,67.5,19,4,4.6,1519.48,"1"
32,16.5,67.5,19,4,4.6,1519.48,"1"
32,16.5,67.5,19,4,4.6,1519.48,"1"
32,16.5,67.5,19,4,4.6,1519.48,"1"
32,16.5,67.5,19,4,4.6,1519.48,"1"
32,16.5,67.5,19,4,4.6,1519.48,"1"
32,16.5,67.5,14,4,4.6,1418.98,"0"
32,16.5,67.5,19,4,4.6,1519.48,"1"
32,16.5,67.5,19,4,4.6,1519.48,"1"
32,16.5,67.5,19,4,4.6,1519.48,"1"
32,16.5,67.5,24,4,4.6,1619.98,"1"
32,16.5,67.5,24,4,4.6,1619.98,"1"
32,16.5,67.5,24,4,4.6,1619.98,"1"
32,16.5,67.5,14,4,4.6,1418.98,"0"
32,16.5,67.5,9,4,4.6,1318.48,"0"
32,16.5,67.5,9,4,4.6,1318.48,"0"
32,16.5,67.5,14,4,4.6,1418.98,"0"
32,16.5,67.5,19,4,4.6,1519.48,"1"
32,16.5,67.5,19,4,4.6,1519.48,"1"
32,16.5,67.5,19,4,4.6,1519.48,"1"
32,16.5,67.5,19,4,4.6,1519.48,"1"
32,16.5,67.5,19,4,4.6,1519.48,"1"
32,16.5,67.5,19,4,4.6,1519.48,"1"
32,16.5,67.5,19,4,4.6,1519.48,"1"
32,16.5,67.5,19,4,4.6,1519.48,"1"
32,16.5,67.5,19,4,4.6,1519.48,"1"
32,16.5,67.5,14,4,4.6,1418.98,"0"
32,16.5,67.5,14,4,4.6,1418.98,"0"
32,16.5,67.5,19,4,4.6,1519.48,"1"
32,16.5,67.5,14,4,4.6,1418.98,"0"
32,16.5,67.5,19,4,4.6,1519.48,"1"
32,16.5,67.5,19,4,4.6,1519.48,"1"
32,16.5,67.5,19,4,4.6,1519.48,"1"
32,16.5,67.5,19,4,4.6,1519.48,"1"
32,16.5,67.5,19,4,4.6,1519.48,"1"
32,16.5,67.5,19,4,4.6,1519.48,"1"
32,16.5,67.5,19,4,4.6,1519.48,"1"
32,16.5,67.5,19,4,4.6,1519.48,"1"
32,16.5,67.5,19,4,4.6,1519.48,"1"
32,16.5,67.5,24,4,4.6,1619.98,"1"
32,16.5,67.5,24,4,4.6,1619.98,"1"
32,16.5,67.5,24,4,4.6,1619.98,"1"
32,16.5,67.5,24,4,4.6,1619.98,"1"
32,16.5,67.5,29,4,4.6,1720.48,"1"
32,16.5,67.5,24,4,4.6,1619.98,"1"
32,16.5,67.5,19,4,4.6,1519.48,"1"
32,16.5,67.5,19,4,4.6,1519.48,"1"
32,16.5,67.5,19,4,4.6,1519.48,"1"
32,16.5,67.5,24,4,4.6,1619.98,"1"
32,16.5,67.5,24,4,4.6,1619.98,"1"
32,16.5,67.5,24,4,4.6,1619.98,"1"
32,16.5,67.5,24,4,4.6,1619.98,"1"
32,16.5,67.5,24,4,4.6,1619.98,"1"
32,16.5,67.5,24,4,4.6,1619.98,"1"
32,16.5,67.5,24,4,4.6,1619.98,"1"
32,16.5,67.5,24,4,4.6,1619.98,"1"
32,16.5,67.5,19,4,4.6,1519.48,"1"
32,16.5,67.5,19,4,4.6,1519.48,"1"
32,16.5,67.5,14,4,4.6,1418.98,"0"
32,16.5,67.5,14,4,4.6,1418.98,"0"
32,16.5,67.5,14,4,4.6,1418.98,"0"
32,16.5,67.5,14,4,4.6,1418.98,"0"
32,16.5,67.5,14,4,4.6,1418.98,"0"
32,16.5,67.5,14,4,4.6,1418.98,"0"
32,16.5,67.5,19,4,4.6,1519.48,"1"
32,16.5,67.5,19,4,4.6,1519.48,"1"
32,16.5,67.5,19,4,4.6,1519.48,"1"
32,16.5,67.5,19,4,4.6,1519.48,"1"
32,16.5,67.5,24,4,4.6,1619.98,"1"
32,16.5,67.5,19,4,4.6,1519.48,"1"
32,16.5,67.5,24,4,4.6,1619.98,"1"
32,16.5,67.5,24,4,4.6,1619.98,"1"
32,16.5,67.5,19,4,4.6,1519.48,"1"
32,16.5,67.5,19,4,4.6,1519.48,"1"
32,16.5,67.5,19,4,4.6,1519.48,"1"
32,16.5,67.5,19,4,4.6,1519.48,"1"
32,16.5,67.5,24,4,4.6,1619.98,"1"
32,16.5,67.5,24,4,4.6,1619.98,"1"
32,16.5,67.5,24,4,4.6,1619.98,"1"
32,16.5,67.5,24,4,4.6,1619.98,"1"
32,16.5,67.5,19,4,4.6,1519.48,"1"
32,16.5,67.5,14,4,4.6,1418.98,"0"
32,16.5,67.5,14,4,4.6,1418.98,"0"
32,16.5,67.5,14,4,4.6,1418.98,"0"
32,16.5,67.5,14,4,4.6,1418.98,"0"
32,16.5,67.5,14,4,4.6,1418.98,"0"
32,16.5,67.5,14,4,4.6,1418.98,"0"
32,16.5,67.5,14,4,4.6,1418.98,"0"
32,16.5,67.5,19,4,4.6,1519.48,"1"
32,16.5,67.5,24,4,4.6,1619.98,"1"
32,16.5,67.5,19,4,4.6,1519.48,"1"
32,16.5,67.5,19,4,4.6,1519.48,"1"
32,16.5,67.5,14,4,4.6,1418.98,"0"
32,16.5,67.5,19,4,4.6,1519.48,"1"
32,16.5,67.5,19,4,4.6,1519.48,"1"
32,16.5,67.5,19,4,4.6,1519.48,"1"
32,16.5,67.5,19,4,4.6,1519.48,"1"
32,16.5,67.5,14,4,4.6,1418.98,"0"
32,16.5,67.5,19,4,4.6,1519.48,"1"
32,16.5,67.5,14,4,4.6,1418.98,"0"
32,16.5,67.5,14,4,4.6,1418.98,"0"
32,16.5,67.5,19,4,4.6,1519.48,"1"
32,16.5,67.5,14,4,4.6,1418.98,"0"
32,16.5,67.5,19,4,4.6,1519.48,"1"
32,16.5,67.5,19,4,4.6,1519.48,"1"
32,16.5,67.5,19,4,4.6,1519.48,"1"
32,16.5,67.5,14,4,4.6,1418.98,"0"
32,16.5,67.5,14,4,4.6,1418.98,"0"
32,16.5,67.5,14,4,4.6,1418.98,"0"
32,16.5,67.5,14,4,4.6,1418.98,"0"
32,16.5,67.5,19,4,4.6,1519.48,"1"
32,16.5,67.5,19,4,4.6,1519.48,"1"
32,16.5,67.5,19,4,4.6,1519.48,"1"
32,16.5,67.5,19,4,4.6,1519.48,"1"
32,16.5,67.5,19,4,4.6,1519.48,"1"
32,16.5,67.5,19,4,4.6,1519.48,"1"
32,16.5,67.5,19,4,4.6,1519.48,"1"
32,16.5,67.5,19,4,4.6,1519.48,"1"
32,16.5,67.5,19,4,4.6,1519.48,"1"
32,16.5,67.5,19,4,4.6,1519.48,"1"
32,16.5,67.5,19,4,4.6,1519.48,"1"
32,16.5,67.5,19,4,4.6,1519.48,"1"
32,16.5,67.5,19,4,4.6,1519.48,"1"
32,16.5,67.5,14,4,4.6,1418.98,"0"
32,16.5,67.5,14,4,4.6,1418.98,"0"
32,16.5,67.5,19,4,4.6,1519.48,"1"
32,16.5,67.5,14,4,4.6,1418.98,"0"
32,16.5,67.5,19,4,4.6,1519.48,"1"
32,16.5,67.5,19,4,4.6,1519.48,"1"
32,16.5,67.5,19,4,4.6,1519.48,"1"
32,16.5,67.5,19,4,4.6,1519.48,"1"
32,16.5,67.5,19,4,4.6,1519.48,"1"
32,16.5,67.5,19,4,4.6,1519.48,"1"
32,16.5,67.5,19,4,4.6,1519.48,"1"
32,16.5,67.5,19,4,4.6,1519.48,"1"
32,16.5,67.5,19,4,4.6,1519.48,"1"
32,16.5,67.5,14,4,4.6,1418.98,"0"
32,16.5,67.5,19,4,4.6,1519.48,"1"
32,16.5,67.5,19,4,4.6,1519.48,"1"
32,16.5,67.5,14,4,4.6,1418.98,"0"
32,16.5,67.5,14,4,4.6,1418.98,"0"
32,16.5,67.5,14,4,4.6,1418.98,"0"
32,16.5,67.5,19,4,4.6,1519.48,"1"
32,16.5,67.5,19,4,4.6,1519.48,"1"
32,16.5,67.5,19,4,4.6,1519.48,"1"
32,16.5,67.5,19,4,4.6,1519.48,"1"
32,16.5,67.5,19,4,4.6,1519.48,"1"
32,16.5,67.5,24,4,4.6,1619.98,"1"
32,16.5,67.5,29,4,4.6,1720.48,"1"
32,16.5,67.5,29,4,4.6,1720.48,"1"
32,16.5,67.5,24,4,4.6,1619.98,"1"
32,16.5,67.5,19,4,4.6,1519.48,"1"
32,16.5,67.5,24,4,4.6,1619.98,"1"
32,16.5,67.5,24,4,4.6,1619.98,"1"
32,16.5,67.5,29,4,4.6,1720.48,"1"
32,16.5,67.5,29,4,4.6,1720.48,"1"
32,16.5,67.5,29,4,4.6,1720.48,"1"
32,16.5,67.5,24,4,4.6,1619.98,"1"
32,16.5,67.5,29,4,4.6,1720.48,"1"
32,16.5,67.5,29,4,4.6,1720.48,"1"
32,16.5,67.5,24,4,4.6,1619.98,"1"
32,16.5,67.5,24,4,4.6,1619.98,"1"
32,16.5,67.5,24,4,4.6,1619.98,"1"
32,16.5,67.5,29,4,4.6,1720.48,"1"
32,16.5,67.5,29,4,4.6,1720.48,"1"
32,16.5,67.5,29,4,4.6,1720.48,"1"
32,16.5,67.5,29,4,4.6,1720.48,"1"
32,16.5,67.5,24,4,4.6,1619.98,"1"
32,16.5,67.5,29,4,4.6,1720.48,"1"
32,16.5,67.5,29,4,4.6,1720.48,"1"
32,16.5,67.5,24,4,4.6,1619.98,"1"
32,16.5,67.5,29,4,4.6,1720.48,"1"
32,16.5,67.5,29,4,4.6,1720.48,"1"
32,16.5,67.5,29,4,4.6,1720.48,"1"
32,16.5,67.5,29,4,4.6,1720.48,"1"
32,16.5,67.5,29,4,4.6,1720.48,"1"
32,16.5,67.5,29,4,4.6,1720.48,"1"
32,16.5,67.5,24,4,4.6,1619.98,"1"
32,16.5,67.5,24,4,4.6,1619.98,"1"
32,16.5,67.5,29,4,4.6,1720.48,"1"
32,16.5,67.5,24,4,4.6,1619.98,"1"
32,16.5,67.5,29,4,4.6,1720.48,"1"
32,16.5,67.5,29,4,4.6,1720.48,"1"
32,16.5,67.5,29,4,4.6,1720.48,"1"
32,16.5,67.5,24,4,4.6,1619.98,"1"
32,16.5,67.5,24,4,4.6,1619.98,"1"
32,16.5,67.5,24,4,4.6,1619.98,"1"
32,16.5,67.5,29,4,4.6,1720.48,"1"
32,16.5,67.5,24,4,4.6,1619.98,"1"
32,16.5,67.5,24,4,4.6,1619.98,"1"
32,16.5,67.5,24,4,4.6,1619.98,"1"
32,16.5,67.5,24,4,4.6,1619.98,"1"
32,16.5,67.5,24,4,4.6,1619.98,"1"
32,16.5,67.5,29,4,4.6,1720.48,"1"
32,16.5,67.5,24,4,4.6,1619.98,"1"
32,16.5,67.5,24,4,4.6,1619.98,"1"
32,16.5,67.5,24,4,4.6,1619.98,"1"
32,16.5,67.5,24,4,4.6,1619.98,"1"
32,16.5,67.5,24,4,4.6,1619.98,"1"
32,16.5,67.5,24,4,4.6,1619.98,"1"
32,16.5,67.5,24,4,4.6,1619.98,"1"
32,16.5,67.5,24,4,4.6,1619.98,"1"
32,16.5,67.5,29,4,4.6,1720.48,"1"
32,16.5,67.5,29,4,4.6,1720.48,"1"
32,16.5,67.5,24,4,4.6,1619.98,"1"
32,16.5,67.5,24,4,4.6,1619.98,"1"
32,16.5,67.5,24,4,4.6,1619.98,"1"
32,16.5,67.5,24,4,4.6,1619.98,"1"
32,16.5,67.5,24,4,4.6,1619.98,"1"
32,16.5,67.5,24,4,4.6,1619.98,"1"
32,16.5,67.5,24,4,4.6,1619.98,"1"
32,16.5,67.5,24,4,4.6,1619.98,"1"
32,16.5,67.5,24,4,4.6,1619.98,"1"
32,16.5,67.5,24,4,4.6,1619.98,"1"
32,16.5,67.5,24,4,4.6,1619.98,"1"
32,16.5,67.5,29,4,4.6,1720.48,"1"
32,16.5,67.5,24,4,4.6,1619.98,"1"
32,16.5,67.5,24,4,4.6,1619.98,"1"
32,16.5,67.5,29,4,4.6,1720.48,"1"
32,16.5,67.5,24,4,4.6,1619.98,"1"
32,16.5,67.5,24,4,4.6,1619.98,"1"
32,16.5,67.5,24,4,4.6,1619.98,"1"
32,16.5,67.5,24,4,4.6,1619.98,"1"
32,16.5,67.5,24,4,4.6,1619.98,"1"
32,16.5,67.5,24,4,4.6,1619.98,"1"
32,16.5,67.5,24,4,4.6,1619.98,"1"
32,16.5,67.5,24,4,4.6,1619.98,"1"
32,16.5,67.5,24,4,4.6,1619.98,"1"
32,16.5,67.5,24,4,4.6,1619.98,"1"
32,16.5,67.5,24,4,4.6,1619.98,"1"
32,16.5,67.5,29,4,4.6,1720.48,"1"
32,16.5,67.5,29,4,4.6,1720.48,"1"
32,16.5,67.5,29,4,4.6,1720.48,"1"
32,16.5,67.5,9,4,4.6,1318.48,"0"
32,16.5,67.5,14,9,4.6,1667.98,"1"
32,16.5,67.5,14,9,4.6,1667.98,"1"
32,16.5,67.5,14,9,4.6,1667.98,"1"
32,16.5,67.5,14,9,4.6,1667.98,"1"
32,16.5,67.5,19,9,4.6,1768.48,"1"
32,16.5,67.5,24,4,4.6,1619.98,"1"
32,16.5,67.5,19,4,4.6,1519.48,"1"
32,16.5,67.5,19,9,4.6,1768.48,"1"
32,16.5,67.5,19,9,4.6,1768.48,"1"
32,16.5,67.5,19,9,4.6,1768.48,"1"
32,16.5,67.5,14,9,4.6,1667.98,"1"
32,16.5,67.5,14,9,4.6,1667.98,"1"
32,16.5,67.5,19,9,4.6,1768.48,"1"
32,16.5,67.5,19,9,4.6,1768.48,"1"
32,16.5,67.5,14,9,4.6,1667.98,"1"
32,16.5,67.5,19,9,4.6,1768.48,"1"
32,16.5,67.5,19,9,4.6,1768.48,"1"
32,16.5,67.5,19,9,4.6,1768.48,"1"
32,16.5,67.5,19,9,4.6,1768.48,"1"
32,16.5,67.5,24,9,4.6,1868.98,"1"
32,16.5,67.5,24,9,4.6,1868.98,"1"
32,16.5,67.5,19,9,4.6,1768.48,"1"
32,16.5,67.5,19,4,4.6,1519.48,"1"
32,16.5,67.5,14,4,4.6,1418.98,"0"
32,16.5,67.5,14,4,4.6,1418.98,"0"
32,16.5,67.5,14,4,4.6,1418.98,"0"
32,16.5,67.5,14,4,4.6,1418.98,"0"
32,16.5,67.5,19,4,4.6,1519.48,"1"
32,16.5,67.5,19,4,4.6,1519.48,"1"
32,16.5,67.5,19,4,4.6,1519.48,"1"
32,16.5,67.5,19,4,4.6,1519.48,"1"
32,16.5,67.5,14,4,4.6,1418.98,"0"
32,16.5,67.5,9,4,4.6,1318.48,"0"
32,16.5,67.5,14,4,4.6,1418.98,"0"
32,16.5,67.5,14,4,4.6,1418.98,"0"
32,16.5,67.5,14,4,4.6,1418.98,"0"
32,16.5,67.5,14,4,4.6,1418.98,"0"
32,16.5,67.5,14,4,4.6,1418.98,"0"
32,16.5,67.5,9,4,4.6,1318.48,"0"
32,16.5,67.5,9,4,4.6,1318.48,"0"
32,16.5,67.5,9,4,4.6,1318.48,"0"
32,16.5,67.5,9,4,4.6,1318.48,"0"
32,16.5,67.5,9,4,4.6,1318.48,"0"
32,16.5,67.5,9,4,4.6,1318.48,"0"
32,16.5,67.5,4,4,4.6,1217.98,"0"
32,16.5,67.5,4,4,4.6,1217.98,"0"
32,16.5,67.5,9,4,4.6,1318.48,"0"
32,16.5,67.5,9,4,4.6,1318.48,"0"
32,16.5,67.5,9,4,4.6,1318.48,"0"
32,16.5,67.5,9,4,4.6,1318.48,"0"
32,16.5,67.5,9,4,4.6,1318.48,"0"
32,16.5,67.5,14,4,4.6,1418.98,"0"
32,16.5,67.5,14,4,4.6,1418.98,"0"
32,16.5,67.5,14,4,4.6,1418.98,"0"
32,16.5,67.5,14,4,4.6,1418.98,"0"
32,16.5,67.5,9,4,4.6,1318.48,"0"
32,16.5,67.5,9,4,4.6,1318.48,"0"
32,16.5,67.5,9,4,4.6,1318.48,"0"
32,16.5,67.5,19,4,4.6,1519.48,"1"
32,16.5,67.5,19,4,4.6,1519.48,"1"
32,16.5,67.5,19,4,4.6,1519.48,"1"
32,16.5,67.5,24,4,4.6,1619.98,"1"
32,16.5,67.5,24,4,4.6,1619.98,"1"
32,16.5,67.5,24,4,4.6,1619.98,"1"
32,16.5,67.5,24,4,4.6,1619.98,"1"
32,16.5,67.5,24,4,4.6,1619.98,"1"
32,16.5,67.5,24,4,4.6,1619.98,"1"
32,16.5,67.5,24,4,4.6,1619.98,"1"
32,16.5,67.5,24,4,4.6,1619.98,"1"
32,16.5,67.5,29,4,4.6,1720.48,"1"
32,16.5,67.5,29,4,4.6,1720.48,"1"
32,16.5,67.5,24,4,4.6,1619.98,"1"
32,16.5,67.5,24,4,4.6,1619.98,"1"
32,16.5,67.5,24,4,4.6,1619.98,"1"
32,16.5,67.5,29,4,4.6,1720.48,"1"
32,16.5,67.5,24,4,4.6,1619.98,"1"
32,16.5,67.5,24,4,4.6,1619.98,"1"
32,16.5,67.5,29,4,4.6,1720.48,"1"
32,16.5,67.5,24,4,4.6,1619.98,"1"
32,16.5,67.5,24,4,4.6,1619.98,"1"
32,16.5,67.5,29,4,4.6,1720.48,"1"
32,16.5,67.5,29,4,4.6,1720.48,"1"
32,16.5,67.5,29,4,4.6,1720.48,"1"
32,16.5,67.5,29,4,4.6,1720.48,"1"
32,16.5,67.5,24,4,4.6,1619.98,"1"
32,16.5,67.5,29,4,4.6,1720.48,"1"
32,16.5,67.5,24,4,4.6,1619.98,"1"
32,16.5,67.5,24,4,4.6,1619.98,"1"
32,16.5,67.5,24,4,4.6,1619.98,"1"
32,16.5,67.5,24,4,4.6,1619.98,"1"
32,16.5,67.5,24,4,4.6,1619.98,"1"
32,16.5,67.5,24,4,4.6,1619.98,"1"
32,16.5,67.5,24,4,4.6,1619.98,"1"
32,16.5,67.5,24,4,4.6,1619.98,"1"
32,16.5,67.5,24,4,4.6,1619.98,"1"
32,16.5,67.5,24,4,4.6,1619.98,"1"
32,16.5,67.5,24,4,4.6,1619.98,"1"
32,16.5,67.5,24,4,4.6,1619.98,"1"
32,16.5,67.5,24,4,4.6,1619.98,"1"
32,16.5,67.5,24,4,4.6,1619.98,"1"
32,16.5,67.5,19,4,4.6,1519.48,"1"
32,16.5,67.5,19,4,4.6,1519.48,"1"
32,16.5,67.5,24,4,4.6,1619.98,"1"
32,16.5,67.5,24,4,4.6,1619.98,"1"
32,16.5,67.5,24,4,4.6,1619.98,"1"
32,16.5,67.5,19,4,4.6,1519.48,"1"
32,16.5,67.5,24,4,4.6,1619.98,"1"
32,16.5,67.5,24,4,4.6,1619.98,"1"
32,16.5,67.5,24,4,4.6,1619.98,"1"
32,16.5,67.5,24,4,4.6,1619.98,"1"
32,16.5,67.5,24,4,4.6,1619.98,"1"
32,16.5,67.5,24,4,4.6,1619.98,"1"
32,16.5,67.5,24,4,4.6,1619.98,"1"
32,16.5,67.5,24,4,4.6,1619.98,"1"
32,16.5,67.5,24,4,4.6,1619.98,"1"
32,16.5,67.5,24,4,4.6,1619.98,"1"
32,16.5,67.5,24,4,4.6,1619.98,"1"
32,16.5,67.5,24,4,4.6,1619.98,"1"
32,16.5,67.5,19,4,4.6,1519.48,"1"
32,16.5,67.5,24,4,4.6,1619.98,"1"
32,16.5,67.5,24,4,4.6,1619.98,"1"
32,16.5,67.5,24,4,4.6,1619.98,"1"
32,16.5,24.6,24,4,5.2,1356.58,"0"
32,16.5,24.6,24,19,15.1,2146.15,"1"
32,16.5,24.6,9,19,15.1,1844.65,"1"
32,16.5,24.6,9,19,15.1,1844.65,"1"
32,16.5,24.6,9,4,15.1,1097.65,"0"
32,16.5,24.6,9,4,15.1,1097.65,"0"
32,16.5,24.6,14,4,15.1,1198.15,"0"
32,16.5,24.6,14,4,5.2,1155.58,"0"
32,16.5,24.6,14,4,5.2,1155.58,"0"
32,16.5,24.6,14,4,5.2,1155.58,"0"
32,16.5,24.6,19,4,5.2,1256.08,"0"
32,16.5,24.6,14,9,5.2,1404.58,"0"
32,16.5,24.6,14,19,5.2,1902.58,"1"
32,16.5,24.6,14,19,5.2,1902.58,"1"
32,16.5,24.6,14,19,5.2,1902.58,"1"
32,16.5,24.6,14,4,5.2,1155.58,"0"
32,16.5,24.6,14,4,5.2,1155.58,"0"
32,16.5,24.6,14,9,5.2,1404.58,"0"
32,16.5,24.6,14,9,5.2,1404.58,"0"
32,16.5,24.6,14,9,5.2,1404.58,"0"
32,16.5,24.6,14,19,5.2,1902.58,"1"
32,16.5,24.6,9,19,5.2,1802.08,"1"
32,16.5,24.6,14,19,5.2,1902.58,"1"
32,16.5,24.6,19,19,5.2,2003.08,"1"
32,16.5,24.6,19,4,15.1,1298.65,"0"
32,16.5,24.6,9,9,15.1,1346.65,"0"
32,16.5,24.6,14,9,15.1,1447.15,"0"
32,16.5,24.6,14,9,15.1,1447.15,"0"
32,16.5,24.6,14,9,15.1,1447.15,"0"
32,16.5,24.6,14,9,15.1,1447.15,"0"
32,16.5,24.6,19,4,15.1,1298.65,"0"
32,16.5,24.6,19,4,15.1,1298.65,"0"
32,16.5,24.6,19,4,15.1,1298.65,"0"
32,16.5,24.6,14,4,15.1,1198.15,"0"
32,16.5,24.6,14,4,15.1,1198.15,"0"
32,16.5,24.6,14,4,15.1,1198.15,"0"
32,16.5,24.6,9,4,15.1,1097.65,"0"
32,16.5,24.6,9,4,15.1,1097.65,"0"
32,16.5,24.6,14,24,15.1,2194.15,"1"
32,16.5,24.6,9,24,15.1,2093.65,"1"
32,16.5,24.6,14,4,7.1,1163.75,"0"
32,16.5,24.6,9,19,38.3,1944.41,"1"
32,16.5,24.6,9,19,38.3,1944.41,"1"
32,16.5,24.6,9,19,38.3,1944.41,"1"
32,16.5,24.6,9,19,38.3,1944.41,"1"
32,16.5,24.6,9,19,38.3,1944.41,"1"
32,16.5,24.6,9,19,38.3,1944.41,"1"
32,16.5,24.6,9,19,38.3,1944.41,"1"
32,16.5,24.6,24,4,38.3,1498.91,"1"
32,16.5,24.6,9,4,38.3,1197.41,"0"
32,16.5,24.6,9,4,38.3,1197.41,"0"
32,16.5,24.6,14,4,38.3,1297.91,"0"
32,16.5,24.6,4,24,38.3,2092.91,"1"
32,16.5,24.6,4,24,38.3,2092.91,"1"
32,16.5,24.6,4,24,38.3,2092.91,"1"
32,16.5,24.6,4,24,38.3,2092.91,"1"
32,16.5,24.6,4,24,38.3,2092.91,"1"
32,16.5,24.6,4,24,38.3,2092.91,"1"
32,16.5,24.6,14,4,15,1197.72,"0"
32,16.5,24.6,14,4,15,1197.72,"0"
32,16.5,24.6,14,4,15,1197.72,"0"
32,16.5,24.6,9,4,15,1097.22,"0"
32,16.5,24.6,14,14,15,1695.72,"1"
32,16.5,24.6,14,14,15,1695.72,"1"
32,16.5,24.6,14,14,15,1695.72,"1"
32,16.5,24.6,14,14,15,1695.72,"1"
32,16.5,24.6,14,14,15,1695.72,"1"
32,16.5,24.6,14,14,15,1695.72,"1"
32,16.5,24.6,14,14,15,1695.72,"1"
32,16.5,24.6,14,4,15,1197.72,"0"
32,16.5,24.6,9,4,15,1097.22,"0"
32,16.5,24.6,14,4,15,1197.72,"0"
32,16.5,24.6,9,4,15,1097.22,"0"
32,16.5,24.6,9,4,15,1097.22,"0"
32,16.5,24.6,9,4,15,1097.22,"0"
32,16.5,24.6,9,4,15,1097.22,"0"
32,16.5,24.6,14,4,15,1197.72,"0"
32,16.5,24.6,14,4,15,1197.72,"0"
32,16.5,24.6,14,4,15,1197.72,"0"
32,16.5,24.6,14,4,15,1197.72,"0"
32,16.5,24.6,19,4,15,1298.22,"0"
32,16.5,24.6,19,4,15,1298.22,"0"
32,16.5,24.6,19,4,15,1298.22,"0"
32,16.5,24.6,14,4,15,1197.72,"0"
32,16.5,24.6,14,4,15,1197.72,"0"
32,16.5,24.6,14,4,15,1197.72,"0"
32,16.5,24.6,14,4,15,1197.72,"0"
32,16.5,24.6,14,4,15,1197.72,"0"
32,16.5,24.6,14,4,15,1197.72,"0"
32,16.5,24.6,14,4,15,1197.72,"0"
32,16.5,24.6,14,4,15,1197.72,"0"
32,16.5,24.6,19,4,15,1298.22,"0"
32,16.5,24.6,14,4,15,1197.72,"0"
32,16.5,24.6,14,4,15,1197.72,"0"
32,16.5,24.6,19,4,15,1298.22,"0"
32,16.5,24.6,19,4,15,1298.22,"0"
32,16.5,24.6,19,4,15,1298.22,"0"
32,16.5,24.6,29,4,15,1499.22,"1"
32,16.5,24.6,14,4,15,1197.72,"0"
32,16.5,24.6,14,4,15,1197.72,"0"
32,16.5,24.6,9,4,15,1097.22,"0"
32,16.5,24.6,9,4,15,1097.22,"0"
32,16.5,24.6,9,4,15,1097.22,"0"
32,16.5,24.6,9,4,15,1097.22,"0"
32,16.5,24.6,9,4,15,1097.22,"0"
32,16.5,24.6,14,4,15,1197.72,"0"
32,16.5,24.6,14,4,15,1197.72,"0"
32,16.5,24.6,9,4,15,1097.22,"0"
32,16.5,24.6,9,4,15,1097.22,"0"
32,16.5,24.6,9,4,15,1097.22,"0"
32,16.5,24.6,9,4,15,1097.22,"0"
32,16.5,24.6,9,4,15,1097.22,"0"
32,16.5,24.6,14,4,15,1197.72,"0"
32,16.5,24.6,14,4,15,1197.72,"0"
32,16.5,24.6,14,4,15,1197.72,"0"
32,16.5,24.6,24,4,15,1398.72,"0"
32,16.5,24.6,4,24,38.3,2092.91,"1"
32,16.5,24.6,4,24,38.3,2092.91,"1"
32,16.5,24.6,4,24,38.3,2092.91,"1"
32,16.5,24.6,4,24,38.3,2092.91,"1"
32,16.5,24.6,29,4,15,1499.22,"1"
32,16.5,24.6,19,4,15,1298.22,"0"
32,16.5,24.6,19,4,15,1298.22,"0"
32,16.5,24.6,14,4,15,1197.72,"0"
32,16.5,24.6,14,4,15,1197.72,"0"
32,16.5,24.6,19,4,15,1298.22,"0"
32,16.5,24.6,14,4,15,1197.72,"0"
32,16.5,24.6,14,4,15,1197.72,"0"
32,16.5,24.6,14,4,15,1197.72,"0"
32,16.5,24.6,14,4,15,1197.72,"0"
32,16.5,24.6,14,4,15,1197.72,"0"
32,16.5,24.6,14,4,15,1197.72,"0"
32,16.5,24.6,14,4,15,1197.72,"0"
32,16.5,24.6,14,4,15,1197.72,"0"
32,16.5,24.6,19,4,15,1298.22,"0"
32,16.5,24.6,14,4,15,1197.72,"0"
32,16.5,24.6,19,4,15,1298.22,"0"
32,16.5,24.6,19,4,15,1298.22,"0"
32,16.5,24.6,14,4,15,1197.72,"0"
32,16.5,24.6,19,4,15,1298.22,"0"
32,16.5,24.6,14,4,15,1197.72,"0"
32,16.5,24.6,24,4,15,1398.72,"0"
32,16.5,24.6,19,4,15,1298.22,"0"
32,16.5,24.6,19,4,15,1298.22,"0"
32,16.5,24.6,19,4,15,1298.22,"0"
32,16.5,24.6,24,4,15,1398.72,"0"
32,16.5,24.6,29,4,15,1499.22,"1"
32,16.5,24.6,4,9,38.3,1345.91,"0"
32,16.5,24.6,14,9,38.3,1546.91,"1"
32,16.5,24.6,19,9,38.3,1647.41,"1"
32,16.5,24.6,19,9,38.3,1647.41,"1"
32,16.5,24.6,24,9,38.3,1747.91,"1"
32,16.5,24.6,19,9,38.3,1647.41,"1"
32,16.5,24.6,14,9,38.3,1546.91,"1"
32,16.5,24.6,14,9,38.3,1546.91,"1"
32,16.5,24.6,14,9,38.3,1546.91,"1"
32,16.5,24.6,24,9,38.3,1747.91,"1"
32,16.5,24.6,29,9,38.3,1848.41,"1"
32,16.5,24.6,9,19,38.3,1944.41,"1"
32,16.5,24.6,9,19,38.3,1944.41,"1"
32,16.5,24.6,9,19,38.3,1944.41,"1"
32,16.5,24.6,9,19,38.3,1944.41,"1"
32,16.5,24.6,9,19,38.3,1944.41,"1"
32,16.5,24.6,9,19,38.3,1944.41,"1"
32,16.5,24.6,9,19,38.3,1944.41,"1"
32,16.5,24.6,9,19,38.3,1944.41,"1"
32,16.5,24.6,9,19,38.3,1944.41,"1"
32,16.5,24.6,9,19,38.3,1944.41,"1"
32,16.5,24.6,9,19,38.3,1944.41,"1"
32,16.5,24.6,14,19,38.3,2044.91,"1"
32,16.5,24.6,14,19,38.3,2044.91,"1"
32,16.5,24.6,14,9,38.3,1546.91,"1"
32,16.5,24.6,14,9,38.3,1546.91,"1"
32,16.5,24.6,14,9,38.3,1546.91,"1"
32,16.5,24.6,14,9,38.3,1546.91,"1"
32,16.5,24.6,14,9,38.3,1546.91,"1"
32,16.5,24.6,14,9,38.3,1546.91,"1"
32,16.5,24.6,14,9,38.3,1546.91,"1"
32,16.5,24.6,14,9,38.3,1546.91,"1"
32,16.5,24.6,14,9,38.3,1546.91,"1"
32,16.5,24.6,9,4,15,1097.22,"0"
32,16.5,24.6,9,4,15,1097.22,"0"
32,16.5,24.6,9,4,15,1097.22,"0"
32,16.5,24.6,9,4,15,1097.22,"0"
32,16.5,24.6,9,4,15,1097.22,"0"
32,16.5,24.6,9,4,15,1097.22,"0"
32,16.5,24.6,9,4,15,1097.22,"0"
32,16.5,24.6,9,4,15,1097.22,"0"
32,16.5,24.6,19,4,15,1298.22,"0"
32,16.5,24.6,19,4,15,1298.22,"0"
32,16.5,24.6,14,4,15,1197.72,"0"
32,16.5,24.6,14,4,15,1197.72,"0"
32,16.5,24.6,14,4,15,1197.72,"0"
32,16.5,24.6,19,4,15,1298.22,"0"
32,16.5,24.6,19,4,15,1298.22,"0"
32,16.5,24.6,19,4,15,1298.22,"0"
32,16.5,24.6,14,4,15,1197.72,"0"
32,16.5,24.6,19,4,15,1298.22,"0"
32,16.5,24.6,19,4,15,1298.22,"0"
32,16.5,24.6,19,4,15,1298.22,"0"
32,16.5,24.6,19,4,15,1298.22,"0"
32,16.5,24.6,19,4,15,1298.22,"0"
32,16.5,24.6,14,4,15,1197.72,"0"
32,16.5,24.6,14,4,15,1197.72,"0"
32,16.5,24.6,19,4,15,1298.22,"0"
32,16.5,24.6,19,4,15,1298.22,"0"
32,16.5,24.6,29,4,15,1499.22,"1"
32,16.5,24.6,4,9,38.3,1345.91,"0"
32,16.5,24.6,4,9,38.3,1345.91,"0"
32,16.5,24.6,4,9,38.3,1345.91,"0"
32,16.5,24.6,4,14,15,1494.72,"1"
32,16.5,24.6,9,14,15,1595.22,"1"
32,16.5,24.6,9,14,15,1595.22,"1"
32,16.5,24.6,14,4,15,1197.72,"0"
32,16.5,24.6,19,4,15,1298.22,"0"
32,16.5,24.6,19,4,15,1298.22,"0"
32,16.5,24.6,19,4,15,1298.22,"0"
32,16.5,24.6,14,4,15,1197.72,"0"
32,16.5,24.6,19,4,15,1298.22,"0"
32,16.5,24.6,24,4,15,1398.72,"0"
32,16.5,24.6,24,4,15,1398.72,"0"
32,16.5,24.6,24,4,15,1398.72,"0"
32,16.5,24.6,29,4,15,1499.22,"1"
32,16.5,24.6,19,4,15,1298.22,"0"
32,16.5,24.6,24,4,15,1398.72,"0"
32,16.5,24.6,29,4,15,1499.22,"1"
32,16.5,24.6,29,4,15,1499.22,"1"
32,16.5,24.6,19,4,38.3,1398.41,"0"
32,16.5,24.6,24,4,15,1398.72,"0"
32,16.5,24.6,24,4,38.3,1498.91,"1"
32,16.5,24.6,14,4,38.3,1297.91,"0"
32,16.5,24.6,19,4,38.3,1398.41,"0"
32,16.5,24.6,9,19,38.3,1944.41,"1"
32,16.5,24.6,9,19,38.3,1944.41,"1"
32,16.5,24.6,4,19,38.3,1843.91,"1"
32,16.5,24.6,4,19,38.3,1843.91,"1"
32,16.5,24.6,9,19,38.3,1944.41,"1"
32,16.5,24.6,9,19,38.3,1944.41,"1"
32,16.5,24.6,9,19,38.3,1944.41,"1"
32,16.5,24.6,24,4,38.3,1498.91,"1"
32,16.5,24.6,19,4,38.3,1398.41,"0"
32,16.5,24.6,24,4,38.3,1498.91,"1"
32,16.5,24.6,29,9,38.3,1848.41,"1"
32,16.5,24.6,14,9,38.3,1546.91,"1"
32,16.5,24.6,19,9,38.3,1647.41,"1"
32,16.5,24.6,29,9,38.3,1848.41,"1"
32,16.5,24.6,29,9,38.3,1848.41,"1"
32,16.5,24.6,14,9,38.3,1546.91,"1"
32,16.5,24.6,14,9,38.3,1546.91,"1"
32,16.5,24.6,29,19,38.3,2346.41,"1"
32,16.5,24.6,29,19,38.3,2346.41,"1"
32,16.5,24.6,29,19,38.3,2346.41,"1"
32,16.5,24.6,29,19,38.3,2346.41,"1"
32,16.5,24.6,29,19,38.3,2346.41,"1"
32,16.5,24.6,29,19,38.3,2346.41,"1"
32,16.5,24.6,29,19,38.3,2346.41,"1"
32,16.5,24.6,24,4,15,1398.72,"0"
32,16.5,24.6,29,4,15,1499.22,"1"
32,16.5,24.6,29,4,15,1499.22,"1"
32,16.5,24.6,29,4,15,1499.22,"1"
32,16.5,24.6,29,4,15,1499.22,"1"
32,16.5,24.6,29,14,15,1997.22,"1"
32,16.5,24.6,29,14,15,1997.22,"1"
32,16.5,24.6,29,14,15,1997.22,"1"
32,16.5,24.6,29,14,15,1997.22,"1"
32,16.5,24.6,29,14,15,1997.22,"1"
32,16.5,24.6,24,14,15,1896.72,"1"
32,16.5,24.6,24,14,15,1896.72,"1"
32,16.5,24.6,24,4,15,1398.72,"0"
32,16.5,24.6,19,4,15,1298.22,"0"
32,16.5,24.6,24,4,15,1398.72,"0"
32,16.5,24.6,29,4,15,1499.22,"1"
32,16.5,24.6,4,14,38.3,1594.91,"1"
32,16.5,24.6,4,14,38.3,1594.91,"1"
32,16.5,24.6,4,14,38.3,1594.91,"1"
32,16.5,24.6,29,14,15,1997.22,"1"
32,16.5,24.6,29,14,15,1997.22,"1"
32,16.5,24.6,29,14,15,1997.22,"1"
32,16.5,24.6,29,14,15,1997.22,"1"
32,16.5,24.6,29,14,15,1997.22,"1"
32,16.5,24.6,29,14,15,1997.22,"1"
32,16.5,24.6,29,14,15,1997.22,"1"
32,16.5,24.6,29,14,15,1997.22,"1"
32,16.5,24.6,29,14,15,1997.22,"1"
32,16.5,24.6,29,14,15,1997.22,"1"
32,16.5,24.6,24,4,38.3,1498.91,"1"
32,16.5,24.6,24,4,38.3,1498.91,"1"
32,16.5,24.6,24,4,38.3,1498.91,"1"
32,16.5,24.6,24,4,38.3,1498.91,"1"
32,16.5,24.6,19,4,38.3,1398.41,"0"
32,16.5,24.6,14,4,38.3,1297.91,"0"
32,16.5,24.6,14,4,38.3,1297.91,"0"
32,16.5,24.6,14,4,38.3,1297.91,"0"
32,16.5,24.6,14,4,38.3,1297.91,"0"
32,16.5,24.6,4,9,38.3,1345.91,"0"
32,16.5,24.6,9,9,38.3,1446.41,"0"
32,16.5,24.6,4,9,38.3,1345.91,"0"
32,16.5,24.6,4,9,38.3,1345.91,"0"
32,16.5,24.6,4,9,38.3,1345.91,"0"
32,16.5,24.6,4,9,38.3,1345.91,"0"
32,16.5,24.6,19,4,38.3,1398.41,"0"
32,16.5,24.6,14,9,38.3,1546.91,"1"
32,16.5,24.6,14,4,15,1197.72,"0"
32,16.5,24.6,14,4,15,1197.72,"0"
32,16.5,24.6,14,4,15,1197.72,"0"
32,16.5,24.6,14,4,15,1197.72,"0"
32,16.5,24.6,14,4,15,1197.72,"0"
32,16.5,24.6,14,4,15,1197.72,"0"
32,16.5,24.6,14,4,15,1197.72,"0"
32,16.5,24.6,14,9,15,1446.72,"0"
32,16.5,24.6,24,9,38.3,1747.91,"1"
32,16.5,24.6,19,9,38.3,1647.41,"1"
32,16.5,24.6,19,9,38.3,1647.41,"1"
32,16.5,24.6,19,9,38.3,1647.41,"1"
32,16.5,24.6,19,9,38.3,1647.41,"1"
32,16.5,24.6,24,9,38.3,1747.91,"1"
32,16.5,24.6,29,9,38.3,1848.41,"1"
32,16.5,24.6,29,9,38.3,1848.41,"1"
32,16.5,24.6,29,9,38.3,1848.41,"1"
32,16.5,24.6,29,9,38.3,1848.41,"1"
32,16.5,24.6,29,9,38.3,1848.41,"1"
32,16.5,24.6,29,9,38.3,1848.41,"1"
32,16.5,24.6,29,9,38.3,1848.41,"1"
32,16.5,24.6,29,9,38.3,1848.41,"1"
32,16.5,24.6,29,9,38.3,1848.41,"1"
32,16.5,24.6,29,9,38.3,1848.41,"1"
32,16.5,24.6,29,9,38.3,1848.41,"1"
32,16.5,24.6,29,9,38.3,1848.41,"1"
32,16.5,24.6,29,9,38.3,1848.41,"1"
32,16.5,24.6,29,9,38.3,1848.41,"1"
32,16.5,24.6,29,9,38.3,1848.41,"1"
32,16.5,24.6,29,9,38.3,1848.41,"1"
32,16.5,24.6,29,9,38.3,1848.41,"1"
32,16.5,24.6,29,9,38.3,1848.41,"1"
32,16.5,24.6,14,9,15,1446.72,"0"
32,16.5,24.6,9,9,15,1346.22,"0"
32,16.5,24.6,19,9,15,1547.22,"1"
32,16.5,24.6,19,9,15,1547.22,"1"
32,16.5,24.6,4,19,38.3,1843.91,"1"
32,16.5,24.6,4,14,38.3,1594.91,"1"
32,16.5,24.6,4,14,38.3,1594.91,"1"
32,16.5,24.6,4,14,38.3,1594.91,"1"
32,16.5,24.6,9,14,38.3,1695.41,"1"
32,16.5,24.6,9,14,38.3,1695.41,"1"
32,16.5,24.6,4,14,38.3,1594.91,"1"
32,16.5,24.6,4,14,38.3,1594.91,"1"
32,16.5,24.6,4,14,38.3,1594.91,"1"
32,16.5,24.6,4,14,38.3,1594.91,"1"
32,16.5,24.6,4,14,38.3,1594.91,"1"
32,16.5,24.6,4,14,38.3,1594.91,"1"
32,16.5,24.6,4,14,38.3,1594.91,"1"
32,16.5,24.6,4,19,38.3,1843.91,"1"
32,16.5,24.6,14,4,15,1197.72,"0"
32,16.5,24.6,14,4,15,1197.72,"0"
32,16.5,24.6,14,4,15,1197.72,"0"
32,16.5,24.6,14,4,15,1197.72,"0"
32,16.5,24.6,14,4,15,1197.72,"0"
32,16.5,24.6,14,4,15,1197.72,"0"
32,16.5,24.6,14,4,15,1197.72,"0"
32,16.5,24.6,14,4,15,1197.72,"0"
32,16.5,24.6,14,4,15,1197.72,"0"
32,16.5,24.6,9,4,38.3,1197.41,"0"
32,16.5,24.6,9,14,38.3,1695.41,"1"
32,16.5,24.6,9,4,38.3,1197.41,"0"
32,16.5,24.6,9,4,38.3,1197.41,"0"
32,16.5,24.6,9,4,38.3,1197.41,"0"
32,16.5,24.6,9,4,38.3,1197.41,"0"
32,16.5,24.6,9,4,38.3,1197.41,"0"
32,16.5,24.6,4,4,38.3,1096.91,"0"
32,16.5,24.6,4,4,38.3,1096.91,"0"
32,16.5,24.6,4,4,38.3,1096.91,"0"
32,16.5,24.6,4,14,38.3,1594.91,"1"
32,16.5,24.6,4,14,38.3,1594.91,"1"
32,16.5,24.6,4,14,38.3,1594.91,"1"
32,16.5,24.6,4,14,38.3,1594.91,"1"
32,16.5,24.6,9,14,38.3,1695.41,"1"
32,16.5,24.6,9,14,38.3,1695.41,"1"
32,16.5,24.6,9,4,38.3,1197.41,"0"
32,16.5,24.6,9,14,38.3,1695.41,"1"
32,16.5,24.6,9,4,38.3,1197.41,"0"
32,16.5,24.6,9,4,38.3,1197.41,"0"
32,16.5,24.6,9,4,38.3,1197.41,"0"
32,16.5,24.6,14,4,38.3,1297.91,"0"
32,16.5,24.6,14,4,38.3,1297.91,"0"
32,16.5,24.6,9,4,38.3,1197.41,"0"
32,16.5,24.6,9,4,38.3,1197.41,"0"
32,16.5,24.6,9,4,38.3,1197.41,"0"
32,16.5,24.6,14,4,38.3,1297.91,"0"
32,16.5,24.6,9,4,38.3,1197.41,"0"
32,16.5,24.6,9,4,38.3,1197.41,"0"
32,16.5,24.6,9,4,38.3,1197.41,"0"
32,16.5,24.6,9,4,38.3,1197.41,"0"
32,16.5,24.6,9,4,38.3,1197.41,"0"
32,16.5,24.6,9,4,38.3,1197.41,"0"
32,16.5,24.6,9,4,38.3,1197.41,"0"
32,16.5,24.6,9,4,38.3,1197.41,"0"
32,16.5,24.6,9,4,38.3,1197.41,"0"
32,16.5,24.6,9,4,38.3,1197.41,"0"
32,16.5,24.6,14,4,38.3,1297.91,"0"
32,16.5,24.6,14,4,38.3,1297.91,"0"
32,16.5,24.6,14,4,38.3,1297.91,"0"
32,16.5,24.6,9,4,38.3,1197.41,"0"
32,16.5,24.6,9,4,38.3,1197.41,"0"
32,16.5,24.6,9,4,38.3,1197.41,"0"
32,16.5,24.6,4,9,38.3,1345.91,"0"
32,16.5,24.6,4,9,38.3,1345.91,"0"
32,16.5,24.6,9,4,38.3,1197.41,"0"
32,16.5,24.6,9,4,38.3,1197.41,"0"
32,16.5,24.6,9,4,38.3,1197.41,"0"
32,16.5,24.6,9,4,38.3,1197.41,"0"
32,16.5,24.6,9,4,38.3,1197.41,"0"
32,16.5,24.6,14,4,38.3,1297.91,"0"
32,16.5,24.6,14,4,38.3,1297.91,"0"
32,16.5,24.6,4,9,38.3,1345.91,"0"
32,16.5,24.6,14,4,15,1197.72,"0"
32,16.5,24.6,9,4,38.3,1197.41,"0"
32,16.5,24.6,14,4,38.3,1297.91,"0"
32,16.5,24.6,14,4,38.3,1297.91,"0"
32,16.5,24.6,14,4,38.3,1297.91,"0"
32,16.5,24.6,14,4,38.3,1297.91,"0"
32,16.5,24.6,14,4,38.3,1297.91,"0"
32,16.5,24.6,14,4,38.3,1297.91,"0"
32,16.5,24.6,14,4,38.3,1297.91,"0"
32,16.5,24.6,14,4,38.3,1297.91,"0"
32,16.5,24.6,14,4,38.3,1297.91,"0"
32,16.5,24.6,14,4,38.3,1297.91,"0"
32,16.5,24.6,9,4,38.3,1197.41,"0"
32,16.5,24.6,9,4,38.3,1197.41,"0"
32,16.5,24.6,9,4,38.3,1197.41,"0"
32,16.5,24.6,9,4,38.3,1197.41,"0"
32,16.5,24.6,9,4,38.3,1197.41,"0"
32,16.5,24.6,14,9,38.3,1546.91,"1"
32,16.5,24.6,9,9,38.3,1446.41,"0"
32,16.5,24.6,9,9,38.3,1446.41,"0"
32,16.5,24.6,9,9,38.3,1446.41,"0"
32,16.5,24.6,9,9,38.3,1446.41,"0"
32,16.5,24.6,9,9,38.3,1446.41,"0"
32,16.5,24.6,9,9,38.3,1446.41,"0"
32,16.5,24.6,9,9,38.3,1446.41,"0"
32,16.5,24.6,9,9,38.3,1446.41,"0"
32,16.5,24.6,19,4,38.3,1398.41,"0"
32,16.5,24.6,19,14,38.3,1896.41,"1"
32,16.5,24.6,14,14,38.3,1795.91,"1"
32,16.5,24.6,14,14,38.3,1795.91,"1"
32,16.5,24.6,14,14,38.3,1795.91,"1"
32,16.5,24.6,19,4,38.3,1398.41,"0"
32,16.5,24.6,4,9,38.3,1345.91,"0"
32,16.5,24.6,4,9,38.3,1345.91,"0"
32,16.5,24.6,4,9,38.3,1345.91,"0"
32,16.5,24.6,4,9,38.3,1345.91,"0"
32,16.5,24.6,4,9,38.3,1345.91,"0"
32,16.5,24.6,4,9,38.3,1345.91,"0"
32,16.5,24.6,4,9,38.3,1345.91,"0"
32,16.5,24.6,4,9,38.3,1345.91,"0"
32,16.5,24.6,4,9,38.3,1345.91,"0"
32,16.5,24.6,4,9,38.3,1345.91,"0"
32,16.5,24.6,4,9,38.3,1345.91,"0"
32,16.5,24.6,4,9,38.3,1345.91,"0"
32,16.5,24.6,4,9,38.3,1345.91,"0"
32,16.5,24.6,4,9,38.3,1345.91,"0"
32,16.5,24.6,24,9,38.3,1747.91,"1"
32,16.5,24.6,29,9,38.3,1848.41,"1"
32,16.5,24.6,24,9,38.3,1747.91,"1"
32,16.5,24.6,14,4,38.3,1297.91,"0"
32,16.5,24.6,9,4,38.3,1197.41,"0"
32,16.5,24.6,9,4,38.3,1197.41,"0"
32,16.5,24.6,9,4,38.3,1197.41,"0"
32,16.5,24.6,9,4,38.3,1197.41,"0"
32,16.5,24.6,9,4,38.3,1197.41,"0"
32,16.5,24.6,14,4,38.3,1297.91,"0"
32,16.5,24.6,14,4,38.3,1297.91,"0"
32,16.5,24.6,14,4,38.3,1297.91,"0"
32,16.5,24.6,14,4,38.3,1297.91,"0"
32,16.5,24.6,14,4,38.3,1297.91,"0"
32,16.5,24.6,14,4,38.3,1297.91,"0"
32,16.5,24.6,14,4,38.3,1297.91,"0"
32,16.5,24.6,14,4,38.3,1297.91,"0"
32,16.5,24.6,9,4,38.3,1197.41,"0"
32,16.5,24.6,9,4,38.3,1197.41,"0"
32,16.5,24.6,9,4,38.3,1197.41,"0"
32,16.5,24.6,9,4,38.3,1197.41,"0"
32,16.5,24.6,14,14,38.3,1795.91,"1"
32,16.5,24.6,9,14,38.3,1695.41,"1"
32,16.5,24.6,4,4,38.3,1096.91,"0"
32,16.5,24.6,9,4,38.3,1197.41,"0"
32,16.5,24.6,9,4,38.3,1197.41,"0"
32,16.5,24.6,14,4,38.3,1297.91,"0"
32,16.5,24.6,14,4,38.3,1297.91,"0"
32,16.5,24.6,14,4,38.3,1297.91,"0"
32,16.5,24.6,14,4,38.3,1297.91,"0"
32,16.5,24.6,14,4,38.3,1297.91,"0"
32,16.5,24.6,14,4,38.3,1297.91,"0"
32,16.5,24.6,14,4,38.3,1297.91,"0"
32,16.5,24.6,14,4,38.3,1297.91,"0"
32,16.5,24.6,14,4,38.3,1297.91,"0"
32,16.5,24.6,14,4,38.3,1297.91,"0"
32,16.5,24.6,4,4,38.3,1096.91,"0"
32,16.5,24.6,4,24,38.3,2092.91,"1"
32,16.5,24.6,4,24,38.3,2092.91,"1"
32,16.5,24.6,4,24,38.3,2092.91,"1"
32,16.5,24.6,4,4,38.3,1096.91,"0"
32,16.5,24.6,4,24,38.3,2092.91,"1"
32,16.5,24.6,9,24,38.3,2193.41,"1"
32,16.5,24.6,29,9,15,1748.22,"1"
32,16.5,24.6,29,14,15,1997.22,"1"
32,16.5,24.6,29,14,15,1997.22,"1"
32,16.5,24.6,29,14,15,1997.22,"1"
32,16.5,24.6,29,9,15,1748.22,"1"
32,16.5,24.6,29,9,15,1748.22,"1"
32,16.5,24.6,29,9,15,1748.22,"1"
32,16.5,24.6,29,9,15,1748.22,"1"
32,16.5,24.6,24,9,15,1647.72,"1"
32,16.5,24.6,29,9,15,1748.22,"1"
32,16.5,24.6,9,4,15,1097.22,"0"
32,16.5,24.6,9,14,15,1595.22,"1"
32,16.5,24.6,4,14,15,1494.72,"1"
32,16.5,24.6,4,14,15,1494.72,"1"
32,16.5,24.6,9,14,15,1595.22,"1"
32,16.5,24.6,9,14,15,1595.22,"1"
32,16.5,24.6,14,14,15,1695.72,"1"
32,16.5,24.6,14,14,15,1695.72,"1"
32,16.5,24.6,19,4,15,1298.22,"0"
32,16.5,24.6,19,4,15,1298.22,"0"
32,16.5,24.6,19,4,15,1298.22,"0"
32,16.5,24.6,29,4,15,1499.22,"1"
32,16.5,24.6,29,14,15,1997.22,"1"
32,16.5,24.6,29,4,15,1499.22,"1"
32,16.5,24.6,29,4,15,1499.22,"1"
32,16.5,24.6,29,4,15,1499.22,"1"
32,16.5,24.6,29,4,15,1499.22,"1"
32,16.5,24.6,29,4,15,1499.22,"1"
32,16.5,24.6,29,4,15,1499.22,"1"
32,16.5,24.6,29,4,15,1499.22,"1"
32,16.5,24.6,24,4,15,1398.72,"0"
32,16.5,24.6,29,4,15,1499.22,"1"
32,16.5,24.6,29,14,15,1997.22,"1"
32,16.5,24.6,29,4,15,1499.22,"1"
32,16.5,24.6,29,4,15,1499.22,"1"
32,16.5,24.6,29,4,15,1499.22,"1"
32,16.5,24.6,29,4,15,1499.22,"1"
32,16.5,24.6,29,4,15,1499.22,"1"
32,16.5,24.6,29,4,15,1499.22,"1"
32,16.5,24.6,29,4,15,1499.22,"1"
32,16.5,24.6,29,4,15,1499.22,"1"
32,16.5,24.6,29,4,15,1499.22,"1"
32,16.5,24.6,29,4,15,1499.22,"1"
32,16.5,24.6,29,4,15,1499.22,"1"
32,16.5,24.6,29,4,15,1499.22,"1"
32,16.5,24.6,29,4,15,1499.22,"1"
32,16.5,24.6,29,4,15,1499.22,"1"
32,16.5,24.6,29,4,15,1499.22,"1"
32,16.5,24.6,29,4,15,1499.22,"1"
32,16.5,24.6,29,4,15,1499.22,"1"
32,16.5,24.6,29,4,15,1499.22,"1"
32,16.5,24.6,24,4,15,1398.72,"0"
32,16.5,24.6,24,4,15,1398.72,"0"
32,16.5,24.6,29,4,15,1499.22,"1"
32,16.5,24.6,24,4,15,1398.72,"0"
32,16.5,24.6,24,4,15,1398.72,"0"
32,16.5,24.6,24,14,15,1896.72,"1"
32,16.5,24.6,29,14,15,1997.22,"1"
32,16.5,24.6,29,14,15,1997.22,"1"
32,16.5,24.6,29,14,15,1997.22,"1"
32,16.5,24.6,29,4,15,1499.22,"1"
32,16.5,24.6,29,4,15,1499.22,"1"
32,16.5,24.6,29,4,15,1499.22,"1"
32,16.5,24.6,29,4,15,1499.22,"1"
32,16.5,24.6,29,4,15,1499.22,"1"
32,16.5,24.6,29,4,15,1499.22,"1"
32,16.5,24.6,24,4,15,1398.72,"0"
32,16.5,24.6,29,4,15,1499.22,"1"
32,16.5,24.6,24,4,15,1398.72,"0"
32,16.5,24.6,29,4,15,1499.22,"1"
32,16.5,24.6,29,4,15,1499.22,"1"
32,16.5,24.6,29,14,15,1997.22,"1"
32,16.5,24.6,9,14,38.3,1695.41,"1"
32,16.5,24.6,14,14,38.3,1795.91,"1"
32,16.5,24.6,9,14,38.3,1695.41,"1"
32,16.5,24.6,14,14,38.3,1795.91,"1"
32,16.5,24.6,14,14,38.3,1795.91,"1"
32,16.5,24.6,9,14,38.3,1695.41,"1"
32,16.5,24.6,14,14,38.3,1795.91,"1"
32,16.5,24.6,14,14,38.3,1795.91,"1"
32,16.5,24.6,14,14,38.3,1795.91,"1"
32,16.5,24.6,14,14,38.3,1795.91,"1"
32,16.5,24.6,14,14,38.3,1795.91,"1"
32,16.5,24.6,9,4,38.3,1197.41,"0"
32,16.5,24.6,9,14,38.3,1695.41,"1"
32,16.5,24.6,9,14,38.3,1695.41,"1"
32,16.5,24.6,9,14,38.3,1695.41,"1"
32,16.5,24.6,9,14,38.3,1695.41,"1"
32,16.5,24.6,9,14,38.3,1695.41,"1"
32,16.5,24.6,9,14,38.3,1695.41,"1"
32,16.5,24.6,9,14,38.3,1695.41,"1"
32,16.5,24.6,9,14,38.3,1695.41,"1"
32,16.5,24.6,9,14,38.3,1695.41,"1"
32,16.5,24.6,9,4,38.3,1197.41,"0"
32,16.5,24.6,9,14,38.3,1695.41,"1"
32,16.5,24.6,9,4,38.3,1197.41,"0"
32,16.5,24.6,9,4,38.3,1197.41,"0"
32,16.5,24.6,9,4,38.3,1197.41,"0"
32,16.5,24.6,9,4,38.3,1197.41,"0"
32,16.5,24.6,9,14,38.3,1695.41,"1"
32,16.5,24.6,9,14,38.3,1695.41,"1"
32,16.5,24.6,9,14,38.3,1695.41,"1"
32,16.5,24.6,9,14,38.3,1695.41,"1"
32,16.5,24.6,9,14,38.3,1695.41,"1"
32,16.5,24.6,24,4,15,1398.72,"0"
32,16.5,24.6,19,4,15,1298.22,"0"
32,16.5,24.6,24,4,15,1398.72,"0"
32,16.5,24.6,19,4,15,1298.22,"0"
32,16.5,24.6,19,4,15,1298.22,"0"
32,16.5,24.6,19,4,15,1298.22,"0"
32,16.5,24.6,14,4,15,1197.72,"0"
32,16.5,24.6,14,4,15,1197.72,"0"
32,16.5,24.6,14,4,15,1197.72,"0"
32,16.5,24.6,19,4,15,1298.22,"0"
32,16.5,24.6,14,4,15,1197.72,"0"
32,16.5,24.6,14,4,15,1197.72,"0"
32,16.5,24.6,14,4,15,1197.72,"0"
32,16.5,24.6,14,4,15,1197.72,"0"
32,16.5,24.6,9,4,15,1097.22,"0"
32,16.5,24.6,9,4,15,1097.22,"0"
32,16.5,24.6,9,4,15,1097.22,"0"
32,16.5,24.6,4,4,15,996.72,"0"
32,16.5,24.6,4,4,15,996.72,"0"
32,16.5,24.6,9,4,15,1097.22,"0"
32,16.5,24.6,14,4,15,1197.72,"0"
32,16.5,24.6,19,4,15,1298.22,"0"
32,16.5,24.6,14,4,15,1197.72,"0"
32,16.5,24.6,9,4,15,1097.22,"0"
32,16.5,24.6,24,4,15,1398.72,"0"
32,16.5,24.6,14,9,15,1446.72,"0"
32,16.5,24.6,14,9,15,1446.72,"0"
32,16.5,24.6,14,9,15,1446.72,"0"
32,16.5,24.6,14,9,15,1446.72,"0"
32,16.5,24.6,14,9,15,1446.72,"0"
32,16.5,24.6,14,9,15,1446.72,"0"
32,16.5,24.6,14,14,15,1695.72,"1"
32,16.5,24.6,14,4,15,1197.72,"0"
32,16.5,24.6,14,4,15,1197.72,"0"
32,16.5,24.6,14,4,15,1197.72,"0"
32,16.5,24.6,14,4,15,1197.72,"0"
32,16.5,24.6,14,4,15,1197.72,"0"
32,16.5,24.6,19,4,15,1298.22,"0"
32,16.5,24.6,19,4,15,1298.22,"0"
32,16.5,24.6,14,4,15,1197.72,"0"
32,16.5,24.6,14,4,15,1197.72,"0"
32,16.5,24.6,14,4,15,1197.72,"0"
32,16.5,24.6,14,4,15,1197.72,"0"
32,16.5,24.6,14,4,15,1197.72,"0"
32,16.5,24.6,14,4,15,1197.72,"0"
32,16.5,24.6,14,4,15,1197.72,"0"
32,16.5,24.6,14,4,15,1197.72,"0"
32,16.5,24.6,14,4,15,1197.72,"0"
32,16.5,24.6,14,4,15,1197.72,"0"
32,16.5,24.6,14,4,15,1197.72,"0"
32,16.5,24.6,14,4,15,1197.72,"0"
32,16.5,24.6,14,4,15,1197.72,"0"
32,16.5,24.6,14,24,15,2193.72,"1"
32,16.5,24.6,14,24,15,2193.72,"1"
32,16.5,24.6,14,4,15,1197.72,"0"
32,16.5,24.6,14,4,15,1197.72,"0"
32,16.5,24.6,14,4,15,1197.72,"0"
32,16.5,24.6,14,4,15,1197.72,"0"
32,16.5,24.6,14,4,15,1197.72,"0"
32,16.5,24.6,14,4,15,1197.72,"0"
32,16.5,24.6,14,4,15,1197.72,"0"
32,16.5,24.6,14,4,15,1197.72,"0"
32,16.5,24.6,14,4,15,1197.72,"0"
32,16.5,24.6,14,4,15,1197.72,"0"
32,16.5,24.6,14,4,15,1197.72,"0"
32,16.5,24.6,14,4,15,1197.72,"0"
32,16.5,24.6,14,4,15,1197.72,"0"
32,16.5,24.6,29,14,15,1997.22,"1"
32,16.5,24.6,29,14,15,1997.22,"1"
32,16.5,24.6,29,14,15,1997.22,"1"
32,16.5,24.6,29,14,15,1997.22,"1"
32,16.5,24.6,29,9,15,1748.22,"1"
32,16.5,24.6,29,9,15,1748.22,"1"
32,16.5,24.6,29,9,15,1748.22,"1"
32,16.5,24.6,29,9,15,1748.22,"1"
32,16.5,24.6,14,9,15,1446.72,"0"
32,16.5,24.6,9,9,15,1346.22,"0"
32,16.5,24.6,29,4,15,1499.22,"1"
32,16.5,24.6,14,4,15,1197.72,"0"
32,16.5,24.6,19,4,15,1298.22,"0"
32,16.5,24.6,14,4,15,1197.72,"0"
32,16.5,24.6,14,4,15,1197.72,"0"
32,16.5,24.6,14,4,15,1197.72,"0"
32,16.5,24.6,14,4,15,1197.72,"0"
32,16.5,24.6,14,4,15,1197.72,"0"
32,16.5,24.6,14,4,15,1197.72,"0"
32,16.5,24.6,14,4,15,1197.72,"0"
32,16.5,24.6,9,4,38.3,1197.41,"0"
32,16.5,24.6,9,4,38.3,1197.41,"0"
32,16.5,24.6,9,4,38.3,1197.41,"0"
32,16.5,24.6,4,4,38.3,1096.91,"0"
32,16.5,24.6,4,4,38.3,1096.91,"0"
32,16.5,24.6,4,4,38.3,1096.91,"0"
32,16.5,24.6,9,4,38.3,1197.41,"0"
32,16.5,24.6,14,4,38.3,1297.91,"0"
32,16.5,24.6,9,4,38.3,1197.41,"0"
32,16.5,24.6,9,4,38.3,1197.41,"0"
32,16.5,24.6,9,4,38.3,1197.41,"0"
32,16.5,24.6,9,4,38.3,1197.41,"0"
32,16.5,24.6,9,4,38.3,1197.41,"0"
32,16.5,24.6,9,4,38.3,1197.41,"0"
32,16.5,24.6,14,4,38.3,1297.91,"0"
32,16.5,24.6,9,4,38.3,1197.41,"0"
32,16.5,24.6,9,4,38.3,1197.41,"0"
32,16.5,24.6,9,4,38.3,1197.41,"0"
32,16.5,24.6,14,4,38.3,1297.91,"0"
32,16.5,24.6,9,4,38.3,1197.41,"0"
32,16.5,24.6,9,4,38.3,1197.41,"0"
32,16.5,24.6,9,4,38.3,1197.41,"0"
32,16.5,24.6,9,4,38.3,1197.41,"0"
32,16.5,24.6,9,4,38.3,1197.41,"0"
32,16.5,24.6,19,9,15,1547.22,"1"
32,16.5,24.6,24,9,15,1647.72,"1"
32,16.5,24.6,24,9,15,1647.72,"1"
32,16.5,24.6,24,9,15,1647.72,"1"
32,16.5,24.6,24,9,15,1647.72,"1"
32,16.5,24.6,24,9,15,1647.72,"1"
32,16.5,24.6,19,9,15,1547.22,"1"
32,16.5,24.6,19,9,15,1547.22,"1"
32,16.5,24.6,19,9,15,1547.22,"1"
32,16.5,24.6,19,9,15,1547.22,"1"
32,16.5,24.6,19,9,15,1547.22,"1"
32,16.5,24.6,24,9,15,1647.72,"1"
32,16.5,24.6,9,4,15,1097.22,"0"
32,16.5,24.6,9,4,15,1097.22,"0"
32,16.5,24.6,14,4,15,1197.72,"0"
32,16.5,24.6,14,4,15,1197.72,"0"
32,16.5,24.6,19,4,15,1298.22,"0"
32,16.5,24.6,19,19,15,2045.22,"1"
32,16.5,24.6,19,4,15,1298.22,"0"
32,16.5,24.6,14,4,15,1197.72,"0"
32,16.5,24.6,19,4,15,1298.22,"0"
32,16.5,24.6,24,4,15,1398.72,"0"
32,16.5,24.6,14,4,15,1197.72,"0"
32,16.5,24.6,14,4,15,1197.72,"0"
32,16.5,24.6,14,4,15,1197.72,"0"
32,16.5,24.6,14,4,15,1197.72,"0"
32,16.5,24.6,14,4,15,1197.72,"0"
32,16.5,24.6,9,4,15,1097.22,"0"
32,16.5,24.6,14,4,15,1197.72,"0"
32,16.5,24.6,14,4,15,1197.72,"0"
32,16.5,24.6,14,4,15,1197.72,"0"
32,16.5,24.6,14,4,15,1197.72,"0"
32,16.5,24.6,14,4,15,1197.72,"0"
32,16.5,24.6,14,4,15,1197.72,"0"
32,16.5,24.6,14,4,15,1197.72,"0"
32,16.5,24.6,14,4,15,1197.72,"0"
32,16.5,24.6,14,4,15,1197.72,"0"
32,16.5,24.6,14,4,15,1197.72,"0"
32,16.5,24.6,14,4,15,1197.72,"0"
32,16.5,24.6,14,4,15,1197.72,"0"
32,16.5,24.6,14,4,15,1197.72,"0"
32,16.5,24.6,9,4,15,1097.22,"0"
32,16.5,24.6,9,4,15,1097.22,"0"
32,16.5,24.6,14,4,15,1197.72,"0"
32,16.5,24.6,9,4,15,1097.22,"0"
32,16.5,24.6,14,4,15,1197.72,"0"
32,16.5,24.6,14,4,15,1197.72,"0"
32,16.5,24.6,14,4,15,1197.72,"0"
32,16.5,24.6,14,4,15,1197.72,"0"
32,16.5,24.6,14,4,15,1197.72,"0"
32,16.5,24.6,14,4,15,1197.72,"0"
32,16.5,24.6,14,4,15,1197.72,"0"
32,16.5,24.6,14,4,15,1197.72,"0"
32,16.5,24.6,14,4,15,1197.72,"0"
32,16.5,24.6,14,4,15,1197.72,"0"
32,16.5,24.6,14,4,15,1197.72,"0"
32,16.5,24.6,9,19,15,1844.22,"1"
32,16.5,24.6,14,4,15,1197.72,"0"
32,16.5,24.6,14,4,15,1197.72,"0"
32,16.5,24.6,14,19,15,1944.72,"1"
32,16.5,24.6,14,4,15,1197.72,"0"
32,16.5,24.6,9,4,15,1097.22,"0"
32,16.5,24.6,14,4,15,1197.72,"0"
32,16.5,24.6,14,4,15,1197.72,"0"
32,16.5,24.6,14,19,15,1944.72,"1"
32,16.5,24.6,14,19,15,1944.72,"1"
32,16.5,24.6,14,19,15,1944.72,"1"
32,16.5,24.6,14,19,15,1944.72,"1"
32,16.5,24.6,14,19,15,1944.72,"1"
32,16.5,24.6,14,19,15,1944.72,"1"
32,16.5,24.6,14,19,15,1944.72,"1"
32,16.5,24.6,9,19,15,1844.22,"1"
32,16.5,24.6,9,19,15,1844.22,"1"
32,16.5,24.6,9,19,15,1844.22,"1"
32,16.5,24.6,9,19,15,1844.22,"1"
32,16.5,24.6,9,19,15,1844.22,"1"
32,16.5,24.6,9,4,15,1097.22,"0"
32,16.5,24.6,9,4,38.3,1197.41,"0"
32,16.5,24.6,14,4,38.3,1297.91,"0"
32,16.5,24.6,9,4,38.3,1197.41,"0"
32,16.5,24.6,9,4,38.3,1197.41,"0"
32,16.5,24.6,9,4,38.3,1197.41,"0"
32,16.5,24.6,9,4,15,1097.22,"0"
32,16.5,24.6,9,4,15,1097.22,"0"
32,16.5,24.6,9,4,15,1097.22,"0"
32,16.5,24.6,9,4,15,1097.22,"0"
32,16.5,24.6,9,24,15,2093.22,"1"
32,16.5,24.6,9,24,15,2093.22,"1"
32,16.5,24.6,9,24,15,2093.22,"1"
32,16.5,24.6,9,14,38.3,1695.41,"1"
32,16.5,24.6,14,14,38.3,1795.91,"1"
32,16.5,24.6,19,14,38.3,1896.41,"1"
32,16.5,24.6,14,14,38.3,1795.91,"1"
32,16.5,24.6,9,14,38.3,1695.41,"1"
32,16.5,24.6,9,14,38.3,1695.41,"1"
32,16.5,24.6,14,14,38.3,1795.91,"1"
32,16.5,24.6,14,19,15,1944.72,"1"
32,16.5,24.6,9,19,15,1844.22,"1"
32,16.5,24.6,9,19,15,1844.22,"1"
32,16.5,24.6,14,19,15,1944.72,"1"
32,16.5,24.6,14,19,15,1944.72,"1"
32,16.5,24.6,14,9,15,1446.72,"0"
32,16.5,24.6,14,19,15,1944.72,"1"
32,16.5,24.6,14,19,15,1944.72,"1"
32,16.5,24.6,14,19,15,1944.72,"1"
32,16.5,24.6,14,19,15,1944.72,"1"
32,16.5,24.6,14,19,15,1944.72,"1"
32,16.5,24.6,14,19,15,1944.72,"1"
32,16.5,24.6,14,19,15,1944.72,"1"
32,16.5,24.6,14,19,15,1944.72,"1"
32,16.5,24.6,14,19,15,1944.72,"1"
32,16.5,24.6,9,19,15,1844.22,"1"
32,16.5,24.6,14,19,15,1944.72,"1"
32,16.5,24.6,14,19,15,1944.72,"1"
32,16.5,24.6,14,19,15,1944.72,"1"
32,16.5,24.6,14,19,15,1944.72,"1"
32,16.5,24.6,9,19,15,1844.22,"1"
32,16.5,24.6,14,19,15,1944.72,"1"
32,16.5,24.6,14,19,15,1944.72,"1"
32,16.5,24.6,9,19,15,1844.22,"1"
32,16.5,24.6,9,19,15,1844.22,"1"
32,16.5,24.6,14,19,15,1944.72,"1"
32,16.5,24.6,9,19,15,1844.22,"1"
32,16.5,24.6,9,19,15,1844.22,"1"
32,16.5,24.6,14,19,15,1944.72,"1"
32,16.5,24.6,14,19,15,1944.72,"1"
32,16.5,24.6,9,19,15,1844.22,"1"
32,16.5,24.6,14,19,15,1944.72,"1"
32,16.5,24.6,14,19,15,1944.72,"1"
32,16.5,24.6,14,19,15,1944.72,"1"
32,16.5,24.6,14,19,15,1944.72,"1"
32,16.5,24.6,9,19,15,1844.22,"1"
32,16.5,24.6,14,19,15,1944.72,"1"
32,16.5,24.6,9,19,15,1844.22,"1"
32,16.5,24.6,9,9,15,1346.22,"0"
32,16.5,24.6,9,9,15,1346.22,"0"
32,16.5,24.6,9,24,15,2093.22,"1"
32,16.5,24.6,9,24,15,2093.22,"1"
32,16.5,24.6,9,24,15,2093.22,"1"
32,16.5,24.6,9,24,15,2093.22,"1"
32,16.5,24.6,9,24,15,2093.22,"1"
32,16.5,24.6,9,24,15,2093.22,"1"
32,16.5,24.6,9,24,15,2093.22,"1"
32,16.5,24.6,9,24,15,2093.22,"1"
32,16.5,24.6,9,24,15,2093.22,"1"
32,16.5,24.6,9,24,15,2093.22,"1"
32,16.5,24.6,14,24,15,2193.72,"1"
32,16.5,24.6,9,24,15,2093.22,"1"
32,16.5,24.6,9,24,15,2093.22,"1"
32,16.5,24.6,9,24,15,2093.22,"1"
32,16.5,24.6,9,24,15,2093.22,"1"
32,16.5,24.6,9,24,15,2093.22,"1"
32,16.5,24.6,9,24,15,2093.22,"1"
32,16.5,24.6,9,24,15,2093.22,"1"
32,16.5,24.6,9,24,15,2093.22,"1"
32,16.5,24.6,9,24,15,2093.22,"1"
32,16.5,24.6,9,24,15,2093.22,"1"
32,16.5,24.6,9,24,15,2093.22,"1"
32,16.5,24.6,9,24,15,2093.22,"1"
32,16.5,24.6,9,9,15,1346.22,"0"
32,16.5,24.6,14,24,15,2193.72,"1"
32,16.5,24.6,19,19,15,2045.22,"1"
32,16.5,24.6,24,19,15,2145.72,"1"
32,16.5,24.6,24,19,15,2145.72,"1"
32,16.5,24.6,29,9,15,1748.22,"1"
32,16.5,24.6,24,19,15,2145.72,"1"
32,16.5,24.6,19,4,38.3,1398.41,"0"
32,16.5,24.6,19,4,38.3,1398.41,"0"
32,16.5,24.6,14,4,38.3,1297.91,"0"
32,16.5,24.6,19,4,38.3,1398.41,"0"
32,16.5,24.6,19,4,38.3,1398.41,"0"
32,16.5,24.6,19,4,38.3,1398.41,"0"
32,16.5,24.6,19,19,15,2045.22,"1"
32,16.5,24.6,14,9,15,1446.72,"0"
32,16.5,24.6,14,4,15,1197.72,"0"
32,16.5,24.6,14,19,15,1944.72,"1"
32,16.5,24.6,14,9,15,1446.72,"0"
32,16.5,24.6,19,4,15,1298.22,"0"
32,16.5,24.6,9,19,15,1844.22,"1"
32,16.5,24.6,9,19,15,1844.22,"1"
32,16.5,24.6,9,19,15,1844.22,"1"
32,16.5,24.6,9,19,15,1844.22,"1"
32,16.5,24.6,9,19,15,1844.22,"1"
32,16.5,24.6,9,19,15,1844.22,"1"
32,16.5,24.6,9,19,15,1844.22,"1"
32,16.5,24.6,9,19,15,1844.22,"1"
32,16.5,24.6,9,19,15,1844.22,"1"
32,16.5,24.6,14,19,15,1944.72,"1"
32,16.5,24.6,9,19,15,1844.22,"1"
32,16.5,24.6,14,19,15,1944.72,"1"
32,16.5,24.6,9,19,15,1844.22,"1"
32,16.5,24.6,9,19,15,1844.22,"1"
32,16.5,24.6,9,19,15,1844.22,"1"
32,16.5,24.6,4,19,15,1743.72,"1"
32,16.5,24.6,9,19,15,1844.22,"1"
32,16.5,24.6,9,19,15,1844.22,"1"
32,16.5,24.6,9,19,15,1844.22,"1"
32,16.5,24.6,14,19,15,1944.72,"1"
32,16.5,24.6,19,19,15,2045.22,"1"
32,16.5,24.6,14,4,15,1197.72,"0"
32,16.5,24.6,14,4,15,1197.72,"0"
32,16.5,24.6,14,4,15,1197.72,"0"
32,16.5,24.6,14,4,15,1197.72,"0"
32,16.5,24.6,14,4,15,1197.72,"0"
32,16.5,24.6,14,4,15,1197.72,"0"
32,16.5,24.6,14,4,15,1197.72,"0"
32,16.5,24.6,14,4,15,1197.72,"0"
32,16.5,24.6,14,4,15,1197.72,"0"
32,16.5,24.6,14,4,15,1197.72,"0"
32,16.5,24.6,14,4,15,1197.72,"0"
32,16.5,24.6,14,4,15,1197.72,"0"
32,16.5,24.6,14,4,15,1197.72,"0"
32,16.5,24.6,19,4,15,1298.22,"0"
32,16.5,24.6,19,4,15,1298.22,"0"
32,16.5,24.6,19,19,15,2045.22,"1"
32,16.5,24.6,4,14,38.3,1594.91,"1"
32,16.5,24.6,9,19,38.3,1944.41,"1"
32,16.5,24.6,4,19,38.3,1843.91,"1"
32,16.5,24.6,4,19,38.3,1843.91,"1"
32,16.5,24.6,4,24,38.3,2092.91,"1"
32,16.5,24.6,4,24,38.3,2092.91,"1"
32,16.5,24.6,4,24,38.3,2092.91,"1"
32,16.5,24.6,4,24,38.3,2092.91,"1"
32,16.5,24.6,4,24,38.3,2092.91,"1"
32,16.5,24.6,4,24,38.3,2092.91,"1"
32,16.5,24.6,4,24,38.3,2092.91,"1"
32,16.5,24.6,4,24,38.3,2092.91,"1"
32,16.5,24.6,4,24,38.3,2092.91,"1"
32,16.5,24.6,4,24,38.3,2092.91,"1"
32,16.5,24.6,4,24,38.3,2092.91,"1"
32,16.5,24.6,4,24,38.3,2092.91,"1"
32,16.5,24.6,9,19,38.3,1944.41,"1"
32,16.5,24.6,9,19,38.3,1944.41,"1"
32,16.5,24.6,9,19,38.3,1944.41,"1"
32,16.5,24.6,4,19,38.3,1843.91,"1"
32,16.5,24.6,4,19,38.3,1843.91,"1"
32,16.5,24.6,4,19,38.3,1843.91,"1"
32,16.5,24.6,4,19,38.3,1843.91,"1"
32,16.5,24.6,4,24,38.3,2092.91,"1"
32,16.5,24.6,4,24,38.3,2092.91,"1"
32,16.5,24.6,4,24,38.3,2092.91,"1"
32,16.5,24.6,4,24,38.3,2092.91,"1"
32,16.5,24.6,4,24,38.3,2092.91,"1"
32,16.5,24.6,4,24,38.3,2092.91,"1"
32,16.5,24.6,4,24,38.3,2092.91,"1"
32,16.5,24.6,4,24,38.3,2092.91,"1"
32,16.5,24.6,4,24,38.3,2092.91,"1"
32,16.5,24.6,4,24,38.3,2092.91,"1"
32,16.5,24.6,4,24,38.3,2092.91,"1"
32,16.5,24.6,4,24,38.3,2092.91,"1"
32,16.5,24.6,4,24,38.3,2092.91,"1"
32,16.5,24.6,4,24,38.3,2092.91,"1"
32,16.5,24.6,4,24,38.3,2092.91,"1"
32,16.5,24.6,4,24,38.3,2092.91,"1"
32,16.5,24.6,4,24,38.3,2092.91,"1"
32,16.5,24.6,4,24,38.3,2092.91,"1"
32,16.5,24.6,4,24,38.3,2092.91,"1"
32,16.5,24.6,4,24,38.3,2092.91,"1"
32,16.5,24.6,4,24,38.3,2092.91,"1"
32,16.5,24.6,4,24,38.3,2092.91,"1"
32,16.5,24.6,4,24,38.3,2092.91,"1"
32,16.5,24.6,4,14,38.3,1594.91,"1"
32,16.5,24.6,4,14,38.3,1594.91,"1"
32,16.5,24.6,4,14,38.3,1594.91,"1"
32,16.5,24.6,4,14,38.3,1594.91,"1"
32,16.5,24.6,4,14,38.3,1594.91,"1"
32,16.5,24.6,4,14,38.3,1594.91,"1"
32,16.5,24.6,4,14,38.3,1594.91,"1"
32,16.5,24.6,4,14,38.3,1594.91,"1"
32,16.5,24.6,4,14,38.3,1594.91,"1"
32,16.5,24.6,4,14,38.3,1594.91,"1"
32,16.5,24.6,4,14,38.3,1594.91,"1"
32,16.5,24.6,4,14,38.3,1594.91,"1"
32,16.5,24.6,4,14,38.3,1594.91,"1"
32,16.5,24.6,19,19,15,2045.22,"1"
32,16.5,24.6,14,19,15,1944.72,"1"
32,16.5,24.6,14,19,15,1944.72,"1"
32,16.5,24.6,14,19,15,1944.72,"1"
32,16.5,24.6,14,19,15,1944.72,"1"
32,16.5,24.6,14,19,15,1944.72,"1"
32,16.5,24.6,14,19,15,1944.72,"1"
32,16.5,24.6,14,19,15,1944.72,"1"
32,16.5,24.6,14,9,15,1446.72,"0"
32,16.5,24.6,14,19,15,1944.72,"1"
32,16.5,24.6,14,9,15,1446.72,"0"
32,16.5,24.6,14,19,15,1944.72,"1"
32,16.5,24.6,14,19,15,1944.72,"1"
32,16.5,24.6,14,19,15,1944.72,"1"
32,16.5,24.6,14,9,15,1446.72,"0"
32,16.5,24.6,14,9,15,1446.72,"0"
32,16.5,24.6,14,9,15,1446.72,"0"
32,16.5,24.6,14,9,15,1446.72,"0"
32,16.5,24.6,14,9,15,1446.72,"0"
32,16.5,24.6,14,9,15,1446.72,"0"
32,16.5,24.6,14,19,15,1944.72,"1"
32,16.5,24.6,14,9,15,1446.72,"0"
32,16.5,24.6,14,19,15,1944.72,"1"
32,16.5,24.6,19,9,15,1547.22,"1"
32,16.5,24.6,14,19,15,1944.72,"1"
32,16.5,24.6,19,9,15,1547.22,"1"
32,16.5,24.6,19,9,15,1547.22,"1"
32,16.5,24.6,14,9,15,1446.72,"0"
32,16.5,24.6,14,9,15,1446.72,"0"
32,16.5,24.6,14,9,15,1446.72,"0"
32,16.5,24.6,14,9,15,1446.72,"0"
32,16.5,24.6,14,9,15,1446.72,"0"
32,16.5,24.6,14,9,15,1446.72,"0"
32,16.5,24.6,14,9,15,1446.72,"0"
32,16.5,24.6,14,9,15,1446.72,"0"
32,16.5,24.6,14,9,15,1446.72,"0"
32,16.5,24.6,19,9,15,1547.22,"1"
32,16.5,24.6,14,19,15,1944.72,"1"
32,16.5,24.6,19,19,15,2045.22,"1"
32,16.5,24.6,14,19,15,1944.72,"1"
32,16.5,24.6,14,9,15,1446.72,"0"
32,16.5,24.6,19,9,15,1547.22,"1"
32,16.5,24.6,19,9,15,1547.22,"1"
32,16.5,24.6,24,9,15,1647.72,"1"
32,16.5,24.6,24,9,15,1647.72,"1"
32,16.5,24.6,19,9,15,1547.22,"1"
32,16.5,24.6,14,9,15,1446.72,"0"
32,16.5,24.6,19,9,15,1547.22,"1"
32,16.5,24.6,19,9,15,1547.22,"1"
32,16.5,24.6,14,9,15,1446.72,"0"
32,16.5,24.6,19,9,15,1547.22,"1"
32,16.5,24.6,14,9,15,1446.72,"0"
32,16.5,24.6,14,19,15,1944.72,"1"
32,16.5,24.6,14,9,15,1446.72,"0"
32,16.5,24.6,14,9,15,1446.72,"0"
32,16.5,24.6,14,9,15,1446.72,"0"
32,16.5,24.6,19,9,15,1547.22,"1"
32,16.5,24.6,9,4,15,1097.22,"0"
32,16.5,24.6,9,4,15,1097.22,"0"
32,16.5,24.6,14,9,15,1446.72,"0"
32,16.5,24.6,14,24,15,2193.72,"1"
32,16.5,24.6,14,24,15,2193.72,"1"
32,16.5,24.6,14,24,15,2193.72,"1"
32,16.5,24.6,9,4,15,1097.22,"0"
32,16.5,24.6,14,4,15,1197.72,"0"
32,16.5,24.6,14,24,15,2193.72,"1"
32,16.5,24.6,14,24,15,2193.72,"1"
32,16.5,24.6,9,4,15,1097.22,"0"
32,16.5,24.6,9,24,15,2093.22,"1"
32,16.5,24.6,9,4,15,1097.22,"0"
32,16.5,24.6,9,24,15,2093.22,"1"
32,16.5,24.6,9,24,15,2093.22,"1"
32,16.5,24.6,4,9,38.3,1345.91,"0"
32,16.5,24.6,9,19,38.3,1944.41,"1"
32,16.5,24.6,4,19,38.3,1843.91,"1"
32,16.5,24.6,4,19,38.3,1843.91,"1"
32,16.5,24.6,4,19,38.3,1843.91,"1"
32,16.5,24.6,4,19,38.3,1843.91,"1"
32,16.5,24.6,4,19,38.3,1843.91,"1"
32,16.5,24.6,4,19,38.3,1843.91,"1"
32,16.5,24.6,4,19,38.3,1843.91,"1"
32,16.5,24.6,4,19,38.3,1843.91,"1"
32,16.5,24.6,4,19,38.3,1843.91,"1"
32,16.5,24.6,4,19,38.3,1843.91,"1"
32,16.5,24.6,4,19,38.3,1843.91,"1"
32,16.5,24.6,4,19,38.3,1843.91,"1"
32,16.5,24.6,4,9,38.3,1345.91,"0"
32,16.5,24.6,14,19,15,1944.72,"1"
32,16.5,24.6,14,19,15,1944.72,"1"
32,16.5,24.6,14,19,15,1944.72,"1"
32,16.5,24.6,24,9,15,1647.72,"1"
32,16.5,24.6,14,19,15,1944.72,"1"
32,16.5,24.6,14,19,15,1944.72,"1"
32,16.5,24.6,14,19,15,1944.72,"1"
32,16.5,24.6,14,19,15,1944.72,"1"
32,16.5,24.6,14,19,15,1944.72,"1"
32,16.5,24.6,14,19,15,1944.72,"1"
32,16.5,24.6,14,19,15,1944.72,"1"
32,16.5,24.6,14,19,15,1944.72,"1"
32,16.5,24.6,14,19,15,1944.72,"1"
32,16.5,24.6,14,19,15,1944.72,"1"
32,16.5,24.6,14,19,15,1944.72,"1"
32,16.5,24.6,14,19,15,1944.72,"1"
32,16.5,24.6,19,19,15,2045.22,"1"
32,16.5,24.6,19,19,15,2045.22,"1"
32,16.5,24.6,19,19,15,2045.22,"1"
32,16.5,24.6,19,9,15,1547.22,"1"
32,16.5,24.6,24,19,15,2145.72,"1"
32,16.5,24.6,24,19,15,2145.72,"1"
32,16.5,24.6,24,9,15,1647.72,"1"
32,16.5,24.6,19,9,15,1547.22,"1"
32,16.5,24.6,19,19,15,2045.22,"1"
32,16.5,24.6,24,19,15,2145.72,"1"
32,16.5,24.6,19,4,15,1298.22,"0"
32,16.5,24.6,14,4,15,1197.72,"0"
32,16.5,24.6,14,4,15,1197.72,"0"
32,16.5,24.6,14,4,15,1197.72,"0"
32,16.5,24.6,14,4,15,1197.72,"0"
32,16.5,24.6,14,4,15,1197.72,"0"
32,16.5,24.6,19,4,15,1298.22,"0"
32,16.5,24.6,19,4,15,1298.22,"0"
32,16.5,24.6,19,4,15,1298.22,"0"
32,16.5,24.6,4,4,38.3,1096.91,"0"
32,16.5,24.6,14,4,38.3,1297.91,"0"
32,16.5,24.6,9,4,38.3,1197.41,"0"
32,16.5,24.6,4,4,38.3,1096.91,"0"
32,16.5,24.6,9,4,38.3,1197.41,"0"
32,16.5,24.6,14,4,38.3,1297.91,"0"
32,16.5,24.6,14,4,38.3,1297.91,"0"
32,16.5,24.6,9,4,38.3,1197.41,"0"
32,16.5,24.6,4,4,38.3,1096.91,"0"
32,16.5,24.6,4,4,38.3,1096.91,"0"
32,16.5,24.6,4,4,38.3,1096.91,"0"
32,16.5,24.6,4,4,38.3,1096.91,"0"
32,16.5,24.6,4,4,38.3,1096.91,"0"
32,16.5,24.6,24,9,15,1647.72,"1"
32,16.5,24.6,14,19,15,1944.72,"1"
32,16.5,24.6,9,19,15,1844.22,"1"
32,16.5,24.6,14,19,15,1944.72,"1"
32,16.5,24.6,14,19,15,1944.72,"1"
32,16.5,24.6,14,19,15,1944.72,"1"
32,16.5,24.6,9,19,15,1844.22,"1"
32,16.5,24.6,9,19,15,1844.22,"1"
32,16.5,24.6,9,19,15,1844.22,"1"
32,16.5,24.6,9,19,15,1844.22,"1"
32,16.5,24.6,9,19,15,1844.22,"1"
32,16.5,24.6,9,19,15,1844.22,"1"
32,16.5,24.6,9,19,15,1844.22,"1"
32,16.5,24.6,9,19,15,1844.22,"1"
32,16.5,24.6,9,19,15,1844.22,"1"
32,16.5,24.6,9,19,15,1844.22,"1"
32,16.5,24.6,14,19,15,1944.72,"1"
32,16.5,24.6,9,19,15,1844.22,"1"
32,16.5,24.6,9,19,15,1844.22,"1"
32,16.5,24.6,9,19,15,1844.22,"1"
32,16.5,24.6,14,19,15,1944.72,"1"
32,16.5,24.6,9,19,15,1844.22,"1"
32,16.5,24.6,9,19,15,1844.22,"1"
32,16.5,24.6,9,19,15,1844.22,"1"
32,16.5,24.6,9,19,15,1844.22,"1"
32,16.5,24.6,9,19,15,1844.22,"1"
32,16.5,24.6,9,19,15,1844.22,"1"
32,16.5,24.6,9,19,15,1844.22,"1"
32,16.5,24.6,9,19,15,1844.22,"1"
32,16.5,24.6,9,19,15,1844.22,"1"
32,16.5,24.6,9,19,15,1844.22,"1"
32,16.5,24.6,9,19,15,1844.22,"1"
32,16.5,24.6,9,19,15,1844.22,"1"
32,16.5,24.6,9,19,15,1844.22,"1"
32,16.5,24.6,9,19,15,1844.22,"1"
32,16.5,24.6,9,19,15,1844.22,"1"
32,16.5,24.6,9,19,15,1844.22,"1"
32,16.5,24.6,9,19,15,1844.22,"1"
32,16.5,24.6,9,19,15,1844.22,"1"
32,16.5,24.6,9,19,15,1844.22,"1"
32,16.5,24.6,9,19,15,1844.22,"1"
32,16.5,24.6,9,19,15,1844.22,"1"
32,16.5,24.6,9,19,15,1844.22,"1"
32,16.5,24.6,9,19,15,1844.22,"1"
32,16.5,24.6,9,19,15,1844.22,"1"
32,16.5,24.6,9,19,15,1844.22,"1"
32,16.5,24.6,9,19,15,1844.22,"1"
32,16.5,24.6,9,19,15,1844.22,"1"
32,16.5,24.6,9,19,15,1844.22,"1"
32,16.5,24.6,9,19,15,1844.22,"1"
32,16.5,24.6,9,19,15,1844.22,"1"
32,16.5,24.6,9,19,15,1844.22,"1"
32,16.5,24.6,9,19,15,1844.22,"1"
32,16.5,24.6,9,19,15,1844.22,"1"
32,16.5,24.6,9,19,15,1844.22,"1"
32,16.5,24.6,9,19,15,1844.22,"1"
32,16.5,24.6,9,19,15,1844.22,"1"
32,16.5,24.6,9,19,15,1844.22,"1"
32,16.5,24.6,9,19,15,1844.22,"1"
32,16.5,24.6,9,19,15,1844.22,"1"
32,16.5,24.6,9,19,15,1844.22,"1"
32,16.5,24.6,9,19,15,1844.22,"1"
32,16.5,24.6,9,19,15,1844.22,"1"
32,16.5,24.6,14,24,15,2193.72,"1"
32,16.5,24.6,14,9,15,1446.72,"0"
32,16.5,24.6,14,9,15,1446.72,"0"
32,16.5,24.6,9,9,15,1346.22,"0"
32,16.5,24.6,9,9,15,1346.22,"0"
32,16.5,24.6,14,24,15,2193.72,"1"
32,16.5,24.6,9,24,15,2093.22,"1"
32,16.5,24.6,9,24,15,2093.22,"1"
32,16.5,24.6,9,24,15,2093.22,"1"
32,16.5,24.6,14,9,15,1446.72,"0"
32,16.5,24.6,14,24,15,2193.72,"1"
32,16.5,24.6,14,24,15,2193.72,"1"
32,16.5,24.6,14,24,15,2193.72,"1"
32,16.5,24.6,14,9,15,1446.72,"0"
32,16.5,24.6,14,29,15,2442.72,"1"
32,16.5,24.6,14,29,15,2442.72,"1"
32,16.5,24.6,19,9,15,1547.22,"1"
32,16.5,24.6,14,9,15,1446.72,"0"
32,16.5,24.6,19,9,15,1547.22,"1"
32,16.5,24.6,19,9,15,1547.22,"1"
32,16.5,24.6,19,9,15,1547.22,"1"
32,16.5,24.6,19,9,15,1547.22,"1"
32,16.5,24.6,19,9,15,1547.22,"1"
32,16.5,24.6,19,9,15,1547.22,"1"
32,16.5,24.6,14,9,15,1446.72,"0"
32,16.5,24.6,19,9,15,1547.22,"1"
32,16.5,24.6,14,9,15,1446.72,"0"
32,16.5,24.6,14,9,15,1446.72,"0"
32,16.5,24.6,14,9,15,1446.72,"0"
32,16.5,24.6,14,9,15,1446.72,"0"
32,16.5,24.6,14,9,15,1446.72,"0"
32,16.5,24.6,14,9,15,1446.72,"0"
32,16.5,24.6,14,9,15,1446.72,"0"
32,16.5,24.6,14,9,15,1446.72,"0"
32,16.5,24.6,14,9,15,1446.72,"0"
32,16.5,24.6,14,9,15,1446.72,"0"
32,16.5,24.6,19,9,15,1547.22,"1"
32,16.5,24.6,14,9,15,1446.72,"0"
32,16.5,24.6,14,9,15,1446.72,"0"
32,16.5,24.6,14,9,15,1446.72,"0"
32,16.5,24.6,14,9,15,1446.72,"0"
32,16.5,24.6,19,9,15,1547.22,"1"
32,16.5,24.6,19,9,15,1547.22,"1"
32,16.5,24.6,19,9,15,1547.22,"1"
32,16.5,24.6,19,9,15,1547.22,"1"
32,16.5,24.6,19,9,15,1547.22,"1"
32,16.5,24.6,24,9,15,1647.72,"1"
32,16.5,24.6,24,14,15,1896.72,"1"
32,16.5,24.6,19,14,15,1796.22,"1"
32,16.5,24.6,14,9,15,1446.72,"0"
32,16.5,24.6,14,9,15,1446.72,"0"
32,16.5,24.6,14,9,15,1446.72,"0"
32,16.5,24.6,14,9,15,1446.72,"0"
32,16.5,24.6,19,9,38.3,1647.41,"1"
32,16.5,24.6,14,9,38.3,1546.91,"1"
32,16.5,24.6,19,9,38.3,1647.41,"1"
32,16.5,24.6,9,4,38.3,1197.41,"0"
32,16.5,24.6,14,4,38.3,1297.91,"0"
32,16.5,24.6,14,4,38.3,1297.91,"0"
32,16.5,24.6,9,4,38.3,1197.41,"0"
32,16.5,24.6,9,4,38.3,1197.41,"0"
32,16.5,24.6,9,4,38.3,1197.41,"0"
32,16.5,24.6,14,4,38.3,1297.91,"0"
32,16.5,24.6,9,4,38.3,1197.41,"0"
32,16.5,24.6,14,4,38.3,1297.91,"0"
32,16.5,24.6,9,4,38.3,1197.41,"0"
32,16.5,24.6,9,4,38.3,1197.41,"0"
32,16.5,24.6,29,14,15,1997.22,"1"
32,16.5,24.6,29,14,15,1997.22,"1"
32,16.5,24.6,29,14,15,1997.22,"1"
32,16.5,24.6,29,14,15,1997.22,"1"
32,16.5,24.6,29,14,15,1997.22,"1"
32,16.5,24.6,29,14,15,1997.22,"1"
32,16.5,24.6,29,14,15,1997.22,"1"
32,16.5,24.6,29,14,15,1997.22,"1"
32,16.5,24.6,29,14,15,1997.22,"1"
32,16.5,24.6,29,9,38.3,1848.41,"1"
32,16.5,24.6,14,9,38.3,1546.91,"1"
32,16.5,24.6,24,9,38.3,1747.91,"1"
32,16.5,24.6,24,9,38.3,1747.91,"1"
32,16.5,24.6,24,9,38.3,1747.91,"1"
32,16.5,24.6,29,9,38.3,1848.41,"1"
32,16.5,24.6,29,9,38.3,1848.41,"1"
32,16.5,24.6,29,9,38.3,1848.41,"1"
32,16.5,24.6,19,9,38.3,1647.41,"1"
32,16.5,24.6,29,9,38.3,1848.41,"1"
32,16.5,24.6,29,9,38.3,1848.41,"1"
32,16.5,24.6,29,9,38.3,1848.41,"1"
32,16.5,24.6,29,9,38.3,1848.41,"1"
32,16.5,24.6,29,4,38.3,1599.41,"1"
32,16.5,24.6,19,4,38.3,1398.41,"0"
32,16.5,24.6,19,4,38.3,1398.41,"0"
32,16.5,24.6,19,14,38.3,1896.41,"1"
32,16.5,24.6,14,14,38.3,1795.91,"1"
32,16.5,24.6,19,14,38.3,1896.41,"1"
32,16.5,24.6,19,14,38.3,1896.41,"1"
32,16.5,24.6,24,4,38.3,1498.91,"1"
32,16.5,24.6,19,4,38.3,1398.41,"0"
32,16.5,24.6,19,4,38.3,1398.41,"0"
32,16.5,24.6,14,14,38.3,1795.91,"1"
32,16.5,24.6,4,9,38.3,1345.91,"0"
32,16.5,24.6,4,14,38.3,1526.15,"1"
32,16.5,24.6,4,14,38.3,1526.15,"1"
32,16.5,24.6,29,19,15,2246.22,"1"
32,16.5,24.6,29,19,15,2246.22,"1"
32,16.5,24.6,29,19,15,2246.22,"1"
32,16.5,24.6,29,19,15,2246.22,"1"
32,16.5,24.6,29,19,15,2246.22,"1"
32,16.5,24.6,29,19,15,2246.22,"1"
32,16.5,24.6,19,4,38.3,1398.41,"0"
32,16.5,24.6,14,4,38.3,1297.91,"0"
32,16.5,24.6,14,4,38.3,1297.91,"0"
32,16.5,24.6,14,4,38.3,1297.91,"0"
32,16.5,24.6,14,4,38.3,1297.91,"0"
32,16.5,24.6,19,4,38.3,1398.41,"0"
32,16.5,24.6,19,4,38.3,1398.41,"0"
32,16.5,24.6,19,9,38.3,1647.41,"1"
32,16.5,24.6,14,9,38.3,1546.91,"1"
32,16.5,24.6,19,9,38.3,1647.41,"1"
32,16.5,24.6,19,9,38.3,1647.41,"1"
32,16.5,24.6,19,4,38.3,1398.41,"0"
32,16.5,24.6,19,4,38.3,1398.41,"0"
32,16.5,24.6,19,4,38.3,1398.41,"0"
32,16.5,24.6,14,4,38.3,1297.91,"0"
32,16.5,24.6,19,4,38.3,1398.41,"0"
32,16.5,24.6,14,4,38.3,1297.91,"0"
32,16.5,24.6,14,4,38.3,1297.91,"0"
32,16.5,24.6,14,9,15,1446.72,"0"
32,16.5,24.6,14,9,15,1446.72,"0"
32,16.5,24.6,14,9,15,1446.72,"0"
32,16.5,24.6,19,9,15,1547.22,"1"
32,16.5,24.6,19,9,15,1547.22,"1"
32,16.5,24.6,19,9,15,1547.22,"1"
32,16.5,24.6,19,9,15,1547.22,"1"
32,16.5,24.6,19,9,15,1547.22,"1"
32,16.5,24.6,19,9,15,1547.22,"1"
32,16.5,24.6,19,9,15,1547.22,"1"
32,16.5,24.6,19,9,15,1547.22,"1"
32,16.5,24.6,19,9,15,1547.22,"1"
32,16.5,24.6,19,9,15,1547.22,"1"
32,16.5,24.6,19,9,15,1547.22,"1"
32,16.5,24.6,19,9,15,1547.22,"1"
32,16.5,24.6,19,9,15,1547.22,"1"
32,16.5,24.6,19,9,15,1547.22,"1"
32,16.5,24.6,19,9,15,1547.22,"1"
32,16.5,24.6,19,9,15,1547.22,"1"
32,16.5,24.6,19,9,15,1547.22,"1"
32,16.5,24.6,19,9,15,1547.22,"1"
32,16.5,24.6,14,9,15,1446.72,"0"
32,16.5,24.6,19,9,15,1547.22,"1"
32,16.5,24.6,14,9,15,1446.72,"0"
32,16.5,24.6,14,9,15,1446.72,"0"
32,16.5,24.6,14,9,15,1446.72,"0"
32,16.5,24.6,14,9,15,1446.72,"0"
32,16.5,24.6,14,9,15,1446.72,"0"
32,16.5,24.6,14,9,15,1446.72,"0"
32,16.5,24.6,14,9,15,1446.72,"0"
32,16.5,24.6,14,9,15,1446.72,"0"
32,16.5,24.6,19,9,15,1547.22,"1"
32,16.5,24.6,19,9,15,1547.22,"1"
32,16.5,24.6,14,9,15,1446.72,"0"
32,16.5,24.6,14,9,15,1446.72,"0"
32,16.5,24.6,14,9,15,1446.72,"0"
32,16.5,24.6,14,9,15,1446.72,"0"
32,16.5,24.6,19,9,15,1547.22,"1"
32,16.5,24.6,14,9,15,1446.72,"0"
32,16.5,24.6,14,9,15,1446.72,"0"
32,16.5,24.6,14,9,15,1446.72,"0"
32,16.5,24.6,14,9,15,1446.72,"0"
32,16.5,24.6,19,9,15,1547.22,"1"
32,16.5,24.6,19,9,15,1547.22,"1"
32,16.5,24.6,19,9,15,1547.22,"1"
32,16.5,24.6,19,9,15,1547.22,"1"
32,16.5,24.6,19,9,15,1547.22,"1"
32,16.5,24.6,19,9,15,1547.22,"1"
32,16.5,24.6,19,9,15,1547.22,"1"
32,16.5,24.6,19,9,15,1547.22,"1"
32,16.5,24.6,19,9,15,1547.22,"1"
32,16.5,24.6,19,9,15,1547.22,"1"
32,16.5,24.6,19,9,15,1547.22,"1"
32,16.5,24.6,19,9,15,1547.22,"1"
32,16.5,24.6,14,9,15,1446.72,"0"
32,16.5,24.6,14,9,15,1446.72,"0"
32,16.5,24.6,14,9,15,1446.72,"0"
32,16.5,24.6,19,9,15,1547.22,"1"
32,16.5,24.6,19,9,15,1547.22,"1"
32,16.5,24.6,19,9,15,1547.22,"1"
32,16.5,24.6,19,9,15,1547.22,"1"
32,16.5,24.6,19,9,15,1547.22,"1"
32,16.5,24.6,19,9,15,1547.22,"1"
32,16.5,24.6,19,9,15,1547.22,"1"
32,16.5,24.6,19,9,15,1547.22,"1"
32,16.5,24.6,19,9,15,1547.22,"1"
32,16.5,24.6,19,9,15,1547.22,"1"
32,16.5,24.6,19,9,15,1547.22,"1"
32,16.5,24.6,19,9,15,1547.22,"1"
32,16.5,24.6,19,9,15,1547.22,"1"
32,16.5,24.6,19,9,15,1547.22,"1"
32,16.5,24.6,19,9,15,1547.22,"1"
32,16.5,24.6,19,9,15,1547.22,"1"
32,16.5,24.6,19,4,38.3,1398.41,"0"
32,16.5,24.6,24,4,38.3,1498.91,"1"
32,16.5,24.6,19,4,38.3,1398.41,"0"
32,16.5,24.6,19,4,38.3,1398.41,"0"
32,16.5,24.6,19,4,38.3,1398.41,"0"
32,16.5,24.6,19,4,38.3,1398.41,"0"
32,16.5,24.6,24,4,38.3,1498.91,"1"
32,16.5,24.6,9,9,38.3,1446.41,"0"
32,16.5,24.6,9,4,38.3,1197.41,"0"
32,16.5,24.6,9,4,38.3,1197.41,"0"
32,16.5,24.6,9,4,38.3,1197.41,"0"
32,16.5,24.6,9,4,38.3,1197.41,"0"
32,16.5,24.6,9,4,38.3,1197.41,"0"
32,16.5,24.6,14,4,38.3,1297.91,"0"
32,16.5,24.6,14,4,38.3,1297.91,"0"
32,16.5,24.6,19,4,38.3,1398.41,"0"
32,16.5,24.6,14,9,38.3,1546.91,"1"
32,16.5,24.6,14,4,38.3,1297.91,"0"
32,16.5,24.6,14,4,38.3,1297.91,"0"
32,16.5,24.6,9,4,38.3,1197.41,"0"
32,16.5,24.6,14,4,38.3,1297.91,"0"
32,16.5,24.6,19,4,38.3,1398.41,"0"
32,16.5,24.6,14,4,38.3,1297.91,"0"
32,16.5,24.6,14,4,38.3,1297.91,"0"
32,16.5,24.6,19,4,38.3,1398.41,"0"
32,16.5,24.6,14,4,38.3,1297.91,"0"
32,16.5,24.6,14,4,38.3,1297.91,"0"
32,16.5,24.6,14,4,38.3,1297.91,"0"
32,16.5,24.6,14,4,38.3,1297.91,"0"
32,16.5,24.6,9,4,38.3,1197.41,"0"
32,16.5,24.6,9,4,38.3,1197.41,"0"
32,16.5,24.6,14,4,38.3,1297.91,"0"
32,16.5,24.6,9,4,38.3,1197.41,"0"
32,16.5,24.6,14,4,38.3,1297.91,"0"
32,16.5,24.6,14,4,38.3,1297.91,"0"
32,16.5,24.6,14,4,38.3,1297.91,"0"
32,16.5,24.6,14,4,38.3,1297.91,"0"
32,16.5,24.6,14,4,38.3,1297.91,"0"
32,16.5,24.6,14,4,38.3,1297.91,"0"
32,16.5,24.6,19,4,38.3,1398.41,"0"
32,16.5,24.6,14,4,38.3,1297.91,"0"
32,16.5,24.6,14,4,38.3,1297.91,"0"
32,16.5,24.6,14,4,38.3,1297.91,"0"
32,16.5,24.6,14,4,38.3,1297.91,"0"
32,16.5,24.6,14,4,38.3,1297.91,"0"
32,16.5,24.6,14,4,38.3,1297.91,"0"
32,16.5,24.6,9,4,38.3,1197.41,"0"
32,16.5,24.6,9,4,38.3,1197.41,"0"
32,16.5,24.6,14,4,38.3,1297.91,"0"
32,16.5,24.6,14,4,38.3,1297.91,"0"
32,16.5,24.6,14,4,38.3,1297.91,"0"
32,16.5,24.6,14,4,38.3,1297.91,"0"
32,16.5,24.6,14,4,38.3,1297.91,"0"
32,16.5,24.6,14,4,38.3,1297.91,"0"
32,16.5,24.6,14,4,38.3,1297.91,"0"
32,16.5,24.6,14,4,38.3,1297.91,"0"
32,16.5,24.6,19,4,38.3,1398.41,"0"
32,16.5,24.6,14,4,38.3,1297.91,"0"
32,16.5,24.6,14,4,38.3,1297.91,"0"
32,16.5,24.6,14,4,38.3,1297.91,"0"
32,16.5,24.6,19,9,15,1547.22,"1"
32,16.5,24.6,19,9,15,1547.22,"1"
32,16.5,24.6,24,9,15,1647.72,"1"
32,16.5,24.6,24,9,15,1647.72,"1"
32,16.5,24.6,24,9,15,1647.72,"1"
32,16.5,24.6,29,9,15,1748.22,"1"
32,16.5,24.6,29,9,15,1748.22,"1"
32,16.5,24.6,29,9,15,1748.22,"1"
32,16.5,24.6,29,9,15,1748.22,"1"
32,16.5,24.6,29,9,15,1748.22,"1"
32,16.5,24.6,29,9,15,1748.22,"1"
32,16.5,24.6,29,9,15,1748.22,"1"
32,16.5,24.6,24,9,15,1647.72,"1"
32,16.5,24.6,29,9,15,1748.22,"1"
32,16.5,24.6,29,9,15,1748.22,"1"
32,16.5,24.6,24,9,15,1647.72,"1"
32,16.5,24.6,24,9,15,1647.72,"1"
32,16.5,24.6,19,9,15,1547.22,"1"
32,16.5,24.6,19,9,15,1547.22,"1"
32,16.5,24.6,19,9,15,1547.22,"1"
32,16.5,24.6,24,9,15,1647.72,"1"
32,16.5,24.6,24,9,15,1647.72,"1"
32,16.5,24.6,24,14,38.3,1996.91,"1"
32,16.5,24.6,19,14,38.3,1896.41,"1"
32,16.5,24.6,14,9,38.3,1546.91,"1"
32,16.5,24.6,14,9,38.3,1546.91,"1"
32,16.5,24.6,9,24,38.3,2193.41,"1"
32,16.5,24.6,9,24,38.3,2193.41,"1"
32,16.5,24.6,9,24,38.3,2193.41,"1"
32,16.5,24.6,14,24,38.3,2293.91,"1"
32,16.5,24.6,9,24,38.3,2193.41,"1"
32,16.5,24.6,9,24,38.3,2193.41,"1"
32,16.5,24.6,9,24,38.3,2193.41,"1"
32,16.5,24.6,9,24,38.3,2193.41,"1"
32,16.5,24.6,9,24,38.3,2193.41,"1"
32,16.5,24.6,9,24,38.3,2193.41,"1"
32,16.5,24.6,4,24,38.3,2092.91,"1"
32,16.5,24.6,9,24,38.3,2193.41,"1"
32,16.5,24.6,9,24,38.3,2193.41,"1"
32,16.5,24.6,9,24,38.3,2193.41,"1"
32,16.5,24.6,14,9,15,1446.72,"0"
32,16.5,24.6,14,9,15,1446.72,"0"
32,16.5,24.6,14,9,15,1446.72,"0"
32,16.5,24.6,14,9,15,1446.72,"0"
32,16.5,24.6,14,9,15,1446.72,"0"
32,16.5,24.6,14,9,15,1446.72,"0"
32,16.5,24.6,14,9,15,1446.72,"0"
32,16.5,24.6,14,9,15,1446.72,"0"
32,16.5,24.6,14,9,15,1446.72,"0"
32,16.5,24.6,14,9,15,1446.72,"0"
32,16.5,24.6,14,9,15,1446.72,"0"
32,16.5,24.6,14,9,15,1446.72,"0"
32,16.5,24.6,14,9,15,1446.72,"0"
32,16.5,24.6,14,9,15,1446.72,"0"
32,16.5,24.6,14,9,15,1446.72,"0"
32,16.5,24.6,14,9,15,1446.72,"0"
32,16.5,24.6,14,9,15,1446.72,"0"
32,16.5,24.6,14,9,15,1446.72,"0"
32,16.5,24.6,14,9,15,1446.72,"0"
32,16.5,24.6,14,9,15,1446.72,"0"
32,16.5,24.6,14,9,15,1446.72,"0"
32,16.5,24.6,14,9,15,1446.72,"0"
32,16.5,24.6,14,9,15,1446.72,"0"
32,16.5,24.6,19,9,15,1547.22,"1"
32,16.5,24.6,19,9,15,1547.22,"1"
32,16.5,24.6,14,14,15,1695.72,"1"
32,16.5,24.6,14,14,15,1695.72,"1"
32,16.5,24.6,14,14,15,1695.72,"1"
32,16.5,24.6,14,9,15,1446.72,"0"
32,16.5,24.6,14,9,15,1446.72,"0"
32,16.5,24.6,14,9,15,1446.72,"0"
32,16.5,24.6,14,9,15,1446.72,"0"
32,16.5,24.6,14,14,15,1695.72,"1"
32,16.5,24.6,14,14,15,1695.72,"1"
32,16.5,24.6,14,14,15,1695.72,"1"
32,16.5,24.6,14,14,15,1695.72,"1"
32,16.5,24.6,14,14,15,1695.72,"1"
32,16.5,24.6,14,9,15,1446.72,"0"
32,16.5,24.6,14,9,15,1446.72,"0"
32,16.5,24.6,9,9,15,1346.22,"0"
32,16.5,24.6,14,9,15,1446.72,"0"
32,16.5,24.6,14,9,15,1446.72,"0"
32,16.5,24.6,14,9,15,1446.72,"0"
32,16.5,24.6,14,9,15,1446.72,"0"
32,16.5,24.6,14,9,15,1446.72,"0"
32,16.5,24.6,14,9,15,1446.72,"0"
32,16.5,24.6,14,9,15,1446.72,"0"
32,16.5,24.6,14,9,15,1446.72,"0"
32,16.5,24.6,14,9,15,1446.72,"0"
32,16.5,24.6,14,9,15,1446.72,"0"
32,16.5,24.6,14,9,15,1446.72,"0"
32,16.5,24.6,14,9,15,1446.72,"0"
32,16.5,24.6,14,9,15,1446.72,"0"
32,16.5,24.6,14,9,15,1446.72,"0"
32,16.5,24.6,14,9,15,1446.72,"0"
32,16.5,24.6,14,9,15,1446.72,"0"
32,16.5,24.6,14,9,15,1446.72,"0"
32,16.5,24.6,14,9,15,1446.72,"0"
32,16.5,24.6,14,9,15,1446.72,"0"
32,16.5,24.6,14,9,15,1446.72,"0"
32,16.5,24.6,14,9,15,1446.72,"0"
32,16.5,24.6,14,9,15,1446.72,"0"
32,16.5,24.6,19,9,15,1547.22,"1"
32,16.5,24.6,19,9,15,1547.22,"1"
32,16.5,24.6,14,9,15,1446.72,"0"
32,16.5,24.6,14,9,15,1446.72,"0"
32,16.5,24.6,14,9,15,1446.72,"0"
32,16.5,24.6,14,9,15,1446.72,"0"
32,16.5,24.6,19,9,15,1547.22,"1"
32,16.5,24.6,19,9,15,1547.22,"1"
32,16.5,24.6,19,9,15,1547.22,"1"
32,16.5,24.6,19,9,15,1547.22,"1"
32,16.5,24.6,19,9,15,1547.22,"1"
32,16.5,24.6,19,9,15,1547.22,"1"
32,16.5,24.6,19,9,15,1547.22,"1"
32,16.5,24.6,19,9,15,1547.22,"1"
32,16.5,24.6,19,9,15,1547.22,"1"
32,16.5,24.6,14,9,15,1446.72,"0"
32,16.5,24.6,14,9,15,1446.72,"0"
32,16.5,24.6,19,9,15,1547.22,"1"
32,16.5,24.6,14,9,15,1446.72,"0"
32,16.5,24.6,14,9,15,1446.72,"0"
32,16.5,24.6,14,9,15,1446.72,"0"
32,16.5,24.6,14,9,15,1446.72,"0"
32,16.5,24.6,14,9,15,1446.72,"0"
32,16.5,24.6,14,9,15,1446.72,"0"
32,16.5,24.6,14,9,15,1446.72,"0"
32,16.5,24.6,14,9,15,1446.72,"0"
32,16.5,24.6,14,9,15,1446.72,"0"
32,16.5,24.6,14,9,15,1446.72,"0"
32,16.5,24.6,14,9,15,1446.72,"0"
32,16.5,24.6,14,9,15,1446.72,"0"
32,16.5,24.6,19,9,15,1547.22,"1"
32,16.5,24.6,14,19,15,1944.72,"1"
32,16.5,24.6,9,19,15,1844.22,"1"
32,16.5,24.6,19,9,15,1547.22,"1"
32,16.5,24.6,19,9,15,1547.22,"1"
32,16.5,24.6,19,9,15,1547.22,"1"
32,16.5,24.6,14,19,15,1944.72,"1"
32,16.5,24.6,19,19,15,2045.22,"1"
32,16.5,24.6,14,19,15,1944.72,"1"
32,16.5,24.6,14,19,15,1944.72,"1"
32,16.5,24.6,14,19,15,1944.72,"1"
32,16.5,24.6,14,19,15,1944.72,"1"
32,16.5,24.6,19,19,15,2045.22,"1"
32,16.5,24.6,19,9,15,1547.22,"1"
32,16.5,24.6,19,9,15,1547.22,"1"
32,16.5,24.6,19,9,15,1547.22,"1"
32,16.5,24.6,19,9,15,1547.22,"1"
32,16.5,24.6,19,4,15,1298.22,"0"
32,16.5,24.6,19,4,15,1298.22,"0"
32,16.5,24.6,19,4,15,1298.22,"0"
32,16.5,24.6,19,4,15,1298.22,"0"
32,16.5,24.6,19,4,15,1298.22,"0"
32,16.5,24.6,19,4,15,1298.22,"0"
32,16.5,24.6,19,4,15,1298.22,"0"
32,16.5,24.6,24,4,15,1398.72,"0"
32,16.5,24.6,19,4,15,1298.22,"0"
32,16.5,24.6,19,4,15,1298.22,"0"
32,16.5,24.6,24,4,15,1398.72,"0"
32,16.5,24.6,24,4,15,1398.72,"0"
32,16.5,24.6,19,4,15,1298.22,"0"
32,16.5,24.6,24,4,15,1398.72,"0"
32,16.5,24.6,14,4,15,1197.72,"0"
32,16.5,24.6,14,4,15,1197.72,"0"
32,16.5,24.6,24,4,15,1398.72,"0"
32,16.5,24.6,19,4,15,1298.22,"0"
32,16.5,24.6,19,4,15,1298.22,"0"
32,16.5,24.6,14,4,15,1197.72,"0"
32,16.5,24.6,14,4,15,1197.72,"0"
32,16.5,24.6,14,4,15,1197.72,"0"
32,16.5,24.6,14,4,15,1197.72,"0"
32,16.5,24.6,14,4,15,1197.72,"0"
32,16.5,24.6,19,4,15,1298.22,"0"
32,16.5,24.6,14,4,15,1197.72,"0"
32,16.5,24.6,19,4,15,1298.22,"0"
32,16.5,24.6,24,4,15,1398.72,"0"
32,16.5,24.6,29,4,15,1499.22,"1"
32,16.5,24.6,24,4,15,1398.72,"0"
32,16.5,24.6,19,4,15,1298.22,"0"
32,16.5,24.6,14,4,15,1197.72,"0"
32,16.5,24.6,14,4,15,1197.72,"0"
32,16.5,24.6,19,4,15,1298.22,"0"
32,16.5,24.6,24,4,15,1398.72,"0"
32,16.5,24.6,24,4,15,1398.72,"0"
32,16.5,24.6,19,4,15,1298.22,"0"
32,16.5,24.6,14,4,15,1197.72,"0"
32,16.5,24.6,14,4,15,1197.72,"0"
32,16.5,24.6,14,4,15,1197.72,"0"
32,16.5,24.6,14,4,15,1197.72,"0"
32,16.5,24.6,14,4,15,1197.72,"0"
32,16.5,24.6,29,4,15,1499.22,"1"
32,16.5,24.6,29,4,15,1499.22,"1"
32,16.5,24.6,29,4,15,1499.22,"1"
32,16.5,24.6,29,4,15,1499.22,"1"
32,16.5,24.6,29,4,15,1499.22,"1"
32,16.5,24.6,19,4,15,1298.22,"0"
32,16.5,24.6,19,4,15,1298.22,"0"
32,16.5,24.6,24,4,15,1398.72,"0"
32,16.5,24.6,19,4,15,1298.22,"0"
32,16.5,24.6,19,4,15,1298.22,"0"
32,16.5,24.6,19,4,15,1298.22,"0"
32,16.5,24.6,19,4,15,1298.22,"0"
32,16.5,24.6,19,4,15,1298.22,"0"
32,16.5,24.6,19,4,15,1298.22,"0"
32,16.5,24.6,19,4,15,1298.22,"0"
32,16.5,24.6,19,4,15,1298.22,"0"
32,16.5,24.6,19,4,15,1298.22,"0"
32,16.5,24.6,19,4,15,1298.22,"0"
32,16.5,24.6,19,4,15,1298.22,"0"
32,16.5,24.6,24,4,15,1398.72,"0"
32,16.5,24.6,24,4,15,1398.72,"0"
32,16.5,24.6,24,4,15,1398.72,"0"
32,16.5,24.6,24,4,15,1398.72,"0"
32,16.5,24.6,19,4,15,1298.22,"0"
32,16.5,24.6,14,4,15,1197.72,"0"
32,16.5,24.6,19,4,15,1298.22,"0"
32,16.5,24.6,24,9,15,1647.72,"1"
32,16.5,24.6,19,9,15,1547.22,"1"
32,16.5,24.6,19,4,15,1298.22,"0"
32,16.5,24.6,24,4,15,1398.72,"0"
32,16.5,24.6,19,9,15,1547.22,"1"
32,16.5,24.6,19,4,15,1298.22,"0"
32,16.5,24.6,14,9,15,1446.72,"0"
32,16.5,24.6,19,9,15,1547.22,"1"
32,16.5,24.6,19,9,15,1547.22,"1"
32,16.5,24.6,19,4,15,1298.22,"0"
32,16.5,24.6,19,4,15,1298.22,"0"
32,16.5,24.6,19,4,15,1298.22,"0"
32,16.5,24.6,19,4,15,1298.22,"0"
32,16.5,24.6,19,4,15,1298.22,"0"
32,16.5,24.6,9,4,15,1097.22,"0"
32,16.5,24.6,14,4,15,1197.72,"0"
32,16.5,24.6,19,4,15,1298.22,"0"
32,16.5,24.6,14,4,15,1197.72,"0"
32,16.5,24.6,19,4,15,1298.22,"0"
32,16.5,24.6,14,4,15,1197.72,"0"
32,16.5,24.6,14,4,15,1197.72,"0"
32,16.5,24.6,19,4,15,1298.22,"0"
32,16.5,24.6,14,9,15,1446.72,"0"
32,16.5,24.6,14,4,15,1197.72,"0"
32,16.5,24.6,14,4,15,1197.72,"0"
32,16.5,24.6,14,4,15,1197.72,"0"
32,16.5,24.6,14,9,15,1446.72,"0"
32,16.5,24.6,14,9,15,1446.72,"0"
32,16.5,24.6,14,4,15,1197.72,"0"
32,16.5,24.6,14,4,15,1197.72,"0"
32,16.5,24.6,14,4,15,1197.72,"0"
32,16.5,24.6,14,4,15,1197.72,"0"
32,16.5,24.6,14,4,15,1197.72,"0"
32,16.5,24.6,9,4,15,1097.22,"0"
32,16.5,24.6,14,4,15,1197.72,"0"
32,16.5,24.6,14,4,15,1197.72,"0"
32,16.5,24.6,14,9,15,1446.72,"0"
32,16.5,24.6,14,4,15,1197.72,"0"
32,16.5,24.6,14,4,15,1197.72,"0"
32,16.5,24.6,19,9,15,1547.22,"1"
32,16.5,24.6,19,4,15,1298.22,"0"
32,16.5,24.6,9,9,15,1346.22,"0"
32,16.5,24.6,19,4,15,1298.22,"0"
32,16.5,24.6,14,4,15,1197.72,"0"
32,16.5,24.6,14,9,15,1446.72,"0"
32,16.5,24.6,19,9,15,1547.22,"1"
32,16.5,24.6,19,4,15,1298.22,"0"
32,16.5,24.6,19,9,15,1547.22,"1"
32,16.5,24.6,19,9,15,1547.22,"1"
32,16.5,24.6,24,4,15,1398.72,"0"
32,16.5,24.6,24,4,15,1398.72,"0"
32,16.5,24.6,19,9,15,1547.22,"1"
32,16.5,24.6,19,9,15,1547.22,"1"
32,16.5,24.6,19,9,15,1547.22,"1"
32,16.5,24.6,9,4,15,1097.22,"0"
32,16.5,24.6,9,4,15,1097.22,"0"
32,16.5,24.6,14,4,15,1197.72,"0"
32,16.5,24.6,9,4,15,1097.22,"0"
32,16.5,24.6,14,4,15,1197.72,"0"
32,16.5,24.6,19,4,15,1298.22,"0"
32,16.5,24.6,19,4,15,1298.22,"0"
32,16.5,24.6,19,4,15,1298.22,"0"
32,16.5,24.6,14,4,15,1197.72,"0"
32,16.5,24.6,14,4,15,1197.72,"0"
32,16.5,24.6,14,4,15,1197.72,"0"
32,16.5,24.6,24,4,15,1398.72,"0"
32,16.5,24.6,14,4,15,1197.72,"0"
32,16.5,24.6,14,4,15,1197.72,"0"
32,16.5,24.6,14,4,15,1197.72,"0"
32,16.5,24.6,9,4,15,1097.22,"0"
32,16.5,24.6,9,4,15,1097.22,"0"
32,16.5,24.6,14,4,15,1197.72,"0"
32,16.5,24.6,14,4,15,1197.72,"0"
32,16.5,24.6,19,4,15,1298.22,"0"
32,16.5,24.6,19,4,15,1298.22,"0"
32,16.5,24.6,14,4,15,1197.72,"0"
32,16.5,24.6,14,4,15,1197.72,"0"
32,16.5,24.6,14,4,15,1197.72,"0"
32,16.5,24.6,14,4,15,1197.72,"0"
32,16.5,24.6,14,4,15,1197.72,"0"
32,16.5,24.6,14,4,15,1197.72,"0"
32,16.5,24.6,9,14,4.6,1550.5,"1"
32,16.5,24.6,14,14,4.6,1651,"1"
32,16.5,24.6,14,14,4.6,1651,"1"
32,16.5,24.6,14,14,4.6,1651,"1"
32,16.5,24.6,14,4,4.6,1153,"0"
32,16.5,24.6,14,4,4.6,1153,"0"
32,16.5,24.6,14,4,4.6,1153,"0"
32,16.5,24.6,14,4,4.6,1153,"0"
32,16.5,24.6,14,4,4.6,1153,"0"
32,16.5,24.6,14,4,4.6,1153,"0"
32,16.5,24.6,19,4,4.6,1253.5,"0"
32,16.5,24.6,9,4,11.6,1082.6,"0"
32,16.5,24.6,14,4,11.6,1183.1,"0"
32,16.5,24.6,14,4,4.6,1153,"0"
32,16.5,24.6,14,4,4.6,1153,"0"
32,16.5,24.6,14,4,4.6,1153,"0"
32,16.5,24.6,9,4,4.6,1052.5,"0"
32,16.5,24.6,9,4,4.6,1052.5,"0"
32,16.5,24.6,9,4,4.6,1052.5,"0"
32,16.5,24.6,9,4,4.6,1052.5,"0"
32,16.5,24.6,9,4,4.6,1052.5,"0"
32,16.5,24.6,9,4,4.6,1052.5,"0"
32,16.5,24.6,9,4,4.6,1052.5,"0"
32,16.5,24.6,14,9,11.6,1432.1,"0"
32,16.5,24.6,14,4,11.6,1183.1,"0"
32,16.5,24.6,14,4,11.6,1183.1,"0"
32,16.5,24.6,19,19,11.6,2030.6,"1"
32,16.5,24.6,19,9,11.6,1532.6,"1"
32,16.5,24.6,19,9,4.6,1502.5,"1"
32,16.5,24.6,14,9,4.6,1402,"0"
32,16.5,24.6,19,9,4.6,1502.5,"1"
32,16.5,24.6,14,9,4.6,1402,"0"
32,16.5,24.6,19,9,4.6,1502.5,"1"
32,16.5,24.6,19,9,4.6,1502.5,"1"
32,16.5,24.6,19,9,4.6,1502.5,"1"
32,16.5,24.6,19,9,4.6,1502.5,"1"
32,16.5,24.6,19,9,4.6,1502.5,"1"
32,16.5,24.6,19,9,4.6,1502.5,"1"
32,16.5,24.6,19,9,4.6,1502.5,"1"
32,16.5,24.6,19,9,4.6,1502.5,"1"
32,16.5,24.6,14,9,4.6,1402,"0"
32,16.5,24.6,14,9,4.6,1402,"0"
32,16.5,24.6,19,9,4.6,1502.5,"1"
32,16.5,24.6,19,9,4.6,1502.5,"1"
32,16.5,24.6,14,9,4.6,1402,"0"
32,16.5,24.6,14,9,4.6,1402,"0"
32,16.5,24.6,14,9,4.6,1402,"0"
32,16.5,24.6,14,9,4.6,1402,"0"
32,16.5,24.6,14,4,4.6,1153,"0"
32,16.5,24.6,19,4,4.6,1253.5,"0"
32,16.5,24.6,14,9,4.6,1402,"0"
32,16.5,24.6,14,9,4.6,1402,"0"
32,16.5,24.6,14,9,4.6,1402,"0"
32,16.5,24.6,14,9,4.6,1402,"0"
32,16.5,24.6,14,9,4.6,1402,"0"
32,16.5,24.6,14,9,4.6,1402,"0"
32,16.5,24.6,9,29,4.6,2297.5,"1"
32,16.5,24.6,9,29,4.6,2297.5,"1"
32,16.5,24.6,14,29,4.6,2398,"1"
32,16.5,24.6,19,4,4.6,1253.5,"0"
32,16.5,24.6,14,4,4.6,1153,"0"
32,16.5,24.6,14,4,4.6,1153,"0"
32,16.5,24.6,14,4,4.6,1153,"0"
32,16.5,24.6,14,4,4.6,1153,"0"
32,16.5,24.6,14,4,4.6,1153,"0"
32,16.5,24.6,14,4,4.6,1153,"0"
32,16.5,24.6,14,4,4.6,1153,"0"
32,16.5,24.6,14,4,4.6,1153,"0"
32,16.5,24.6,14,4,4.6,1153,"0"
32,16.5,24.6,19,4,4.6,1253.5,"0"
32,16.5,24.6,14,4,4.6,1153,"0"
32,16.5,24.6,19,4,4.6,1253.5,"0"
32,16.5,24.6,19,4,4.6,1253.5,"0"
32,16.5,24.6,19,4,4.6,1253.5,"0"
32,16.5,24.6,19,4,4.6,1253.5,"0"
32,16.5,24.6,19,4,4.6,1253.5,"0"
32,16.5,24.6,19,4,4.6,1253.5,"0"
32,16.5,24.6,24,4,4.6,1354,"0"
32,16.5,24.6,24,4,4.6,1354,"0"
32,16.5,24.6,19,4,4.6,1253.5,"0"
32,16.5,24.6,19,4,4.6,1253.5,"0"
32,16.5,24.6,19,4,4.6,1253.5,"0"
32,16.5,24.6,24,4,4.6,1354,"0"
32,16.5,24.6,19,4,4.6,1253.5,"0"
32,16.5,24.6,19,4,4.6,1253.5,"0"
32,16.5,24.6,19,4,4.6,1253.5,"0"
32,16.5,24.6,19,4,4.6,1253.5,"0"
32,16.5,24.6,14,4,4.6,1153,"0"
32,16.5,24.6,14,4,4.6,1153,"0"
32,16.5,24.6,19,4,4.6,1253.5,"0"
32,16.5,24.6,19,4,4.6,1253.5,"0"
32,16.5,24.6,14,4,4.6,1153,"0"
32,16.5,24.6,19,4,4.6,1253.5,"0"
32,16.5,24.6,14,4,4.6,1153,"0"
32,16.5,24.6,14,4,11.6,1183.1,"0"
32,16.5,24.6,19,4,11.6,1283.6,"0"
32,16.5,24.6,19,4,11.6,1283.6,"0"
32,16.5,24.6,14,4,11.6,1183.1,"0"
32,16.5,24.6,24,4,11.6,1384.1,"0"
32,16.5,24.6,9,19,11.6,1829.6,"1"
32,16.5,24.6,9,19,11.6,1829.6,"1"
32,16.5,24.6,14,19,11.6,1930.1,"1"
32,16.5,24.6,14,19,11.6,1930.1,"1"
32,16.5,24.6,19,4,11.6,1283.6,"0"
32,16.5,24.6,14,19,11.6,1930.1,"1"
32,16.5,24.6,9,19,11.6,1829.6,"1"
32,16.5,24.6,9,19,11.6,1829.6,"1"
32,16.5,24.6,9,19,11.6,1829.6,"1"
32,16.5,24.6,14,19,11.6,1930.1,"1"
32,16.5,24.6,14,4,11.6,1183.1,"0"
32,16.5,24.6,14,4,11.6,1183.1,"0"
32,16.5,24.6,14,4,11.6,1183.1,"0"
32,16.5,24.6,14,4,11.6,1183.1,"0"
32,16.5,24.6,9,4,11.6,1082.6,"0"
32,16.5,24.6,14,4,11.6,1183.1,"0"
32,16.5,24.6,14,4,11.6,1183.1,"0"
32,16.5,24.6,14,4,11.6,1183.1,"0"
32,16.5,24.6,9,4,11.6,1082.6,"0"
32,16.5,24.6,14,4,11.6,1183.1,"0"
32,16.5,24.6,14,4,11.6,1183.1,"0"
32,16.5,24.6,14,4,11.6,1183.1,"0"
32,16.5,24.6,14,9,4.6,1402,"0"
32,16.5,24.6,14,9,4.6,1402,"0"
32,16.5,24.6,14,9,4.6,1402,"0"
32,16.5,24.6,14,9,4.6,1402,"0"
32,16.5,24.6,14,9,4.6,1402,"0"
32,16.5,24.6,14,9,4.6,1402,"0"
32,16.5,24.6,14,9,4.6,1402,"0"
32,16.5,24.6,19,9,4.6,1502.5,"1"
32,16.5,24.6,14,9,4.6,1402,"0"
32,16.5,24.6,14,9,4.6,1402,"0"
32,16.5,24.6,14,9,4.6,1402,"0"
32,16.5,24.6,14,9,4.6,1402,"0"
32,16.5,24.6,14,9,4.6,1402,"0"
32,16.5,24.6,19,9,4.6,1502.5,"1"
32,16.5,24.6,19,9,4.6,1502.5,"1"
32,16.5,24.6,19,9,4.6,1502.5,"1"
32,16.5,24.6,14,9,4.6,1402,"0"
32,16.5,24.6,14,9,4.6,1402,"0"
32,16.5,24.6,14,9,4.6,1402,"0"
32,16.5,24.6,14,9,4.6,1402,"0"
32,16.5,24.6,19,9,4.6,1502.5,"1"
32,16.5,24.6,19,9,4.6,1502.5,"1"
32,16.5,24.6,24,9,4.6,1603,"1"
32,16.5,24.6,14,9,4.6,1402,"0"
32,16.5,24.6,19,9,4.6,1502.5,"1"
32,16.5,24.6,14,9,4.6,1402,"0"
32,16.5,24.6,14,9,4.6,1402,"0"
32,16.5,24.6,14,9,4.6,1402,"0"
32,16.5,24.6,9,9,4.6,1301.5,"0"
32,16.5,24.6,19,9,4.6,1502.5,"1"
32,16.5,24.6,19,9,4.6,1502.5,"1"
32,16.5,24.6,14,9,4.6,1402,"0"
32,16.5,24.6,14,9,4.6,1402,"0"
32,16.5,24.6,14,9,4.6,1402,"0"
32,16.5,24.6,14,9,4.6,1402,"0"
32,16.5,24.6,9,9,4.6,1301.5,"0"
32,16.5,24.6,9,9,4.6,1301.5,"0"
32,16.5,24.6,14,9,4.6,1402,"0"
32,16.5,24.6,14,9,4.6,1402,"0"
32,16.5,24.6,14,9,4.6,1402,"0"
32,16.5,24.6,14,9,4.6,1402,"0"
32,16.5,24.6,14,9,4.6,1402,"0"
32,16.5,24.6,14,9,4.6,1402,"0"
32,16.5,24.6,19,9,4.6,1502.5,"1"
32,16.5,24.6,19,9,4.6,1502.5,"1"
32,16.5,24.6,14,9,4.6,1402,"0"
32,16.5,24.6,14,9,4.6,1402,"0"
32,16.5,24.6,9,9,4.6,1301.5,"0"
32,16.5,24.6,9,9,4.6,1301.5,"0"
32,16.5,24.6,14,9,4.6,1402,"0"
32,16.5,24.6,19,9,4.6,1502.5,"1"
32,16.5,24.6,24,9,4.6,1603,"1"
32,16.5,24.6,14,9,4.6,1402,"0"
32,16.5,24.6,14,19,4.6,1900,"1"
32,16.5,24.6,14,19,4.6,1900,"1"
32,16.5,24.6,19,9,4.6,1502.5,"1"
32,16.5,24.6,14,19,4.6,1900,"1"
32,16.5,24.6,14,19,4.6,1900,"1"
32,16.5,24.6,14,19,4.6,1900,"1"
32,16.5,24.6,14,19,4.6,1900,"1"
32,16.5,24.6,14,19,4.6,1900,"1"
32,16.5,24.6,14,19,4.6,1900,"1"
32,16.5,24.6,14,19,4.6,1900,"1"
32,16.5,24.6,14,19,4.6,1900,"1"
32,16.5,24.6,19,19,4.6,2000.5,"1"
32,16.5,24.6,14,9,4.6,1402,"0"
32,16.5,24.6,14,9,4.6,1402,"0"
32,16.5,24.6,14,9,4.6,1402,"0"
32,16.5,24.6,14,9,4.6,1402,"0"
32,16.5,24.6,14,9,4.6,1402,"0"
32,16.5,24.6,14,9,4.6,1402,"0"
32,16.5,24.6,14,9,4.6,1402,"0"
32,16.5,24.6,14,9,4.6,1402,"0"
32,16.5,24.6,14,9,4.6,1402,"0"
32,16.5,24.6,14,9,4.6,1402,"0"
32,16.5,24.6,14,9,4.6,1402,"0"
32,16.5,24.6,14,9,4.6,1402,"0"
32,16.5,24.6,14,9,4.6,1402,"0"
32,16.5,24.6,14,9,4.6,1402,"0"
32,16.5,24.6,19,9,4.6,1502.5,"1"
32,16.5,24.6,19,9,4.6,1502.5,"1"
32,16.5,24.6,14,19,4.6,1900,"1"
32,16.5,24.6,19,19,4.6,2000.5,"1"
32,16.5,24.6,14,9,4.6,1402,"0"
32,16.5,24.6,14,9,4.6,1402,"0"
32,16.5,24.6,14,9,4.6,1402,"0"
32,16.5,24.6,14,9,4.6,1402,"0"
32,16.5,24.6,29,4,4.6,1454.5,"0"
32,16.5,24.6,29,4,4.6,1454.5,"0"
32,16.5,24.6,29,4,4.6,1454.5,"0"
32,16.5,24.6,19,4,4.6,1253.5,"0"
32,16.5,24.6,19,4,4.6,1253.5,"0"
32,16.5,24.6,19,4,4.6,1253.5,"0"
32,16.5,24.6,19,4,4.6,1253.5,"0"
32,16.5,24.6,19,4,4.6,1253.5,"0"
32,16.5,24.6,19,4,4.6,1253.5,"0"
32,16.5,24.6,19,4,4.6,1253.5,"0"
32,16.5,24.6,19,4,4.6,1253.5,"0"
32,16.5,24.6,24,4,4.6,1354,"0"
32,16.5,24.6,19,4,4.6,1253.5,"0"
32,16.5,24.6,19,4,4.6,1253.5,"0"
32,16.5,24.6,19,4,4.6,1253.5,"0"
32,16.5,24.6,19,4,4.6,1253.5,"0"
32,16.5,24.6,14,4,4.6,1153,"0"
32,16.5,24.6,19,4,4.6,1253.5,"0"
32,16.5,24.6,19,4,4.6,1253.5,"0"
32,16.5,24.6,19,4,4.6,1253.5,"0"
32,16.5,24.6,14,4,4.6,1153,"0"
32,16.5,24.6,19,4,4.6,1253.5,"0"
32,16.5,24.6,19,4,4.6,1253.5,"0"
32,16.5,24.6,19,4,4.6,1253.5,"0"
32,16.5,24.6,14,4,4.6,1153,"0"
32,16.5,24.6,14,4,4.6,1153,"0"
32,16.5,24.6,19,4,4.6,1253.5,"0"
32,16.5,24.6,19,4,4.6,1253.5,"0"
32,16.5,24.6,19,4,4.6,1253.5,"0"
9.2,17.6,68.4,19,4,16.1,1801.77,"1"
9.2,17.6,68.4,24,4,16.1,1963.27,"1"
9.2,17.6,68.4,24,4,16.1,1963.27,"1"
9.2,17.6,68.4,4,4,8.5,1275.47,"0"
9.2,17.6,68.4,4,4,38.8,1442.12,"0"
9.2,17.6,68.4,19,4,38.8,1926.62,"1"
9.2,17.6,68.4,19,4,38.8,1926.62,"1"
9.2,17.6,68.4,14,4,38.8,1765.12,"1"
9.2,17.6,68.4,19,4,38.8,1926.62,"1"
9.2,17.6,68.4,19,4,38.8,1926.62,"1"
9.2,17.6,68.4,19,4,38.8,1926.62,"1"
9.2,17.6,68.4,19,4,38.8,1926.62,"1"
9.2,17.6,68.4,19,4,38.8,1926.62,"1"
9.2,17.6,68.4,14,4,38.8,1765.12,"1"
9.2,17.6,68.4,14,4,38.8,1765.12,"1"
9.2,17.6,68.4,19,4,38.8,1926.62,"1"
9.2,17.6,68.4,14,4,38.8,1765.12,"1"
9.2,17.6,68.4,9,4,38.8,1603.62,"1"
9.2,17.6,68.4,9,4,38.8,1603.62,"1"
9.2,17.6,68.4,9,4,38.8,1603.62,"1"
9.2,17.6,68.4,24,4,38.8,2088.12,"1"
9.2,17.6,68.4,24,4,38.8,2088.12,"1"
9.2,17.6,68.4,19,4,38.8,1926.62,"1"
9.2,17.6,68.4,24,4,38.8,2088.12,"1"
9.2,17.6,68.4,29,4,38.8,2249.62,"1"
9.2,17.6,68.4,14,4,38.8,1765.12,"1"
9.2,17.6,68.4,29,4,38.8,2249.62,"1"
9.2,17.6,68.4,9,4,38.8,1603.62,"1"
9.2,17.6,68.4,14,4,38.8,1765.12,"1"
9.2,17.6,68.4,24,4,38.8,2088.12,"1"
9.2,17.6,68.4,24,4,38.8,2088.12,"1"
9.2,17.6,68.4,19,4,38.8,1926.62,"1"
9.2,17.6,68.4,19,4,38.8,1926.62,"1"
9.2,17.6,68.4,24,4,38.8,2088.12,"1"
9.2,17.6,68.4,19,4,38.8,1926.62,"1"
9.2,17.6,68.4,19,4,38.8,1926.62,"1"
9.2,17.6,68.4,19,4,38.8,1926.62,"1"
9.2,17.6,68.4,24,4,38.8,2088.12,"1"
9.2,17.6,68.4,29,4,38.8,2249.62,"1"
9.2,17.6,68.4,29,4,38.8,2249.62,"1"
9.2,17.6,68.4,24,4,38.8,2088.12,"1"
9.2,17.6,68.4,19,4,38.8,1926.62,"1"
9.2,17.6,68.4,19,4,38.8,1926.62,"1"
9.2,17.6,68.4,19,4,38.8,1926.62,"1"
9.2,17.6,68.4,14,4,38.8,1765.12,"1"
9.2,17.6,68.4,14,4,38.8,1765.12,"1"
9.2,17.6,68.4,9,4,38.8,1603.62,"1"
9.2,17.6,68.4,14,4,38.8,1765.12,"1"
9.2,17.6,68.4,14,4,38.8,1765.12,"1"
9.2,17.6,68.4,19,4,38.8,1926.62,"1"
9.2,17.6,68.4,24,4,38.8,2088.12,"1"
9.2,17.6,68.4,29,4,38.8,2249.62,"1"
9.2,17.6,68.4,29,4,38.8,2249.62,"1"
9.2,17.6,68.4,14,4,38.8,1765.12,"1"
9.2,17.6,68.4,14,4,38.8,1765.12,"1"
9.2,17.6,68.4,19,4,38.8,1926.62,"1"
9.2,17.6,68.4,24,9,38.8,2252.12,"1"
9.2,17.6,68.4,19,9,38.8,2090.62,"1"
9.2,17.6,68.4,19,9,38.8,2090.62,"1"
9.2,17.6,68.4,24,9,38.8,2252.12,"1"
9.2,17.6,68.4,29,9,38.8,2413.62,"1"
9.2,17.6,68.4,29,9,38.8,2413.62,"1"
9.2,17.6,68.4,24,4,38.8,2088.12,"1"
9.2,17.6,68.4,19,4,38.8,1926.62,"1"
9.2,17.6,68.4,19,4,11.9,1778.67,"1"
9.2,17.6,68.4,24,9,11.9,2104.17,"1"
9.2,17.6,68.4,19,9,11.9,1942.67,"1"
9.2,17.6,68.4,19,4,11.9,1778.67,"1"
9.2,17.6,68.4,24,4,38.8,2088.12,"1"
9.2,17.6,68.4,19,4,38.8,1926.62,"1"
9.2,17.6,68.4,19,4,38.8,1926.62,"1"
9.2,17.6,68.4,19,4,38.8,1926.62,"1"
9.2,17.6,68.4,19,4,38.8,1926.62,"1"
9.2,17.6,68.4,9,4,12.8,1460.62,"1"
9.2,17.6,68.4,14,4,12.8,1622.12,"1"
9.2,17.6,68.4,4,4,12.8,1299.12,"0"
9.2,17.6,68.4,14,4,12.8,1622.12,"1"
9.2,17.6,68.4,4,4,12.8,1299.12,"0"
9.2,17.6,68.4,4,4,12.8,1299.12,"0"
9.2,17.6,68.4,4,4,12.8,1299.12,"0"
9.2,17.6,68.4,24,4,12.8,1945.12,"1"
9.2,17.6,68.4,19,4,12.8,1783.62,"1"
9.2,17.6,68.4,9,4,12.8,1460.62,"1"
9.2,17.6,68.4,9,4,12.8,1460.62,"1"
9.2,17.6,68.4,14,4,12.8,1622.12,"1"
9.2,17.6,68.4,9,4,38.8,1603.62,"1"
9.2,17.6,68.4,9,4,12.8,1460.62,"1"
9.2,17.6,68.4,9,4,12.8,1460.62,"1"
9.2,17.6,68.4,9,4,12.8,1460.62,"1"
9.2,17.6,68.4,9,4,12.8,1460.62,"1"
9.2,17.6,68.4,4,4,12.8,1299.12,"0"
9.2,17.6,68.4,4,4,12.8,1299.12,"0"
9.2,17.6,68.4,4,4,12.8,1299.12,"0"
9.2,17.6,68.4,9,4,12.8,1460.62,"1"
9.2,17.6,68.4,9,4,12.8,1460.62,"1"
9.2,17.6,68.4,9,4,12.8,1460.62,"1"
9.2,17.6,68.4,9,4,12.8,1460.62,"1"
9.2,17.6,68.4,14,4,12.8,1622.12,"1"
9.2,17.6,68.4,19,4,12.8,1783.62,"1"
9.2,17.6,68.4,4,4,12.8,1299.12,"0"
9.2,17.6,68.4,4,4,12.8,1299.12,"0"
9.2,17.6,68.4,9,4,12.8,1478.77,"1"
9.2,17.6,68.4,9,4,12.8,1460.62,"1"
9.2,17.6,68.4,9,4,12.8,1460.62,"1"
9.2,17.6,68.4,9,4,12.8,1460.62,"1"
9.2,17.6,68.4,14,4,12.8,1622.12,"1"
9.2,17.6,68.4,9,4,12.8,1460.62,"1"
9.2,17.6,68.4,14,4,12.8,1622.12,"1"
9.2,17.6,68.4,14,4,12.8,1622.12,"1"
9.2,17.6,68.4,14,4,12.8,1622.12,"1"
9.2,17.6,68.4,14,4,12.8,1622.12,"1"
9.2,17.6,68.4,14,4,12.8,1622.12,"1"
9.2,17.6,68.4,14,4,12.8,1622.12,"1"
9.2,17.6,68.4,14,4,12.8,1622.12,"1"
9.2,17.6,68.4,9,4,12.8,1460.62,"1"
9.2,17.6,68.4,14,4,12.8,1622.12,"1"
9.2,17.6,68.4,9,4,12.8,1460.62,"1"
9.2,17.6,68.4,14,4,12.8,1622.12,"1"
9.2,17.6,68.4,9,4,12.8,1460.62,"1"
9.2,17.6,68.4,9,4,12.8,1460.62,"1"
9.2,17.6,68.4,14,4,12.8,1622.12,"1"
9.2,17.6,68.4,19,4,12.8,1783.62,"1"
9.2,17.6,68.4,9,4,12.8,1460.62,"1"
9.2,17.6,68.4,9,4,12.8,1460.62,"1"
9.2,17.6,68.4,19,4,12.8,1783.62,"1"
9.2,17.6,68.4,19,4,12.8,1783.62,"1"
9.2,17.6,68.4,19,4,12.8,1783.62,"1"
9.2,17.6,68.4,19,4,12.8,1783.62,"1"
9.2,17.6,68.4,19,4,12.8,1783.62,"1"
9.2,17.6,68.4,19,4,12.8,1783.62,"1"
9.2,17.6,68.4,14,4,12.8,1622.12,"1"
9.2,17.6,68.4,29,4,4.2,2059.32,"1"
9.2,17.6,68.4,24,4,4.2,1897.82,"1"
9.2,17.6,68.4,29,4,12.8,2106.62,"1"
9.2,17.6,68.4,29,4,12.8,2106.62,"1"
9.2,17.6,68.4,24,4,12.8,1945.12,"1"
9.2,17.6,68.4,29,4,12.8,2106.62,"1"
9.2,17.6,68.4,24,4,12.8,1945.12,"1"
9.2,17.6,68.4,14,4,12.8,1622.12,"1"
9.2,17.6,68.4,19,4,12.8,1783.62,"1"
9.2,17.6,68.4,19,4,4.2,1736.32,"1"
9.2,17.6,68.4,19,4,4.2,1736.32,"1"
9.2,17.6,68.4,19,4,4.2,1736.32,"1"
9.2,17.6,68.4,24,4,4.2,1897.82,"1"
9.2,17.6,68.4,24,4,4.2,1897.82,"1"
9.2,17.6,68.4,29,4,4.2,2059.32,"1"
9.2,17.6,68.4,29,4,4.2,2059.32,"1"
9.2,17.6,68.4,24,4,4.2,1897.82,"1"
9.2,17.6,68.4,19,4,4.2,1736.32,"1"
9.2,17.6,68.4,24,4,4.2,1897.82,"1"
9.2,17.6,68.4,24,4,4.2,1897.82,"1"
9.2,17.6,68.4,24,4,4.2,1897.82,"1"
9.2,17.6,68.4,24,4,4.2,1897.82,"1"
9.2,17.6,68.4,24,4,4.2,1897.82,"1"
9.2,17.6,68.4,19,4,4.2,1736.32,"1"
9.2,17.6,68.4,19,4,4.2,1736.32,"1"
9.2,17.6,68.4,24,4,4.2,1897.82,"1"
9.2,17.6,68.4,24,4,4.2,1897.82,"1"
9.2,17.6,68.4,29,4,12.8,2106.62,"1"
9.2,17.6,68.4,14,4,12.8,1622.12,"1"
9.2,17.6,68.4,24,4,4.2,1897.82,"1"
9.2,17.6,68.4,19,4,4.2,1736.32,"1"
9.2,17.6,68.4,24,4,12.8,1945.12,"1"
9.2,17.6,68.4,24,4,12.8,1945.12,"1"
9.2,17.6,68.4,24,4,12.8,1945.12,"1"
9.2,17.6,68.4,19,4,12.8,1783.62,"1"
9.2,17.6,68.4,24,4,12.8,1945.12,"1"
9.2,17.6,68.4,24,4,12.8,1945.12,"1"
9.2,17.6,68.4,24,4,12.8,1945.12,"1"
9.2,17.6,68.4,24,4,12.8,1945.12,"1"
9.2,17.6,68.4,24,4,12.8,1945.12,"1"
9.2,17.6,68.4,4,4,12.8,1299.12,"0"
9.2,17.6,68.4,19,4,4.2,1736.32,"1"
9.2,17.6,68.4,9,4,12.8,1460.62,"1"
9.2,17.6,68.4,4,4,12.8,1299.12,"0"
9.2,17.6,68.4,4,4,12.8,1299.12,"0"
9.2,17.6,68.4,4,19,12.8,1747.12,"1"
9.2,17.6,68.4,4,14,12.8,1622.17,"1"
9.2,17.6,68.4,4,14,12.8,1622.17,"1"
9.2,17.6,68.4,4,4,12.8,1299.12,"0"
9.2,17.6,68.4,4,4,12.8,1299.12,"0"
9.2,17.6,68.4,4,14,12.8,1622.17,"1"
9.2,17.6,68.4,4,4,12.8,1299.12,"0"
9.2,17.6,68.4,4,9,12.8,1645.27,"1"
9.2,17.6,68.4,4,4,12.8,1299.12,"0"
9.2,17.6,68.4,24,4,12.8,1945.12,"1"
9.2,17.6,68.4,29,4,12.8,2106.62,"1"
9.2,17.6,68.4,29,4,12.8,2106.62,"1"
9.2,17.6,68.4,29,4,12.8,2106.62,"1"
9.2,17.6,68.4,29,4,12.8,2106.62,"1"
9.2,17.6,68.4,14,4,12.8,1622.12,"1"
9.2,17.6,68.4,19,4,12.8,1783.62,"1"
9.2,17.6,68.4,14,4,12.8,1622.12,"1"
9.2,17.6,68.4,14,4,12.8,1622.12,"1"
9.2,17.6,68.4,14,4,12.8,1622.12,"1"
9.2,17.6,68.4,9,4,12.8,1460.62,"1"
9.2,17.6,68.4,14,4,12.8,1622.12,"1"
9.2,17.6,68.4,19,4,12.8,1783.62,"1"
9.2,17.6,68.4,19,4,12.8,1783.62,"1"
9.2,17.6,68.4,14,4,12.8,1622.12,"1"
9.2,17.6,68.4,14,4,12.8,1622.12,"1"
9.2,17.6,68.4,14,4,12.8,1622.12,"1"
9.2,17.6,68.4,19,4,12.8,1783.62,"1"
9.2,17.6,68.4,14,4,12.8,1622.12,"1"
9.2,17.6,68.4,14,4,12.8,1622.12,"1"
9.2,17.6,68.4,19,4,12.8,1783.62,"1"
9.2,17.6,68.4,9,4,12.8,1460.62,"1"
9.2,17.6,68.4,4,4,12.8,1299.12,"0"
9.2,17.6,68.4,4,4,12.8,1299.12,"0"
9.2,17.6,68.4,9,4,12.8,1460.62,"1"
9.2,17.6,68.4,9,4,12.8,1460.62,"1"
9.2,17.6,68.4,9,4,12.8,1460.62,"1"
9.2,17.6,68.4,9,4,12.8,1460.62,"1"
9.2,17.6,68.4,4,4,12.8,1299.12,"0"
9.2,17.6,68.4,4,4,12.8,1299.12,"0"
9.2,17.6,68.4,4,4,12.8,1299.12,"0"
9.2,17.6,68.4,9,4,12.8,1460.62,"1"
9.2,17.6,68.4,14,4,12.8,1622.12,"1"
9.2,17.6,68.4,4,4,12.8,1299.12,"0"
9.2,17.6,68.4,4,4,12.8,1299.12,"0"
9.2,17.6,68.4,4,4,12.8,1299.12,"0"
9.2,17.6,68.4,9,4,12.8,1460.62,"1"
9.2,17.6,68.4,9,4,12.8,1460.62,"1"
9.2,17.6,68.4,4,4,12.8,1299.12,"0"
9.2,17.6,68.4,4,4,12.8,1299.12,"0"
9.2,17.6,68.4,9,4,12.8,1460.62,"1"
9.2,17.6,68.4,14,4,12.8,1622.12,"1"
9.2,17.6,68.4,14,4,12.8,1622.12,"1"
9.2,17.6,68.4,9,4,12.8,1460.62,"1"
9.2,17.6,68.4,9,4,12.8,1460.62,"1"
9.2,17.6,68.4,9,4,12.8,1460.62,"1"
9.2,17.6,68.4,4,4,12.8,1299.12,"0"
9.2,17.6,68.4,4,4,12.8,1299.12,"0"
9.2,17.6,68.4,4,4,12.8,1299.12,"0"
9.2,17.6,68.4,14,4,12.8,1622.12,"1"
9.2,17.6,68.4,14,4,12.8,1622.12,"1"
9.2,17.6,68.4,14,4,12.8,1622.12,"1"
9.2,17.6,68.4,14,4,12.8,1622.12,"1"
9.2,17.6,68.4,14,4,4.2,1574.82,"1"
9.2,17.6,68.4,19,4,12.8,1783.62,"1"
9.2,17.6,68.4,14,4,4.2,1574.82,"1"
9.2,17.6,68.4,9,4,4.2,1413.32,"0"
9.2,17.6,68.4,14,4,4.2,1574.82,"1"
9.2,17.6,68.4,14,4,4.2,1574.82,"1"
9.2,17.6,68.4,14,4,4.2,1574.82,"1"
9.2,17.6,68.4,14,4,4.2,1574.82,"1"
9.2,17.6,68.4,14,4,4.2,1574.82,"1"
9.2,17.6,68.4,14,4,4.2,1574.82,"1"
9.2,17.6,68.4,14,4,4.2,1574.82,"1"
9.2,17.6,68.4,14,4,4.2,1574.82,"1"
9.2,17.6,68.4,14,4,4.2,1574.82,"1"
9.2,17.6,68.4,19,4,4.2,1736.32,"1"
9.2,17.6,68.4,19,4,4.2,1736.32,"1"
9.2,17.6,68.4,14,4,4.2,1574.82,"1"
9.2,17.6,68.4,14,4,4.2,1574.82,"1"
9.2,17.6,68.4,14,4,4.2,1574.82,"1"
9.2,17.6,68.4,14,4,4.2,1574.82,"1"
9.2,17.6,68.4,14,4,4.2,1574.82,"1"
9.2,17.6,68.4,14,4,4.2,1574.82,"1"
9.2,17.6,68.4,14,4,4.2,1574.82,"1"
9.2,17.6,68.4,14,9,12.8,1786.12,"1"
9.2,17.6,68.4,14,9,12.8,1786.12,"1"
9.2,17.6,68.4,14,9,12.8,1786.12,"1"
9.2,17.6,68.4,14,9,12.8,1786.12,"1"
9.2,17.6,68.4,14,9,12.8,1786.12,"1"
9.2,17.6,68.4,14,4,12.8,1622.12,"1"
9.2,17.6,68.4,14,4,12.8,1622.12,"1"
9.2,17.6,68.4,14,9,12.8,1786.12,"1"
9.2,17.6,68.4,14,9,12.8,1786.12,"1"
9.2,17.6,68.4,14,9,12.8,1786.12,"1"
9.2,17.6,68.4,14,9,12.8,1786.12,"1"
9.2,17.6,68.4,14,9,12.8,1786.12,"1"
9.2,17.6,68.4,19,9,12.8,1947.62,"1"
9.2,17.6,68.4,19,9,12.8,1947.62,"1"
9.2,17.6,68.4,19,9,12.8,1947.62,"1"
9.2,17.6,68.4,19,4,12.8,1783.62,"1"
9.2,17.6,68.4,4,4,12.8,1299.12,"0"
9.2,17.6,68.4,24,4,12.8,1945.12,"1"
9.2,17.6,68.4,19,4,12.8,1783.62,"1"
9.2,17.6,68.4,4,4,12.8,1299.12,"0"
9.2,17.6,68.4,24,4,12.8,1945.12,"1"
9.2,17.6,68.4,19,4,12.8,1783.62,"1"
9.2,17.6,68.4,9,4,12.8,1460.62,"1"
9.2,17.6,68.4,19,4,12.8,1783.62,"1"
9.2,17.6,22.6,14,19,38.8,1799.12,"1"
9.2,17.6,22.6,4,19,38.8,1476.12,"1"
9.2,17.6,22.6,4,19,38.8,1476.12,"1"
9.2,17.6,22.6,4,19,38.8,1476.12,"1"
9.2,17.6,22.6,4,19,38.8,1476.12,"1"
9.2,17.6,22.6,4,19,38.8,1476.12,"1"
9.2,17.6,22.6,4,19,38.8,1476.12,"1"
9.2,17.6,22.6,4,19,38.8,1476.12,"1"
9.2,17.6,22.6,4,19,38.8,1476.12,"1"
9.2,17.6,22.6,24,4,38.8,1630.12,"1"
9.2,17.6,22.6,24,4,38.8,1630.12,"1"
9.2,17.6,22.6,29,4,38.8,1791.62,"1"
9.2,17.6,22.6,19,4,38.8,1468.62,"1"
9.2,17.6,22.6,19,4,38.8,1468.62,"1"
9.2,17.6,22.6,24,4,38.8,1630.12,"1"
9.2,17.6,22.6,24,4,38.8,1630.12,"1"
9.2,17.6,22.6,19,9,38.8,1632.62,"1"
9.2,17.6,22.6,24,9,38.8,1794.12,"1"
9.2,17.6,22.6,24,9,38.8,1794.12,"1"
9.2,17.6,22.6,24,4,38.8,1630.12,"1"
9.2,17.6,22.6,24,4,38.8,1630.12,"1"
9.2,17.6,22.6,19,4,38.8,1468.62,"1"
9.2,17.6,22.6,14,4,38.8,1307.12,"0"
9.2,17.6,22.6,19,4,38.8,1468.62,"1"
9.2,17.6,22.6,19,4,38.8,1468.62,"1"
9.2,17.6,22.6,19,4,38.8,1468.62,"1"
9.2,17.6,22.6,19,4,38.8,1468.62,"1"
9.2,17.6,22.6,19,4,38.8,1468.62,"1"
9.2,17.6,22.6,14,4,38.8,1307.12,"0"
9.2,17.6,22.6,19,4,38.8,1468.62,"1"
9.2,17.6,22.6,19,4,38.8,1468.62,"1"
9.2,17.6,22.6,19,4,38.8,1468.62,"1"
9.2,17.6,22.6,19,4,38.8,1468.62,"1"
9.2,17.6,22.6,19,4,38.8,1468.62,"1"
9.2,17.6,22.6,19,4,38.8,1468.62,"1"
9.2,17.6,22.6,19,4,38.8,1468.62,"1"
9.2,17.6,22.6,19,4,38.8,1468.62,"1"
9.2,17.6,22.6,24,4,38.8,1630.12,"1"
9.2,17.6,22.6,24,4,38.8,1630.12,"1"
9.2,17.6,22.6,24,4,38.8,1630.12,"1"
9.2,17.6,22.6,24,4,38.8,1630.12,"1"
9.2,17.6,22.6,19,9,38.8,1632.62,"1"
9.2,17.6,22.6,24,4,38.8,1630.12,"1"
9.2,17.6,22.6,24,4,38.8,1630.12,"1"
9.2,17.6,22.6,24,4,38.8,1630.12,"1"
9.2,17.6,22.6,24,4,38.8,1630.12,"1"
9.2,17.6,22.6,24,4,38.8,1630.12,"1"
9.2,17.6,22.6,24,4,38.8,1630.12,"1"
9.2,17.6,22.6,24,4,38.8,1630.12,"1"
9.2,17.6,22.6,29,4,38.8,1791.62,"1"
9.2,17.6,22.6,29,4,38.8,1791.62,"1"
9.2,17.6,22.6,29,4,38.8,1791.62,"1"
9.2,17.6,22.6,19,4,38.8,1468.62,"1"
9.2,17.6,22.6,19,4,38.8,1468.62,"1"
9.2,17.6,22.6,19,4,38.8,1468.62,"1"
9.2,17.6,22.6,19,4,38.8,1468.62,"1"
9.2,17.6,22.6,14,4,38.8,1307.12,"0"
9.2,17.6,22.6,14,4,38.8,1307.12,"0"
9.2,17.6,22.6,14,4,38.8,1307.12,"0"
9.2,17.6,22.6,19,4,38.8,1468.62,"1"
9.2,17.6,22.6,19,4,38.8,1468.62,"1"
9.2,17.6,22.6,19,4,38.8,1468.62,"1"
9.2,17.6,22.6,14,4,38.8,1307.12,"0"
9.2,17.6,22.6,14,4,38.8,1307.12,"0"
9.2,17.6,22.6,24,4,38.8,1630.12,"1"
9.2,17.6,22.6,14,4,38.8,1307.12,"0"
9.2,17.6,22.6,19,4,38.8,1468.62,"1"
9.2,17.6,22.6,29,4,38.8,1791.62,"1"
9.2,17.6,22.6,29,4,38.8,1791.62,"1"
9.2,17.6,22.6,29,4,38.8,1791.62,"1"
9.2,17.6,22.6,29,4,38.8,1791.62,"1"
5.8,7.5,63.9,9,4,14.8,1167.87,"0"
5.8,7.5,63.9,9,19,14.8,1662.87,"1"
5.8,7.5,63.9,14,19,14.8,1830.37,"1"
5.8,7.5,63.9,14,19,14.8,1830.37,"1"
5.8,7.5,63.9,9,19,14.8,1662.87,"1"
5.8,7.5,63.9,14,19,14.8,1830.37,"1"
5.8,7.5,63.9,14,19,14.8,1830.37,"1"
5.8,7.5,63.9,9,19,14.8,1662.87,"1"
5.8,7.5,63.9,9,19,14.8,1662.87,"1"
5.8,7.5,63.9,9,4,14.8,1167.87,"0"
5.8,7.5,63.9,14,4,14.8,1335.37,"0"
5.8,7.5,63.9,14,4,14.8,1335.37,"0"
5.8,7.5,63.9,14,4,14.8,1335.37,"0"
5.8,7.5,63.9,9,4,14.8,1167.87,"0"
5.8,7.5,63.9,14,9,14.8,1500.37,"1"
5.8,7.5,63.9,9,9,14.8,1332.87,"0"
5.8,7.5,63.9,14,9,14.8,1500.37,"1"
5.8,7.5,63.9,19,9,14.8,1667.87,"1"
5.8,7.5,63.9,14,9,14.8,1500.37,"1"
5.8,7.5,63.9,14,9,14.8,1500.37,"1"
5.8,7.5,63.9,14,9,14.8,1500.37,"1"
5.8,7.5,63.9,14,9,14.8,1500.37,"1"
5.8,7.5,63.9,14,9,14.8,1500.37,"1"
5.8,7.5,63.9,14,9,14.8,1500.37,"1"
5.8,7.5,63.9,14,9,14.8,1500.37,"1"
5.8,7.5,63.9,9,9,7.7,1295.24,"0"
5.8,7.5,63.9,9,9,7.7,1295.24,"0"
5.8,7.5,63.9,9,9,7.7,1295.24,"0"
5.8,7.5,63.9,9,9,7.7,1295.24,"0"
5.8,7.5,63.9,9,9,7.7,1295.24,"0"
5.8,7.5,63.9,9,9,7.7,1295.24,"0"
5.8,7.5,63.9,9,9,7.7,1295.24,"0"
5.8,7.5,63.9,9,9,7.7,1295.24,"0"
5.8,7.5,63.9,9,9,7.7,1295.24,"0"
5.8,7.5,63.9,9,9,7.7,1295.24,"0"
5.8,7.5,63.9,9,9,7.7,1295.24,"0"
5.8,7.5,63.9,9,9,7.7,1295.24,"0"
5.8,7.5,63.9,9,9,7.7,1295.24,"0"
5.8,7.5,63.9,9,9,7.7,1295.24,"0"
5.8,7.5,63.9,9,9,7.7,1295.24,"0"
5.8,7.5,63.9,9,9,7.7,1295.24,"0"
5.8,7.5,63.9,9,9,7.7,1295.24,"0"
5.8,7.5,63.9,9,9,7.7,1295.24,"0"
5.8,7.5,63.9,9,9,7.7,1295.24,"0"
5.8,7.5,63.9,9,9,7.7,1295.24,"0"
5.8,7.5,63.9,9,9,7.7,1295.24,"0"
5.8,7.5,63.9,9,9,7.7,1295.24,"0"
5.8,7.5,63.9,9,9,7.7,1295.24,"0"
5.8,7.5,63.9,14,9,3.1,1438.36,"0"
5.8,7.5,63.9,14,9,3.1,1438.36,"0"
5.8,7.5,63.9,14,9,3.1,1438.36,"0"
5.8,7.5,63.9,14,9,3.1,1438.36,"0"
5.8,7.5,63.9,14,9,3.1,1438.36,"0"
5.8,7.5,63.9,14,9,3.1,1438.36,"0"
5.8,7.5,63.9,14,9,3.1,1438.36,"0"
5.8,7.5,63.9,14,9,3.1,1438.36,"0"
5.8,7.5,63.9,14,9,3.1,1438.36,"0"
5.8,7.5,63.9,14,9,3.1,1438.36,"0"
5.8,7.5,63.9,9,4,39,1296.13,"0"
5.8,7.5,63.9,9,4,39,1296.13,"0"
5.8,7.5,63.9,9,4,39,1296.13,"0"
5.8,7.5,63.9,9,4,39,1296.13,"0"
5.8,7.5,63.9,9,4,39,1296.13,"0"
5.8,7.5,63.9,9,4,39,1296.13,"0"
5.8,7.5,63.9,9,4,39,1296.13,"0"
5.8,7.5,63.9,9,4,39,1296.13,"0"
5.8,7.5,63.9,9,4,39,1296.13,"0"
5.8,7.5,63.9,9,4,39,1296.13,"0"
5.8,7.5,63.9,9,4,39,1296.13,"0"
5.8,7.5,63.9,9,4,39,1296.13,"0"
5.8,7.5,63.9,9,4,39,1296.13,"0"
5.8,7.5,63.9,14,19,39,1958.63,"1"
5.8,7.5,63.9,14,19,39,1958.63,"1"
5.8,7.5,63.9,9,19,39,1791.13,"1"
5.8,7.5,63.9,9,19,39,1791.13,"1"
5.8,7.5,63.9,9,19,39,1791.13,"1"
5.8,7.5,63.9,9,19,39,1791.13,"1"
5.8,7.5,63.9,9,19,39,1791.13,"1"
5.8,7.5,63.9,9,19,39,1791.13,"1"
5.8,7.5,63.9,9,19,39,1791.13,"1"
5.8,7.5,63.9,9,19,39,1791.13,"1"
5.8,7.5,63.9,9,19,39,1791.13,"1"
5.8,7.5,63.9,9,19,39,1791.13,"1"
5.8,7.5,63.9,9,19,39,1791.13,"1"
5.8,7.5,63.9,9,19,39,1791.13,"1"
5.8,7.5,63.9,9,19,39,1791.13,"1"
5.8,7.5,63.9,9,19,39,1791.13,"1"
5.8,7.5,63.9,9,19,39,1791.13,"1"
5.8,7.5,63.9,14,19,39,1958.63,"1"
5.8,7.5,63.9,14,19,39,1958.63,"1"
5.8,7.5,63.9,14,19,39,1958.63,"1"
5.8,7.5,63.9,14,19,39,1958.63,"1"
5.8,7.5,63.9,14,19,39,1958.63,"1"
5.8,7.5,63.9,19,4,14.5,1501.28,"1"
5.8,7.5,63.9,24,4,14.5,1668.78,"1"
5.8,7.5,63.9,4,4,14.5,998.78,"0"
5.8,7.5,63.9,4,4,14.5,998.78,"0"
5.8,7.5,63.9,4,4,14.5,998.78,"0"
5.8,7.5,63.9,4,4,14.5,998.78,"0"
5.8,7.5,63.9,4,4,14.5,998.78,"0"
5.8,7.5,63.9,4,4,14.5,998.78,"0"
5.8,7.5,63.9,9,4,14.5,1166.28,"0"
5.8,7.5,63.9,19,4,14.5,1501.28,"1"
5.8,7.5,63.9,19,4,14.5,1501.28,"1"
5.8,7.5,63.9,9,4,39,1296.13,"0"
5.8,7.5,63.9,29,4,39,1966.13,"1"
5.8,7.5,63.9,24,4,39,1798.63,"1"
5.8,7.5,63.9,9,4,39,1296.13,"0"
5.8,7.5,63.9,29,9,14.5,2001.28,"1"
5.8,7.5,63.9,29,9,14.5,2001.28,"1"
5.8,7.5,63.9,29,9,14.5,2001.28,"1"
5.8,7.5,63.9,29,9,14.5,2001.28,"1"
5.8,7.5,63.9,29,9,14.5,2001.28,"1"
5.8,7.5,63.9,29,9,14.5,2001.28,"1"
5.8,7.5,63.9,14,4,39,1463.63,"1"
5.8,7.5,63.9,9,4,39,1296.13,"0"
5.8,7.5,63.9,14,4,39,1463.63,"1"
5.8,7.5,63.9,14,4,39,1463.63,"1"
5.8,7.5,63.9,14,4,39,1463.63,"1"
5.8,7.5,63.9,14,4,39,1463.63,"1"
5.8,7.5,63.9,9,4,39,1296.13,"0"
5.8,7.5,63.9,19,4,39,1631.13,"1"
5.8,7.5,63.9,29,4,39,1966.13,"1"
5.8,7.5,63.9,24,4,39,1798.63,"1"
5.8,7.5,63.9,14,4,39,1463.63,"1"
5.8,7.5,63.9,19,4,39,1631.13,"1"
5.8,7.5,63.9,19,4,39,1631.13,"1"
5.8,7.5,63.9,14,4,39,1463.63,"1"
5.8,7.5,63.9,14,4,39,1463.63,"1"
5.8,7.5,63.9,14,4,39,1463.63,"1"
5.8,7.5,63.9,14,4,39,1463.63,"1"
5.8,7.5,63.9,19,4,14.5,1501.28,"1"
5.8,7.5,63.9,19,4,14.5,1501.28,"1"
5.8,7.5,63.9,19,4,14.5,1501.28,"1"
5.8,7.5,63.9,19,4,14.5,1501.28,"1"
5.8,7.5,63.9,14,4,39,1463.63,"1"
5.8,7.5,63.9,14,4,11.8,1319.47,"0"
5.8,7.5,63.9,14,4,39,1463.63,"1"
5.8,7.5,63.9,19,9,39,1796.13,"1"
5.8,7.5,63.9,14,4,39,1463.63,"1"
5.8,7.5,63.9,14,4,39,1463.63,"1"
5.8,7.5,63.9,9,4,39,1296.13,"0"
5.8,7.5,63.9,14,4,39,1463.63,"1"
5.8,7.5,63.9,14,4,39,1463.63,"1"
5.8,7.5,63.9,14,4,39,1463.63,"1"
5.8,7.5,63.9,14,4,39,1463.63,"1"
5.8,7.5,63.9,14,4,39,1463.63,"1"
5.8,7.5,63.9,14,4,39,1463.63,"1"
5.8,7.5,63.9,19,4,39,1631.13,"1"
5.8,7.5,63.9,19,9,39,1796.13,"1"
5.8,7.5,63.9,19,9,39,1796.13,"1"
5.8,7.5,63.9,19,9,39,1796.13,"1"
5.8,7.5,63.9,19,9,39,1796.13,"1"
5.8,7.5,63.9,19,9,39,1796.13,"1"
5.8,7.5,63.9,14,4,39,1463.63,"1"
5.8,7.5,63.9,14,4,39,1463.63,"1"
5.8,7.5,63.9,19,4,39,1631.13,"1"
5.8,7.5,63.9,14,4,39,1463.63,"1"
5.8,7.5,63.9,14,4,39,1463.63,"1"
5.8,7.5,63.9,14,9,39,1628.63,"1"
5.8,7.5,63.9,14,9,39,1628.63,"1"
5.8,7.5,63.9,14,9,39,1628.63,"1"
5.8,7.5,63.9,14,9,39,1628.63,"1"
5.8,7.5,63.9,14,4,39,1463.63,"1"
5.8,7.5,63.9,14,4,39,1463.63,"1"
5.8,7.5,63.9,14,9,39,1628.63,"1"
5.8,7.5,63.9,14,9,39,1628.63,"1"
5.8,7.5,63.9,14,9,39,1628.63,"1"
5.8,7.5,63.9,14,9,39,1628.63,"1"
5.8,7.5,63.9,14,9,39,1628.63,"1"
5.8,7.5,63.9,14,9,39,1628.63,"1"
5.8,7.5,63.9,14,9,39,1628.63,"1"
5.8,7.5,63.9,14,9,39,1628.63,"1"
5.8,7.5,63.9,14,9,39,1628.63,"1"
5.8,7.5,63.9,19,19,39,2126.13,"1"
5.8,7.5,63.9,19,19,39,2126.13,"1"
5.8,7.5,63.9,19,19,39,2126.13,"1"
5.8,7.5,63.9,19,19,39,2126.13,"1"
5.8,7.5,63.9,19,19,39,2126.13,"1"
5.8,7.5,63.9,19,19,39,2126.13,"1"
5.8,7.5,63.9,19,19,39,2126.13,"1"
5.8,7.5,63.9,24,19,39,2293.63,"1"
5.8,7.5,63.9,19,19,39,2126.13,"1"
5.8,7.5,63.9,14,19,39,1958.63,"1"
5.8,7.5,63.9,14,4,39,1463.63,"1"
5.8,7.5,63.9,14,4,39,1463.63,"1"
5.8,7.5,63.9,14,4,39,1463.63,"1"
5.8,7.5,63.9,19,9,39,1796.13,"1"
5.8,7.5,63.9,19,9,39,1796.13,"1"
5.8,7.5,63.9,19,9,39,1796.13,"1"
5.8,7.5,63.9,14,9,39,1628.63,"1"
5.8,7.5,63.9,14,9,39,1628.63,"1"
5.8,7.5,63.9,9,9,14.5,1331.28,"0"
5.8,7.5,63.9,29,4,14.5,1836.28,"1"
5.8,7.5,63.9,29,4,14.5,1836.28,"1"
5.8,7.5,63.9,24,4,14.5,1668.78,"1"
5.8,7.5,63.9,9,4,14.5,1166.28,"0"
5.8,7.5,63.9,9,4,14.5,1166.28,"0"
5.8,7.5,63.9,9,9,14.5,1331.28,"0"
5.8,7.5,63.9,9,9,14.5,1331.28,"0"
5.8,7.5,63.9,24,4,14.5,1668.78,"1"
5.8,7.5,63.9,29,4,14.5,1836.28,"1"
5.8,7.5,63.9,29,4,14.5,1836.28,"1"
5.8,7.5,63.9,29,4,14.5,1836.28,"1"
5.8,7.5,63.9,29,4,14.5,1836.28,"1"
5.8,7.5,63.9,29,4,14.5,1836.28,"1"
5.8,7.5,63.9,29,4,14.5,1836.28,"1"
5.8,7.5,63.9,29,4,14.5,1836.28,"1"
5.8,7.5,63.9,29,4,14.5,1836.28,"1"
5.8,7.5,63.9,14,4,14.5,1333.78,"0"
5.8,7.5,63.9,14,4,39,1463.63,"1"
5.8,7.5,63.9,14,4,39,1463.63,"1"
5.8,7.5,63.9,14,4,39,1463.63,"1"
5.8,7.5,63.9,14,4,39,1463.63,"1"
5.8,7.5,63.9,14,4,14.5,1333.78,"0"
5.8,7.5,63.9,14,4,14.5,1333.78,"0"
5.8,7.5,63.9,14,4,14.5,1333.78,"0"
5.8,7.5,63.9,14,4,14.5,1333.78,"0"
5.8,7.5,63.9,14,4,14.5,1333.78,"0"
5.8,7.5,63.9,9,4,39,1296.13,"0"
5.8,7.5,63.9,14,4,39,1463.63,"1"
5.8,7.5,63.9,14,4,39,1463.63,"1"
5.8,7.5,63.9,9,4,39,1296.13,"0"
5.8,7.5,63.9,9,4,39,1296.13,"0"
5.8,7.5,63.9,9,4,39,1296.13,"0"
5.8,7.5,63.9,9,4,39,1296.13,"0"
5.8,7.5,63.9,24,4,11.8,1654.47,"1"
5.8,7.5,63.9,24,4,11.8,1654.47,"1"
5.8,7.5,63.9,24,4,11.8,1654.47,"1"
5.8,7.5,63.9,24,4,11.8,1654.47,"1"
5.8,7.5,63.9,24,4,11.8,1654.47,"1"
5.8,7.5,63.9,9,4,11.8,1151.97,"0"
5.8,7.5,63.9,9,4,11.8,1151.97,"0"
5.8,7.5,63.9,14,4,11.8,1319.47,"0"
5.8,7.5,63.9,14,4,11.8,1319.47,"0"
5.8,7.5,63.9,9,4,11.8,1151.97,"0"
5.8,7.5,63.9,9,4,11.8,1151.97,"0"
5.8,7.5,63.9,9,4,11.8,1151.97,"0"
5.8,7.5,63.9,14,4,11.8,1319.47,"0"
5.8,7.5,63.9,14,4,11.8,1319.47,"0"
5.8,7.5,63.9,14,4,11.8,1319.47,"0"
5.8,7.5,63.9,9,4,11.8,1151.97,"0"
5.8,7.5,63.9,9,4,11.8,1151.97,"0"
5.8,7.5,63.9,4,4,11.8,984.47,"0"
5.8,7.5,63.9,4,4,11.8,984.47,"0"
5.8,7.5,63.9,4,4,11.8,984.47,"0"
5.8,7.5,63.9,4,4,11.8,984.47,"0"
5.8,7.5,63.9,4,4,11.8,984.47,"0"
5.8,7.5,63.9,4,4,11.8,984.47,"0"
5.8,7.5,63.9,4,4,11.8,984.47,"0"
5.8,7.5,63.9,4,4,11.8,984.47,"0"
5.8,7.5,63.9,14,4,11.8,1319.47,"0"
5.8,7.5,63.9,19,4,11.8,1486.97,"1"
5.8,7.5,63.9,24,4,11.8,1654.47,"1"
5.8,7.5,63.9,19,4,11.8,1486.97,"1"
5.8,7.5,63.9,24,4,11.8,1654.47,"1"
5.8,7.5,63.9,9,4,11.8,1151.97,"0"
5.8,7.5,63.9,9,4,11.8,1151.97,"0"
5.8,7.5,63.9,9,4,11.8,1151.97,"0"
5.8,7.5,63.9,9,4,11.8,1151.97,"0"
5.8,7.5,63.9,9,4,11.8,1151.97,"0"
5.8,7.5,63.9,9,4,11.8,1151.97,"0"
5.8,7.5,63.9,9,4,11.8,1151.97,"0"
5.8,7.5,63.9,4,4,11.8,984.47,"0"
5.8,7.5,63.9,9,4,11.8,1151.97,"0"
5.8,7.5,63.9,14,4,4,1278.13,"0"
5.8,7.5,63.9,19,4,4,1445.63,"0"
5.8,7.5,63.9,19,4,4,1445.63,"0"
5.8,7.5,63.9,14,4,11.8,1319.47,"0"
5.8,7.5,63.9,9,4,11.8,1151.97,"0"
5.8,7.5,63.9,14,4,4,1278.13,"0"
5.8,7.5,63.9,9,4,11.8,1151.97,"0"
5.8,7.5,63.9,14,4,4,1278.13,"0"
5.8,7.5,63.9,14,9,4,1443.13,"0"
5.8,7.5,63.9,19,4,4,1445.63,"0"
5.8,7.5,63.9,19,4,4,1445.63,"0"
5.8,7.5,63.9,14,4,4,1278.13,"0"
5.8,7.5,63.9,19,4,4,1445.63,"0"
5.8,7.5,63.9,14,4,4,1278.13,"0"
5.8,7.5,63.9,14,4,4,1278.13,"0"
5.8,7.5,63.9,14,4,4,1278.13,"0"
5.8,7.5,63.9,14,4,4,1278.13,"0"
5.8,7.5,63.9,14,4,4,1278.13,"0"
5.8,7.5,63.9,19,4,4,1445.63,"0"
5.8,7.5,63.9,19,4,4,1445.63,"0"
5.8,7.5,63.9,19,4,4,1445.63,"0"
5.8,7.5,63.9,19,4,4,1445.63,"0"
5.8,7.5,63.9,19,4,4,1445.63,"0"
5.8,7.5,63.9,24,4,4,1613.13,"1"
5.8,7.5,63.9,24,4,4,1613.13,"1"
5.8,7.5,63.9,24,4,4,1613.13,"1"
5.8,7.5,63.9,24,4,4,1613.13,"1"
5.8,7.5,63.9,24,4,4,1613.13,"1"
5.8,7.5,63.9,24,4,4,1613.13,"1"
5.8,7.5,63.9,19,4,4,1445.63,"0"
5.8,7.5,63.9,19,4,4,1445.63,"0"
5.8,7.5,63.9,19,4,4,1445.63,"0"
5.8,7.5,63.9,19,4,4,1445.63,"0"
5.8,7.5,63.9,19,4,4,1445.63,"0"
5.8,7.5,63.9,19,4,4,1445.63,"0"
5.8,7.5,63.9,14,4,4,1278.13,"0"
5.8,7.5,63.9,19,4,4,1445.63,"0"
5.8,7.5,63.9,24,4,4,1613.13,"1"
5.8,7.5,63.9,24,4,4,1613.13,"1"
5.8,7.5,63.9,24,4,4,1613.13,"1"
5.8,7.5,63.9,19,4,4,1445.63,"0"
5.8,7.5,63.9,19,4,4,1445.63,"0"
5.8,7.5,63.9,19,4,4,1445.63,"0"
5.8,7.5,63.9,19,4,4,1445.63,"0"
5.8,7.5,63.9,19,4,4,1445.63,"0"
5.8,7.5,63.9,19,4,4,1445.63,"0"
5.8,7.5,63.9,24,4,4,1613.13,"1"
5.8,7.5,63.9,24,4,4,1613.13,"1"
5.8,7.5,63.9,29,4,4,1780.63,"1"
5.8,7.5,63.9,29,4,4,1780.63,"1"
5.8,7.5,63.9,29,4,4,1780.63,"1"
5.8,7.5,63.9,29,4,4,1780.63,"1"
5.8,7.5,63.9,29,4,4,1780.63,"1"
5.8,7.5,63.9,29,4,4,1780.63,"1"
5.8,7.5,63.9,29,4,4,1780.63,"1"
5.8,7.5,63.9,29,4,4,1780.63,"1"
5.8,7.5,63.9,24,4,4,1613.13,"1"
5.8,7.5,63.9,24,4,4,1613.13,"1"
5.8,7.5,63.9,24,4,4,1613.13,"1"
5.8,7.5,63.9,19,4,4,1445.63,"0"
5.8,7.5,63.9,24,4,4,1613.13,"1"
5.8,7.5,63.9,24,4,4,1613.13,"1"
5.8,7.5,63.9,24,4,4,1613.13,"1"
5.8,7.5,63.9,24,4,4,1613.13,"1"
5.8,7.5,63.9,24,4,4,1613.13,"1"
5.8,7.5,63.9,19,4,4,1445.63,"0"
5.8,7.5,63.9,19,4,4,1445.63,"0"
5.8,7.5,63.9,4,4,4,943.13,"0"
5.8,7.5,63.9,4,4,4,943.13,"0"
5.8,7.5,63.9,4,4,4,943.13,"0"
5.8,7.5,63.9,4,4,4,943.13,"0"
5.8,7.5,63.9,4,4,4,943.13,"0"
5.8,7.5,63.9,4,4,4,943.13,"0"
5.8,7.5,63.9,4,4,4,943.13,"0"
5.8,7.5,63.9,4,4,4,943.13,"0"
5.8,7.5,63.9,4,4,4,943.13,"0"
5.8,7.5,63.9,4,4,4,943.13,"0"
5.8,7.5,63.9,4,4,4,943.13,"0"
5.8,7.5,63.9,4,4,4,943.13,"0"
5.8,7.5,63.9,4,4,4,943.13,"0"
5.8,7.5,63.9,4,4,4,943.13,"0"
5.8,7.5,63.9,4,4,4,943.13,"0"
5.8,7.5,63.9,4,4,4,943.13,"0"
5.8,7.5,63.9,4,4,4,943.13,"0"
5.8,7.5,63.9,4,4,4,943.13,"0"
5.8,7.5,63.9,4,4,4,943.13,"0"
5.8,7.5,63.9,4,4,4,943.13,"0"
5.8,7.5,63.9,9,4,3.6,1167.87,"0"
5.8,7.5,63.9,9,9,11.8,1275.63,"0"
5.8,7.5,63.9,9,9,3.6,1275.63,"0"
5.8,7.5,63.9,9,9,3.6,1275.63,"0"
5.8,7.5,63.9,9,4,11.8,1151.97,"0"
5.8,7.5,63.9,14,4,11.8,1319.47,"0"
5.8,7.5,63.9,14,9,11.8,1484.47,"1"
5.8,7.5,63.9,14,9,11.8,1484.47,"1"
5.8,7.5,63.9,14,9,11.8,1484.47,"1"
5.8,7.5,63.9,14,4,11.8,1319.47,"0"
5.8,7.5,63.9,14,4,11.8,1319.47,"0"
5.8,7.5,63.9,14,9,11.8,1484.47,"1"
5.8,7.5,63.9,14,9,11.8,1484.47,"1"
5.8,7.5,63.9,14,9,11.8,1484.47,"1"
5.8,7.5,63.9,14,9,11.8,1484.47,"1"
5.8,7.5,63.9,14,9,11.8,1484.47,"1"
5.8,7.5,63.9,14,4,11.8,1319.47,"0"
5.8,7.5,63.9,14,9,11.8,1484.47,"1"
5.8,7.5,63.9,14,9,11.8,1484.47,"1"
5.8,7.5,63.9,14,9,11.8,1484.47,"1"
5.8,7.5,63.9,14,4,11.8,1319.47,"0"
5.8,7.5,63.9,14,4,11.8,1319.47,"0"
5.8,7.5,63.9,14,4,11.8,1319.47,"0"
5.8,7.5,63.9,14,4,11.8,1319.47,"0"
5.8,7.5,63.9,14,4,11.8,1319.47,"0"
5.8,7.5,63.9,14,9,11.8,1484.47,"1"
5.8,7.5,63.9,14,4,11.8,1319.47,"0"
5.8,7.5,63.9,14,4,11.8,1319.47,"0"
5.8,7.5,63.9,14,4,11.8,1319.47,"0"
5.8,7.5,63.9,14,4,11.8,1319.47,"0"
5.8,7.5,63.9,14,4,11.8,1319.47,"0"
5.8,7.5,63.9,14,4,11.8,1319.47,"0"
5.8,7.5,63.9,14,4,11.8,1319.47,"0"
5.8,7.5,63.9,14,4,11.8,1319.47,"0"
5.8,7.5,63.9,14,4,11.8,1319.47,"0"
5.8,7.5,63.9,14,4,11.8,1319.47,"0"
5.8,7.5,63.9,14,4,11.8,1319.47,"0"
5.8,7.5,63.9,19,4,11.8,1486.97,"1"
5.8,7.5,63.9,19,4,11.8,1486.97,"1"
5.8,7.5,63.9,14,4,11.8,1319.47,"0"
5.8,7.5,63.9,14,4,11.8,1319.47,"0"
5.8,7.5,63.9,14,4,11.8,1319.47,"0"
5.8,7.5,63.9,14,4,11.8,1319.47,"0"
5.8,7.5,63.9,14,4,11.8,1319.47,"0"
5.8,7.5,63.9,14,4,11.8,1319.47,"0"
5.8,7.5,63.9,14,4,11.8,1319.47,"0"
5.8,7.5,63.9,14,4,11.8,1319.47,"0"
5.8,7.5,63.9,14,4,11.8,1319.47,"0"
5.8,7.5,63.9,14,4,11.8,1319.47,"0"
5.8,7.5,63.9,14,4,11.8,1319.47,"0"
5.8,7.5,63.9,14,4,11.8,1319.47,"0"
5.8,7.5,63.9,14,4,11.8,1319.47,"0"
5.8,7.5,63.9,14,4,11.8,1319.47,"0"
5.8,7.5,63.9,14,4,11.8,1319.47,"0"
5.8,7.5,63.9,14,4,11.8,1319.47,"0"
5.8,7.5,63.9,14,4,11.8,1319.47,"0"
5.8,7.5,63.9,14,4,11.8,1319.47,"0"
5.8,7.5,63.9,14,4,11.8,1319.47,"0"
5.8,7.5,63.9,14,9,11.8,1484.47,"1"
5.8,7.5,63.9,14,9,11.8,1484.47,"1"
5.8,7.5,63.9,14,9,11.8,1484.47,"1"
5.8,7.5,63.9,14,9,11.8,1484.47,"1"
5.8,7.5,63.9,19,9,11.8,1651.97,"1"
5.8,7.5,63.9,19,9,4,1610.63,"1"
5.8,7.5,63.9,19,9,4,1610.63,"1"
5.8,7.5,63.9,19,9,4,1610.63,"1"
5.8,7.5,63.9,19,9,11.8,1651.97,"1"
5.8,7.5,63.9,19,9,4,1610.63,"1"
5.8,7.5,63.9,14,9,4,1443.13,"0"
5.8,7.5,63.9,14,9,4,1443.13,"0"
5.8,7.5,63.9,14,9,4,1443.13,"0"
5.8,7.5,63.9,14,9,4,1443.13,"0"
5.8,7.5,63.9,14,9,4,1443.13,"0"
5.8,7.5,63.9,14,9,4,1443.13,"0"
5.8,7.5,63.9,14,9,4,1443.13,"0"
5.8,7.5,63.9,14,9,4,1443.13,"0"
5.8,7.5,63.9,14,9,4,1443.13,"0"
5.8,7.5,63.9,14,9,4,1443.13,"0"
5.8,7.5,63.9,14,9,4,1443.13,"0"
5.8,7.5,63.9,14,9,4,1443.13,"0"
5.8,7.5,63.9,14,9,4,1443.13,"0"
5.8,7.5,63.9,14,9,4,1443.13,"0"
5.8,7.5,63.9,14,9,4,1443.13,"0"
5.8,7.5,63.9,14,9,4,1443.13,"0"
5.8,7.5,63.9,14,9,4,1443.13,"0"
5.8,7.5,63.9,14,9,4,1443.13,"0"
5.8,7.5,63.9,14,9,4,1443.13,"0"
5.8,7.5,63.9,14,9,4,1443.13,"0"
5.8,7.5,63.9,14,9,4,1443.13,"0"
5.8,7.5,63.9,14,9,4,1443.13,"0"
5.8,7.5,63.9,14,9,4,1443.13,"0"
5.8,7.5,63.9,14,9,4,1443.13,"0"
5.8,7.5,63.9,14,9,4,1443.13,"0"
5.8,7.5,63.9,14,9,4,1443.13,"0"
5.8,7.5,63.9,14,9,4,1443.13,"0"
5.8,7.5,63.9,14,9,4,1443.13,"0"
5.8,7.5,63.9,14,9,4,1443.13,"0"
5.8,7.5,63.9,14,9,4,1443.13,"0"
5.8,7.5,63.9,14,9,11.8,1484.47,"1"
5.8,7.5,63.9,14,9,11.8,1484.47,"1"
5.8,7.5,63.9,14,9,11.8,1484.47,"1"
5.8,7.5,63.9,14,9,11.8,1484.47,"1"
5.8,7.5,63.9,14,9,11.8,1484.47,"1"
5.8,7.5,63.9,14,9,11.8,1484.47,"1"
5.8,7.5,63.9,14,9,11.8,1484.47,"1"
5.8,7.5,63.9,14,9,11.8,1484.47,"1"
5.8,7.5,63.9,14,9,11.8,1484.47,"1"
5.8,7.5,63.9,14,9,11.8,1484.47,"1"
5.8,7.5,63.9,14,9,11.8,1484.47,"1"
5.8,7.5,63.9,14,9,11.8,1484.47,"1"
5.8,7.5,63.9,14,9,11.8,1484.47,"1"
5.8,7.5,63.9,14,9,11.8,1484.47,"1"
5.8,7.5,63.9,14,9,11.8,1484.47,"1"
5.8,7.5,63.9,14,9,11.8,1484.47,"1"
5.8,7.5,63.9,14,9,11.8,1484.47,"1"
5.8,7.5,63.9,14,9,11.8,1484.47,"1"
5.8,7.5,63.9,14,9,11.8,1484.47,"1"
5.8,7.5,63.9,14,9,11.8,1484.47,"1"
5.8,7.5,63.9,14,9,11.8,1484.47,"1"
5.8,7.5,63.9,14,4,11.8,1319.47,"0"
5.8,7.5,63.9,14,4,11.8,1319.47,"0"
5.8,7.5,63.9,14,4,11.8,1319.47,"0"
5.8,7.5,63.9,14,4,11.8,1319.47,"0"
5.8,7.5,63.9,14,4,11.8,1319.47,"0"
5.8,7.5,63.9,14,4,11.8,1319.47,"0"
5.8,7.5,63.9,14,4,11.8,1319.47,"0"
5.8,7.5,63.9,14,4,11.8,1319.47,"0"
5.8,7.5,63.9,14,4,11.8,1319.47,"0"
5.8,7.5,63.9,14,4,11.8,1319.47,"0"
5.8,7.5,63.9,14,4,11.8,1319.47,"0"
5.8,7.5,63.9,14,4,11.8,1319.47,"0"
5.8,7.5,63.9,14,4,11.8,1319.47,"0"
5.8,7.5,63.9,14,4,11.8,1319.47,"0"
5.8,7.5,63.9,14,4,11.8,1319.47,"0"
5.8,7.5,63.9,14,4,11.8,1319.47,"0"
5.8,7.5,63.9,14,4,11.8,1319.47,"0"
5.8,7.5,63.9,14,4,11.8,1319.47,"0"
5.8,7.5,63.9,14,4,11.8,1319.47,"0"
5.8,7.5,63.9,14,4,11.8,1319.47,"0"
5.8,7.5,63.9,14,4,11.8,1319.47,"0"
5.8,7.5,63.9,14,4,11.8,1319.47,"0"
5.8,7.5,63.9,14,4,11.8,1319.47,"0"
5.8,7.5,63.9,14,4,11.8,1319.47,"0"
5.8,7.5,63.9,14,4,11.8,1319.47,"0"
5.8,7.5,63.9,14,4,11.8,1319.47,"0"
5.8,7.5,63.9,14,4,11.8,1319.47,"0"
5.8,7.5,63.9,14,4,11.8,1319.47,"0"
5.8,7.5,63.9,19,9,4,1610.63,"1"
5.8,7.5,63.9,14,9,4,1443.13,"0"
5.8,7.5,63.9,9,9,4,1275.63,"0"
5.8,7.5,63.9,9,9,4,1275.63,"0"
5.8,7.5,63.9,9,9,4,1275.63,"0"
5.8,7.5,63.9,9,9,4,1275.63,"0"
5.8,7.5,63.9,9,9,4,1275.63,"0"
5.8,7.5,63.9,9,9,4,1275.63,"0"
5.8,7.5,63.9,9,9,4,1275.63,"0"
5.8,7.5,63.9,9,9,4,1275.63,"0"
5.8,7.5,63.9,9,9,4,1275.63,"0"
5.8,7.5,63.9,9,9,4,1275.63,"0"
5.8,7.5,63.9,9,9,4,1275.63,"0"
5.8,7.5,63.9,9,9,4,1275.63,"0"
5.8,7.5,63.9,9,9,4,1275.63,"0"
5.8,7.5,63.9,9,9,4,1275.63,"0"
5.8,7.5,63.9,9,9,4,1275.63,"0"
5.8,7.5,63.9,9,9,4,1275.63,"0"
5.8,7.5,63.9,9,9,4,1275.63,"0"
5.8,7.5,63.9,9,9,4,1275.63,"0"
5.8,7.5,63.9,9,9,4,1275.63,"0"
5.8,7.5,63.9,9,9,4,1275.63,"0"
5.8,7.5,63.9,9,9,4,1275.63,"0"
5.8,7.5,63.9,9,9,4,1275.63,"0"
5.8,7.5,63.9,9,9,4,1275.63,"0"
5.8,7.5,63.9,9,9,4,1275.63,"0"
5.8,7.5,63.9,9,9,4,1275.63,"0"
5.8,7.5,63.9,9,9,4,1275.63,"0"
5.8,7.5,63.9,9,9,4,1275.63,"0"
5.8,7.5,63.9,9,9,4,1275.63,"0"
5.8,7.5,63.9,9,9,4,1275.63,"0"
5.8,7.5,63.9,9,9,4,1275.63,"0"
5.8,7.5,63.9,9,9,4,1275.63,"0"
5.8,7.5,63.9,9,9,4,1275.63,"0"
5.8,7.5,63.9,9,9,4,1275.63,"0"
5.8,7.5,63.9,9,9,4,1275.63,"0"
5.8,7.5,63.9,9,9,4,1275.63,"0"
5.8,7.5,63.9,9,9,4,1275.63,"0"
5.8,7.5,63.9,9,9,4,1275.63,"0"
5.8,7.5,63.9,9,9,4,1275.63,"0"
5.8,7.5,63.9,9,9,4,1275.63,"0"
5.8,7.5,63.9,9,9,4,1275.63,"0"
5.8,7.5,63.9,9,9,4,1275.63,"0"
5.8,7.5,63.9,9,9,4,1275.63,"0"
5.8,7.5,63.9,9,9,4,1275.63,"0"
5.8,7.5,63.9,29,4,4,1780.63,"1"
5.8,7.5,63.9,29,4,4,1780.63,"1"
5.8,7.5,63.9,29,4,4,1780.63,"1"
5.8,7.5,63.9,29,4,4,1780.63,"1"
5.8,7.5,63.9,14,4,11.8,1319.47,"0"
5.8,7.5,63.9,14,4,11.8,1319.47,"0"
5.8,7.5,63.9,14,4,11.8,1319.47,"0"
5.8,7.5,63.9,14,4,11.8,1319.47,"0"
5.8,7.5,63.9,14,4,11.8,1319.47,"0"
5.8,7.5,63.9,14,4,4,1278.13,"0"
5.8,7.5,63.9,14,4,4,1278.13,"0"
5.8,7.5,63.9,14,4,4,1278.13,"0"
5.8,7.5,63.9,14,4,4,1278.13,"0"
5.8,7.5,63.9,14,4,4,1278.13,"0"
5.8,7.5,63.9,14,4,4,1278.13,"0"
5.8,7.5,63.9,9,4,11.8,1151.97,"0"
5.8,7.5,63.9,9,4,11.8,1151.97,"0"
5.8,7.5,63.9,9,4,11.8,1151.97,"0"
5.8,7.5,63.9,9,4,11.8,1151.97,"0"
5.8,7.5,63.9,14,4,11.8,1319.47,"0"
5.8,7.5,63.9,14,4,11.8,1319.47,"0"
5.8,7.5,63.9,9,4,11.8,1151.97,"0"
5.8,7.5,63.9,4,4,4,943.13,"0"
5.8,7.5,63.9,4,4,4.5,943.13,"0"
5.8,7.5,63.9,4,4,3.6,943.13,"0"
5.8,7.5,63.9,4,4,3.6,984.47,"0"
5.8,7.5,63.9,4,4,4,943.13,"0"
5.8,7.5,63.9,4,4,4,943.13,"0"
5.8,7.5,63.9,9,9,11.8,1316.97,"0"
5.8,7.5,63.9,19,9,11.8,1651.97,"1"
5.8,7.5,63.9,19,9,11.8,1651.97,"1"
5.8,7.5,63.9,19,9,11.8,1651.97,"1"
5.8,7.5,63.9,19,9,11.8,1651.97,"1"
5.8,7.5,63.9,14,9,11.8,1484.47,"1"
5.8,7.5,63.9,9,9,11.8,1316.97,"0"
5.8,7.5,63.9,9,9,11.8,1316.97,"0"
5.8,7.5,24.6,14,9,14.8,1182.04,"0"
5.8,7.5,24.6,14,9,14.8,1182.04,"0"
5.8,7.5,24.6,14,9,14.8,1182.04,"0"
5.8,7.5,24.6,9,19,14.8,1344.54,"0"
5.8,7.5,24.6,9,19,14.8,1344.54,"0"
5.8,7.5,24.6,9,19,14.8,1344.54,"0"
5.8,7.5,24.6,9,19,14.8,1344.54,"0"
5.8,7.5,24.6,9,19,14.8,1344.54,"0"
5.8,7.5,24.6,19,4,14.8,1184.54,"0"
5.8,7.5,24.6,19,4,14.8,1184.54,"0"
5.8,7.5,24.6,19,4,14.8,1184.54,"0"
5.8,7.5,24.6,19,4,14.8,1184.54,"0"
5.8,7.5,24.6,14,4,14.8,1017.04,"0"
5.8,7.5,24.6,14,4,14.8,1017.04,"0"
5.8,7.5,24.6,14,9,7.7,1144.41,"0"
5.8,7.5,24.6,14,9,7.7,1144.41,"0"
5.8,7.5,24.6,14,9,7.7,1144.41,"0"
5.8,7.5,24.6,14,9,7.7,1144.41,"0"
5.8,7.5,24.6,14,9,7.7,1144.41,"0"
5.8,7.5,24.6,14,9,7.7,1144.41,"0"
5.8,7.5,24.6,14,9,7.7,1144.41,"0"
5.8,7.5,24.6,14,9,7.7,1144.41,"0"
5.8,7.5,24.6,14,9,7.7,1144.41,"0"
5.8,7.5,24.6,14,9,7.7,1144.41,"0"
5.8,7.5,24.6,9,9,7.7,976.91,"0"
5.8,7.5,24.6,14,9,7.7,1144.41,"0"
5.8,7.5,24.6,14,9,7.7,1144.41,"0"
5.8,7.5,24.6,14,9,7.7,1144.41,"0"
5.8,7.5,24.6,14,9,7.7,1144.41,"0"
5.8,7.5,24.6,14,9,7.7,1144.41,"0"
5.8,7.5,24.6,14,9,7.7,1144.41,"0"
5.8,7.5,24.6,14,9,7.7,1144.41,"0"
5.8,7.5,24.6,14,9,7.7,1144.41,"0"
5.8,7.5,24.6,14,9,7.7,1144.41,"0"
5.8,7.5,24.6,14,9,7.7,1144.41,"0"
5.8,7.5,24.6,9,4,39,977.8,"0"
5.8,7.5,24.6,9,4,39,977.8,"0"
5.8,7.5,24.6,4,4,39,810.3,"0"
5.8,7.5,24.6,4,4,39,810.3,"0"
5.8,7.5,24.6,9,14,39,1307.8,"0"
5.8,7.5,24.6,9,14,39,1307.8,"0"
5.8,7.5,24.6,9,14,39,1307.8,"0"
5.8,7.5,24.6,9,14,39,1307.8,"0"
5.8,7.5,24.6,9,14,39,1307.8,"0"
5.8,7.5,24.6,9,14,39,1307.8,"0"
5.8,7.5,24.6,9,14,39,1307.8,"0"
5.8,7.5,24.6,9,4,39,977.8,"0"
5.8,7.5,24.6,9,4,39,977.8,"0"
5.8,7.5,24.6,9,14,39,1307.8,"0"
5.8,7.5,24.6,9,14,39,1307.8,"0"
5.8,7.5,24.6,9,14,39,1307.8,"0"
5.8,7.5,24.6,9,14,39,1307.8,"0"
5.8,7.5,24.6,9,14,39,1307.8,"0"
5.8,7.5,24.6,9,14,39,1307.8,"0"
5.8,7.5,24.6,9,4,39,977.8,"0"
5.8,7.5,24.6,14,19,39,1640.3,"1"
5.8,7.5,24.6,14,19,39,1640.3,"1"
5.8,7.5,24.6,14,19,39,1640.3,"1"
5.8,7.5,24.6,9,19,39,1472.8,"1"
5.8,7.5,24.6,9,19,39,1472.8,"1"
5.8,7.5,24.6,9,19,39,1472.8,"1"
5.8,7.5,24.6,9,19,39,1472.8,"1"
5.8,7.5,24.6,14,19,39,1640.3,"1"
5.8,7.5,24.6,14,19,39,1640.3,"1"
5.8,7.5,24.6,14,19,39,1640.3,"1"
5.8,7.5,24.6,14,19,39,1640.3,"1"
5.8,7.5,24.6,14,19,39,1640.3,"1"
5.8,7.5,24.6,14,19,39,1640.3,"1"
5.8,7.5,24.6,14,19,39,1640.3,"1"
5.8,7.5,24.6,14,19,39,1640.3,"1"
5.8,7.5,24.6,14,19,39,1640.3,"1"
5.8,7.5,24.6,14,19,39,1640.3,"1"
5.8,7.5,24.6,14,19,39,1640.3,"1"
5.8,7.5,24.6,14,19,39,1640.3,"1"
5.8,7.5,24.6,9,19,39,1472.8,"1"
5.8,7.5,24.6,9,19,39,1472.8,"1"
5.8,7.5,24.6,14,19,39,1640.3,"1"
5.8,7.5,24.6,14,19,39,1640.3,"1"
5.8,7.5,24.6,14,19,39,1640.3,"1"
5.8,7.5,24.6,14,19,39,1640.3,"1"
5.8,7.5,24.6,14,19,39,1640.3,"1"
5.8,7.5,24.6,14,19,39,1640.3,"1"
5.8,7.5,24.6,9,19,39,1472.8,"1"
5.8,7.5,24.6,9,19,39,1472.8,"1"
5.8,7.5,24.6,14,19,39,1640.3,"1"
5.8,7.5,24.6,14,19,39,1640.3,"1"
5.8,7.5,24.6,14,19,39,1640.3,"1"
5.8,7.5,24.6,14,19,39,1640.3,"1"
5.8,7.5,24.6,14,19,39,1640.3,"1"
5.8,7.5,24.6,9,19,39,1472.8,"1"
5.8,7.5,24.6,9,19,39,1472.8,"1"
5.8,7.5,24.6,9,19,39,1472.8,"1"
5.8,7.5,24.6,14,19,39,1640.3,"1"
5.8,7.5,24.6,14,19,39,1640.3,"1"
5.8,7.5,24.6,14,19,39,1640.3,"1"
5.8,7.5,24.6,14,19,39,1640.3,"1"
5.8,7.5,24.6,14,19,39,1640.3,"1"
5.8,7.5,24.6,14,19,39,1640.3,"1"
5.8,7.5,24.6,14,19,39,1640.3,"1"
5.8,7.5,24.6,9,19,39,1472.8,"1"
5.8,7.5,24.6,14,19,39,1640.3,"1"
5.8,7.5,24.6,14,19,39,1640.3,"1"
5.8,7.5,24.6,14,19,39,1640.3,"1"
5.8,7.5,24.6,14,19,39,1640.3,"1"
5.8,7.5,24.6,14,19,39,1640.3,"1"
5.8,7.5,24.6,14,19,39,1640.3,"1"
5.8,7.5,24.6,9,19,39,1472.8,"1"
5.8,7.5,24.6,9,19,39,1472.8,"1"
5.8,7.5,24.6,9,19,39,1472.8,"1"
5.8,7.5,24.6,9,19,39,1472.8,"1"
5.8,7.5,24.6,9,19,39,1472.8,"1"
5.8,7.5,24.6,9,19,39,1472.8,"1"
5.8,7.5,24.6,9,19,39,1472.8,"1"
5.8,7.5,24.6,9,19,39,1472.8,"1"
5.8,7.5,24.6,9,19,39,1472.8,"1"
5.8,7.5,24.6,9,19,39,1472.8,"1"
5.8,7.5,24.6,9,19,39,1472.8,"1"
5.8,7.5,24.6,9,19,39,1472.8,"1"
5.8,7.5,24.6,9,19,39,1472.8,"1"
5.8,7.5,24.6,9,19,39,1472.8,"1"
5.8,7.5,24.6,9,19,39,1472.8,"1"
5.8,7.5,24.6,14,19,39,1640.3,"1"
5.8,7.5,24.6,9,19,39,1472.8,"1"
5.8,7.5,24.6,14,19,39,1640.3,"1"
5.8,7.5,24.6,14,19,39,1640.3,"1"
5.8,7.5,24.6,14,19,39,1640.3,"1"
5.8,7.5,24.6,14,19,39,1640.3,"1"
5.8,7.5,24.6,9,19,39,1472.8,"1"
5.8,7.5,24.6,9,19,39,1472.8,"1"
5.8,7.5,24.6,9,19,39,1472.8,"1"
5.8,7.5,24.6,9,19,39,1472.8,"1"
5.8,7.5,24.6,14,19,39,1640.3,"1"
5.8,7.5,24.6,14,9,39,1310.3,"0"
5.8,7.5,24.6,14,19,39,1640.3,"1"
5.8,7.5,24.6,14,19,39,1640.3,"1"
5.8,7.5,24.6,14,19,39,1640.3,"1"
5.8,7.5,24.6,14,19,39,1640.3,"1"
5.8,7.5,24.6,14,19,39,1640.3,"1"
5.8,7.5,24.6,9,19,39,1472.8,"1"
5.8,7.5,24.6,9,19,39,1472.8,"1"
5.8,7.5,24.6,9,19,39,1472.8,"1"
5.8,7.5,24.6,9,19,39,1472.8,"1"
5.8,7.5,24.6,9,19,39,1472.8,"1"
5.8,7.5,24.6,9,19,39,1472.8,"1"
5.8,7.5,24.6,14,19,39,1640.3,"1"
5.8,7.5,24.6,14,19,39,1640.3,"1"
5.8,7.5,24.6,14,19,39,1640.3,"1"
5.8,7.5,24.6,14,19,39,1640.3,"1"
5.8,7.5,24.6,14,19,39,1640.3,"1"
5.8,7.5,24.6,14,19,39,1640.3,"1"
5.8,7.5,24.6,24,9,39,1645.3,"1"
5.8,7.5,24.6,9,9,39,1142.8,"0"
5.8,7.5,24.6,14,9,39,1310.3,"0"
5.8,7.5,24.6,14,9,39,1310.3,"0"
5.8,7.5,24.6,14,4,39,1145.3,"0"
5.8,7.5,24.6,9,4,39,977.8,"0"
5.8,7.5,24.6,14,4,39,1145.3,"0"
5.8,7.5,24.6,14,4,14.5,1015.45,"0"
5.8,7.5,24.6,4,24,39,1470.3,"1"
5.8,7.5,24.6,9,24,39,1637.8,"1"
5.8,7.5,24.6,9,19,39,1472.8,"1"
5.8,7.5,24.6,4,19,39,1305.3,"0"
5.8,7.5,24.6,4,19,39,1305.3,"0"
5.8,7.5,24.6,9,19,14.5,1342.95,"0"
5.8,7.5,24.6,9,19,14.5,1342.95,"0"
5.8,7.5,24.6,4,19,14.5,1175.45,"0"
5.8,7.5,24.6,9,19,14.5,1342.95,"0"
5.8,7.5,24.6,9,4,14.5,847.95,"0"
5.8,7.5,24.6,9,4,14.5,847.95,"0"
5.8,7.5,24.6,14,4,14.5,1015.45,"0"
5.8,7.5,24.6,9,4,14.5,847.95,"0"
5.8,7.5,24.6,9,4,14.5,847.95,"0"
5.8,7.5,24.6,9,4,14.5,847.95,"0"
5.8,7.5,24.6,9,4,14.5,847.95,"0"
5.8,7.5,24.6,9,4,14.5,847.95,"0"
5.8,7.5,24.6,9,4,14.5,847.95,"0"
5.8,7.5,24.6,9,4,14.5,847.95,"0"
5.8,7.5,24.6,9,4,14.5,847.95,"0"
5.8,7.5,24.6,9,4,14.5,847.95,"0"
5.8,7.5,24.6,9,4,14.5,847.95,"0"
5.8,7.5,24.6,9,4,14.5,847.95,"0"
5.8,7.5,24.6,9,4,14.5,847.95,"0"
5.8,7.5,24.6,9,4,14.5,847.95,"0"
5.8,7.5,24.6,9,4,14.5,847.95,"0"
5.8,7.5,24.6,9,4,14.5,847.95,"0"
5.8,7.5,24.6,9,4,14.5,847.95,"0"
5.8,7.5,24.6,4,4,14.5,680.45,"0"
5.8,7.5,24.6,4,19,14.5,1175.45,"0"
5.8,7.5,24.6,4,19,14.5,1175.45,"0"
5.8,7.5,24.6,9,4,14.5,847.95,"0"
5.8,7.5,24.6,9,4,14.5,847.95,"0"
5.8,7.5,24.6,9,4,14.5,847.95,"0"
5.8,7.5,24.6,9,4,14.5,847.95,"0"
5.8,7.5,24.6,9,4,14.5,847.95,"0"
5.8,7.5,24.6,9,4,14.5,847.95,"0"
5.8,7.5,24.6,9,19,14.5,1342.95,"0"
5.8,7.5,24.6,9,19,14.5,1342.95,"0"
5.8,7.5,24.6,9,4,14.5,847.95,"0"
5.8,7.5,24.6,9,4,14.5,847.95,"0"
5.8,7.5,24.6,9,4,14.5,847.95,"0"
5.8,7.5,24.6,14,4,14.5,1015.45,"0"
5.8,7.5,24.6,14,4,14.5,1015.45,"0"
5.8,7.5,24.6,14,4,14.5,1015.45,"0"
5.8,7.5,24.6,14,4,14.5,1015.45,"0"
5.8,7.5,24.6,4,19,39,1305.3,"0"
5.8,7.5,24.6,4,4,14.5,680.45,"0"
5.8,7.5,24.6,4,4,14.5,680.45,"0"
5.8,7.5,24.6,4,4,14.5,680.45,"0"
5.8,7.5,24.6,4,4,14.5,680.45,"0"
5.8,7.5,24.6,4,4,14.5,680.45,"0"
5.8,7.5,24.6,4,4,14.5,680.45,"0"
5.8,7.5,24.6,4,4,14.5,680.45,"0"
5.8,7.5,24.6,4,4,14.5,680.45,"0"
5.8,7.5,24.6,4,4,14.5,680.45,"0"
5.8,7.5,24.6,4,4,14.5,680.45,"0"
5.8,7.5,24.6,4,4,14.5,680.45,"0"
5.8,7.5,24.6,4,4,14.5,680.45,"0"
5.8,7.5,24.6,4,4,14.5,680.45,"0"
5.8,7.5,24.6,4,4,14.5,680.45,"0"
5.8,7.5,24.6,4,4,14.5,680.45,"0"
5.8,7.5,24.6,4,4,14.5,680.45,"0"
5.8,7.5,24.6,4,4,14.5,680.45,"0"
5.8,7.5,24.6,4,4,14.5,680.45,"0"
5.8,7.5,24.6,4,4,14.5,680.45,"0"
5.8,7.5,24.6,4,4,14.5,680.45,"0"
5.8,7.5,24.6,4,4,14.5,680.45,"0"
5.8,7.5,24.6,4,4,14.5,680.45,"0"
5.8,7.5,24.6,4,4,14.5,680.45,"0"
5.8,7.5,24.6,4,4,14.5,680.45,"0"
5.8,7.5,24.6,4,4,14.5,680.45,"0"
5.8,7.5,24.6,4,4,14.5,680.45,"0"
5.8,7.5,24.6,4,4,14.5,680.45,"0"
5.8,7.5,24.6,4,4,14.5,680.45,"0"
5.8,7.5,24.6,9,4,39,977.8,"0"
5.8,7.5,24.6,9,4,39,977.8,"0"
5.8,7.5,24.6,19,4,39,1312.8,"0"
5.8,7.5,24.6,9,4,39,977.8,"0"
5.8,7.5,24.6,9,4,39,977.8,"0"
5.8,7.5,24.6,9,19,39,1472.8,"1"
5.8,7.5,24.6,9,19,39,1472.8,"1"
5.8,7.5,24.6,9,19,39,1472.8,"1"
5.8,7.5,24.6,9,19,39,1472.8,"1"
5.8,7.5,24.6,9,19,39,1472.8,"1"
5.8,7.5,24.6,9,19,39,1472.8,"1"
5.8,7.5,24.6,9,19,39,1472.8,"1"
5.8,7.5,24.6,9,19,39,1472.8,"1"
5.8,7.5,24.6,9,19,39,1472.8,"1"
5.8,7.5,24.6,9,19,39,1472.8,"1"
5.8,7.5,24.6,9,19,39,1472.8,"1"
5.8,7.5,24.6,9,19,39,1472.8,"1"
5.8,7.5,24.6,4,19,39,1305.3,"0"
5.8,7.5,24.6,4,19,39,1305.3,"0"
5.8,7.5,24.6,9,19,39,1472.8,"1"
5.8,7.5,24.6,9,19,39,1472.8,"1"
5.8,7.5,24.6,9,19,39,1472.8,"1"
5.8,7.5,24.6,9,19,39,1472.8,"1"
5.8,7.5,24.6,9,19,39,1472.8,"1"
5.8,7.5,24.6,9,19,39,1472.8,"1"
5.8,7.5,24.6,9,19,39,1472.8,"1"
5.8,7.5,24.6,9,19,39,1472.8,"1"
5.8,7.5,24.6,9,19,39,1472.8,"1"
5.8,7.5,24.6,9,19,39,1472.8,"1"
5.8,7.5,24.6,9,19,39,1472.8,"1"
5.8,7.5,24.6,9,19,39,1472.8,"1"
5.8,7.5,24.6,9,19,39,1472.8,"1"
5.8,7.5,24.6,9,19,39,1472.8,"1"
5.8,7.5,24.6,9,19,39,1472.8,"1"
5.8,7.5,24.6,9,19,39,1472.8,"1"
5.8,7.5,24.6,9,19,39,1472.8,"1"
5.8,7.5,24.6,9,19,39,1472.8,"1"
5.8,7.5,24.6,9,19,39,1472.8,"1"
5.8,7.5,24.6,9,19,39,1472.8,"1"
5.8,7.5,24.6,9,19,39,1472.8,"1"
5.8,7.5,24.6,9,19,39,1472.8,"1"
5.8,7.5,24.6,9,19,39,1472.8,"1"
5.8,7.5,24.6,9,19,39,1472.8,"1"
5.8,7.5,24.6,4,19,39,1305.3,"0"
5.8,7.5,24.6,4,19,39,1305.3,"0"
5.8,7.5,24.6,4,19,39,1305.3,"0"
5.8,7.5,24.6,4,19,39,1305.3,"0"
5.8,7.5,24.6,9,4,39,977.8,"0"
5.8,7.5,24.6,4,19,39,1305.3,"0"
5.8,7.5,24.6,4,19,39,1305.3,"0"
5.8,7.5,24.6,4,19,39,1305.3,"0"
5.8,7.5,24.6,4,19,39,1305.3,"0"
5.8,7.5,24.6,9,19,39,1472.8,"1"
5.8,7.5,24.6,9,19,39,1472.8,"1"
5.8,7.5,24.6,9,19,39,1472.8,"1"
5.8,7.5,24.6,9,19,39,1472.8,"1"
5.8,7.5,24.6,9,19,39,1472.8,"1"
5.8,7.5,24.6,9,19,39,1472.8,"1"
5.8,7.5,24.6,9,19,39,1472.8,"1"
5.8,7.5,24.6,9,19,39,1472.8,"1"
5.8,7.5,24.6,9,19,39,1472.8,"1"
5.8,7.5,24.6,9,19,39,1472.8,"1"
5.8,7.5,24.6,9,19,39,1472.8,"1"
5.8,7.5,24.6,9,19,39,1472.8,"1"
5.8,7.5,24.6,9,19,39,1472.8,"1"
5.8,7.5,24.6,9,19,39,1472.8,"1"
5.8,7.5,24.6,9,19,39,1472.8,"1"
5.8,7.5,24.6,9,19,39,1472.8,"1"
5.8,7.5,24.6,9,19,39,1472.8,"1"
5.8,7.5,24.6,9,19,39,1472.8,"1"
5.8,7.5,24.6,9,19,39,1472.8,"1"
5.8,7.5,24.6,14,19,39,1640.3,"1"
5.8,7.5,24.6,9,19,39,1472.8,"1"
5.8,7.5,24.6,9,19,39,1472.8,"1"
5.8,7.5,24.6,9,19,39,1472.8,"1"
5.8,7.5,24.6,9,19,39,1472.8,"1"
5.8,7.5,24.6,9,19,39,1472.8,"1"
5.8,7.5,24.6,9,19,39,1472.8,"1"
5.8,7.5,24.6,9,19,39,1472.8,"1"
5.8,7.5,24.6,9,9,39,1142.8,"0"
5.8,7.5,24.6,9,9,39,1142.8,"0"
5.8,7.5,24.6,9,9,39,1142.8,"0"
5.8,7.5,24.6,9,9,39,1142.8,"0"
5.8,7.5,24.6,9,9,39,1142.8,"0"
5.8,7.5,24.6,14,9,39,1310.3,"0"
5.8,7.5,24.6,14,9,39,1310.3,"0"
5.8,7.5,24.6,14,9,39,1310.3,"0"
5.8,7.5,24.6,14,9,39,1310.3,"0"
5.8,7.5,24.6,9,9,39,1142.8,"0"
5.8,7.5,24.6,9,9,39,1142.8,"0"
5.8,7.5,24.6,9,9,39,1142.8,"0"
5.8,7.5,24.6,9,9,39,1142.8,"0"
5.8,7.5,24.6,9,9,39,1142.8,"0"
5.8,7.5,24.6,14,9,39,1310.3,"0"
5.8,7.5,24.6,14,9,39,1310.3,"0"
5.8,7.5,24.6,14,9,39,1310.3,"0"
5.8,7.5,24.6,14,9,39,1310.3,"0"
5.8,7.5,24.6,14,9,39,1310.3,"0"
5.8,7.5,24.6,14,9,39,1310.3,"0"
5.8,7.5,24.6,14,9,39,1310.3,"0"
5.8,7.5,24.6,14,9,39,1310.3,"0"
5.8,7.5,24.6,14,9,39,1310.3,"0"
5.8,7.5,24.6,14,9,39,1310.3,"0"
5.8,7.5,24.6,14,9,39,1310.3,"0"
5.8,7.5,24.6,19,9,39,1477.8,"1"
5.8,7.5,24.6,19,9,39,1477.8,"1"
5.8,7.5,24.6,14,9,39,1310.3,"0"
5.8,7.5,24.6,19,4,39,1312.8,"0"
5.8,7.5,24.6,19,4,39,1312.8,"0"
5.8,7.5,24.6,19,4,39,1312.8,"0"
5.8,7.5,24.6,19,4,39,1312.8,"0"
5.8,7.5,24.6,19,4,39,1312.8,"0"
5.8,7.5,24.6,19,4,39,1312.8,"0"
5.8,7.5,24.6,19,4,39,1312.8,"0"
5.8,7.5,24.6,19,4,39,1312.8,"0"
5.8,7.5,24.6,24,4,39,1480.3,"1"
5.8,7.5,24.6,24,4,39,1480.3,"1"
5.8,7.5,24.6,19,4,39,1312.8,"0"
5.8,7.5,24.6,19,4,39,1312.8,"0"
5.8,7.5,24.6,19,4,39,1312.8,"0"
5.8,7.5,24.6,19,4,39,1312.8,"0"
5.8,7.5,24.6,24,4,39,1480.3,"1"
5.8,7.5,24.6,14,4,39,1145.3,"0"
5.8,7.5,24.6,14,4,39,1145.3,"0"
5.8,7.5,24.6,14,4,39,1145.3,"0"
5.8,7.5,24.6,19,4,39,1312.8,"0"
5.8,7.5,24.6,19,4,39,1312.8,"0"
5.8,7.5,24.6,24,4,39,1480.3,"1"
5.8,7.5,24.6,24,4,39,1480.3,"1"
5.8,7.5,24.6,24,4,39,1480.3,"1"
5.8,7.5,24.6,19,4,39,1312.8,"0"
5.8,7.5,24.6,24,4,39,1480.3,"1"
5.8,7.5,24.6,19,4,39,1312.8,"0"
5.8,7.5,24.6,9,4,39,977.8,"0"
5.8,7.5,24.6,19,4,39,1312.8,"0"
5.8,7.5,24.6,14,4,39,1145.3,"0"
5.8,7.5,24.6,14,4,39,1145.3,"0"
5.8,7.5,24.6,14,4,39,1145.3,"0"
5.8,7.5,24.6,14,4,39,1145.3,"0"
5.8,7.5,24.6,14,4,39,1145.3,"0"
5.8,7.5,24.6,14,4,39,1145.3,"0"
5.8,7.5,24.6,9,4,39,977.8,"0"
5.8,7.5,24.6,9,4,39,977.8,"0"
5.8,7.5,24.6,9,4,39,977.8,"0"
5.8,7.5,24.6,9,4,39,977.8,"0"
5.8,7.5,24.6,14,4,39,1145.3,"0"
5.8,7.5,24.6,14,4,39,1145.3,"0"
5.8,7.5,24.6,14,4,39,1145.3,"0"
5.8,7.5,24.6,9,4,39,977.8,"0"
5.8,7.5,24.6,9,4,39,977.8,"0"
5.8,7.5,24.6,9,4,39,977.8,"0"
5.8,7.5,24.6,9,4,39,977.8,"0"
5.8,7.5,24.6,9,4,39,977.8,"0"
5.8,7.5,24.6,9,4,39,977.8,"0"
5.8,7.5,24.6,14,4,39,1145.3,"0"
5.8,7.5,24.6,14,4,39,1145.3,"0"
5.8,7.5,24.6,14,4,39,1145.3,"0"
5.8,7.5,24.6,14,4,39,1145.3,"0"
5.8,7.5,24.6,14,4,39,1145.3,"0"
5.8,7.5,24.6,14,4,39,1145.3,"0"
5.8,7.5,24.6,14,4,39,1145.3,"0"
5.8,7.5,24.6,14,4,39,1145.3,"0"
5.8,7.5,24.6,14,4,39,1145.3,"0"
5.8,7.5,24.6,14,4,39,1145.3,"0"
5.8,7.5,24.6,14,4,39,1145.3,"0"
5.8,7.5,24.6,9,4,39,977.8,"0"
5.8,7.5,24.6,9,4,39,977.8,"0"
5.8,7.5,24.6,14,4,39,1145.3,"0"
5.8,7.5,24.6,14,4,39,1145.3,"0"
5.8,7.5,24.6,4,4,39,810.3,"0"
5.8,7.5,24.6,4,14,39,1140.3,"0"
5.8,7.5,24.6,4,14,39,1140.3,"0"
5.8,7.5,24.6,4,4,39,810.3,"0"
5.8,7.5,24.6,4,4,39,810.3,"0"
5.8,7.5,24.6,4,4,39,810.3,"0"
5.8,7.5,24.6,4,4,39,810.3,"0"
5.8,7.5,24.6,4,4,39,810.3,"0"
5.8,7.5,24.6,4,4,39,810.3,"0"
5.8,7.5,24.6,24,19,39,1975.3,"1"
5.8,7.5,24.6,4,9,39,975.3,"0"
5.8,7.5,24.6,9,9,39,1142.8,"0"
5.8,7.5,24.6,14,19,39,1640.3,"1"
5.8,7.5,24.6,14,19,39,1640.3,"1"
5.8,7.5,24.6,24,19,39,1975.3,"1"
5.8,7.5,24.6,29,19,39,2142.8,"1"
5.8,7.5,24.6,29,19,39,2142.8,"1"
5.8,7.5,24.6,29,19,39,2142.8,"1"
5.8,7.5,24.6,14,19,39,1640.3,"1"
5.8,7.5,24.6,24,19,39,1975.3,"1"
5.8,7.5,24.6,29,19,39,2142.8,"1"
5.8,7.5,24.6,24,19,39,1975.3,"1"
5.8,7.5,24.6,14,4,39,1145.3,"0"
5.8,7.5,24.6,19,4,39,1312.8,"0"
5.8,7.5,24.6,14,4,39,1145.3,"0"
5.8,7.5,24.6,14,4,39,1145.3,"0"
5.8,7.5,24.6,14,4,39,1145.3,"0"
5.8,7.5,24.6,14,4,39,1145.3,"0"
5.8,7.5,24.6,14,4,39,1145.3,"0"
5.8,7.5,24.6,14,9,39,1310.3,"0"
5.8,7.5,24.6,14,9,39,1310.3,"0"
5.8,7.5,24.6,14,9,39,1310.3,"0"
5.8,7.5,24.6,14,9,39,1310.3,"0"
5.8,7.5,24.6,14,9,39,1310.3,"0"
5.8,7.5,24.6,14,9,39,1310.3,"0"
5.8,7.5,24.6,14,4,39,1145.3,"0"
5.8,7.5,24.6,9,14,39,1307.8,"0"
5.8,7.5,24.6,4,14,14.5,1010.45,"0"
5.8,7.5,24.6,4,14,14.5,1010.45,"0"
5.8,7.5,24.6,9,14,14.5,1177.95,"0"
5.8,7.5,24.6,9,14,14.5,1177.95,"0"
5.8,7.5,24.6,9,14,14.5,1177.95,"0"
5.8,7.5,24.6,9,14,14.5,1177.95,"0"
5.8,7.5,24.6,9,14,14.5,1177.95,"0"
5.8,7.5,24.6,9,14,14.5,1177.95,"0"
5.8,7.5,24.6,9,14,14.5,1177.95,"0"
5.8,7.5,24.6,4,14,14.5,1010.45,"0"
5.8,7.5,24.6,4,14,14.5,1010.45,"0"
5.8,7.5,24.6,9,14,14.5,1177.95,"0"
5.8,7.5,24.6,9,14,14.5,1177.95,"0"
5.8,7.5,24.6,9,14,14.5,1177.95,"0"
5.8,7.5,24.6,9,14,14.5,1177.95,"0"
5.8,7.5,24.6,4,14,14.5,1010.45,"0"
5.8,7.5,24.6,4,14,14.5,1010.45,"0"
5.8,7.5,24.6,4,14,14.5,1010.45,"0"
5.8,7.5,24.6,4,14,14.5,1010.45,"0"
5.8,7.5,24.6,4,14,14.5,1010.45,"0"
5.8,7.5,24.6,4,14,14.5,1010.45,"0"
5.8,7.5,24.6,4,14,14.5,1010.45,"0"
5.8,7.5,24.6,4,14,14.5,1010.45,"0"
5.8,7.5,24.6,9,14,14.5,1177.95,"0"
5.8,7.5,24.6,9,14,14.5,1177.95,"0"
5.8,7.5,24.6,9,14,14.5,1177.95,"0"
5.8,7.5,24.6,4,14,14.5,1010.45,"0"
5.8,7.5,24.6,4,14,14.5,1010.45,"0"
5.8,7.5,24.6,4,14,14.5,1010.45,"0"
5.8,7.5,24.6,4,14,14.5,1010.45,"0"
5.8,7.5,24.6,4,14,14.5,1010.45,"0"
5.8,7.5,24.6,9,14,14.5,1177.95,"0"
5.8,7.5,24.6,4,14,14.5,1010.45,"0"
5.8,7.5,24.6,9,14,14.5,1177.95,"0"
5.8,7.5,24.6,9,14,14.5,1177.95,"0"
5.8,7.5,24.6,4,14,14.5,1010.45,"0"
5.8,7.5,24.6,9,14,14.5,1177.95,"0"
5.8,7.5,24.6,9,14,14.5,1177.95,"0"
5.8,7.5,24.6,9,14,14.5,1177.95,"0"
5.8,7.5,24.6,9,14,14.5,1177.95,"0"
5.8,7.5,24.6,9,14,39,1307.8,"0"
5.8,7.5,24.6,9,14,39,1307.8,"0"
5.8,7.5,24.6,4,14,14.5,1010.45,"0"
5.8,7.5,24.6,14,4,14.5,1015.45,"0"
5.8,7.5,24.6,9,9,14.5,1012.95,"0"
5.8,7.5,24.6,9,4,14.5,847.95,"0"
5.8,7.5,24.6,4,14,14.5,1010.45,"0"
5.8,7.5,24.6,9,24,39,1637.8,"1"
5.8,7.5,24.6,4,24,39,1470.3,"1"
5.8,7.5,24.6,4,24,39,1470.3,"1"
5.8,7.5,24.6,4,24,39,1470.3,"1"
5.8,7.5,24.6,4,24,39,1470.3,"1"
5.8,7.5,24.6,4,24,39,1470.3,"1"
5.8,7.5,24.6,4,24,39,1470.3,"1"
5.8,7.5,24.6,4,24,39,1470.3,"1"
5.8,7.5,24.6,9,24,39,1637.8,"1"
5.8,7.5,24.6,9,24,39,1637.8,"1"
5.8,7.5,24.6,4,24,39,1470.3,"1"
5.8,7.5,24.6,4,24,39,1470.3,"1"
5.8,7.5,24.6,4,24,39,1470.3,"1"
5.8,7.5,24.6,9,24,39,1637.8,"1"
5.8,7.5,24.6,9,14,39,1307.8,"0"
5.8,7.5,24.6,9,14,39,1307.8,"0"
5.8,7.5,24.6,9,14,39,1307.8,"0"
5.8,7.5,24.6,9,14,39,1307.8,"0"
5.8,7.5,24.6,9,14,39,1307.8,"0"
5.8,7.5,24.6,4,14,39,1140.3,"0"
5.8,7.5,24.6,9,14,39,1307.8,"0"
5.8,7.5,24.6,9,14,39,1307.8,"0"
5.8,7.5,24.6,14,14,39,1475.3,"1"
5.8,7.5,24.6,14,14,39,1475.3,"1"
5.8,7.5,24.6,14,14,39,1475.3,"1"
5.8,7.5,24.6,14,14,39,1475.3,"1"
5.8,7.5,24.6,9,14,39,1307.8,"0"
5.8,7.5,24.6,14,14,39,1475.3,"1"
5.8,7.5,24.6,14,14,39,1475.3,"1"
5.8,7.5,24.6,14,14,39,1475.3,"1"
5.8,7.5,24.6,14,14,39,1475.3,"1"
5.8,7.5,24.6,14,14,39,1475.3,"1"
5.8,7.5,24.6,9,14,39,1307.8,"0"
5.8,7.5,24.6,9,24,39,1637.8,"1"
5.8,7.5,24.6,4,24,39,1470.3,"1"
5.8,7.5,24.6,4,24,39,1470.3,"1"
5.8,7.5,24.6,9,24,39,1637.8,"1"
5.8,7.5,24.6,4,24,39,1470.3,"1"
5.8,7.5,24.6,4,24,39,1470.3,"1"
5.8,7.5,24.6,4,24,39,1470.3,"1"
5.8,7.5,24.6,4,24,39,1470.3,"1"
5.8,7.5,24.6,4,24,39,1470.3,"1"
5.8,7.5,24.6,4,24,39,1470.3,"1"
5.8,7.5,24.6,4,24,39,1470.3,"1"
5.8,7.5,24.6,4,24,39,1470.3,"1"
5.8,7.5,24.6,9,24,39,1637.8,"1"
5.8,7.5,24.6,4,24,39,1470.3,"1"
5.8,7.5,24.6,9,24,39,1637.8,"1"
5.8,7.5,24.6,9,24,39,1637.8,"1"
5.8,7.5,24.6,9,24,39,1637.8,"1"
5.8,7.5,24.6,9,24,39,1637.8,"1"
5.8,7.5,24.6,9,24,39,1637.8,"1"
5.8,7.5,24.6,9,24,39,1637.8,"1"
5.8,7.5,24.6,9,24,39,1637.8,"1"
5.8,7.5,24.6,9,24,39,1637.8,"1"
5.8,7.5,24.6,9,24,39,1637.8,"1"
5.8,7.5,24.6,9,24,39,1637.8,"1"
5.8,7.5,24.6,9,24,39,1637.8,"1"
5.8,7.5,24.6,4,24,39,1470.3,"1"
5.8,7.5,24.6,4,24,39,1470.3,"1"
5.8,7.5,24.6,4,24,39,1470.3,"1"
5.8,7.5,24.6,4,24,39,1470.3,"1"
5.8,7.5,24.6,4,24,39,1470.3,"1"
5.8,7.5,24.6,4,24,39,1470.3,"1"
5.8,7.5,24.6,4,24,39,1470.3,"1"
5.8,7.5,24.6,4,24,39,1470.3,"1"
5.8,7.5,24.6,4,24,39,1470.3,"1"
5.8,7.5,24.6,9,24,39,1637.8,"1"
5.8,7.5,24.6,4,24,39,1470.3,"1"
5.8,7.5,24.6,4,24,39,1470.3,"1"
5.8,7.5,24.6,9,24,39,1637.8,"1"
5.8,7.5,24.6,4,24,39,1470.3,"1"
5.8,7.5,24.6,4,24,39,1470.3,"1"
5.8,7.5,24.6,4,24,39,1470.3,"1"
5.8,7.5,24.6,4,24,39,1470.3,"1"
5.8,7.5,24.6,4,24,39,1470.3,"1"
5.8,7.5,24.6,4,24,39,1470.3,"1"
5.8,7.5,24.6,4,24,39,1470.3,"1"
5.8,7.5,24.6,4,24,39,1470.3,"1"
5.8,7.5,24.6,4,24,39,1470.3,"1"
5.8,7.5,24.6,4,24,39,1470.3,"1"
5.8,7.5,24.6,4,24,39,1470.3,"1"
5.8,7.5,24.6,9,24,39,1637.8,"1"
5.8,7.5,24.6,4,24,39,1470.3,"1"
5.8,7.5,24.6,4,24,39,1470.3,"1"
5.8,7.5,24.6,4,24,39,1470.3,"1"
5.8,7.5,24.6,4,24,39,1470.3,"1"
5.8,7.5,24.6,4,24,39,1470.3,"1"
5.8,7.5,24.6,4,24,39,1470.3,"1"
5.8,7.5,24.6,4,24,39,1470.3,"1"
5.8,7.5,24.6,4,24,39,1470.3,"1"
5.8,7.5,24.6,4,24,39,1470.3,"1"
5.8,7.5,24.6,4,24,39,1470.3,"1"
5.8,7.5,24.6,4,24,39,1470.3,"1"
5.8,7.5,24.6,4,24,39,1470.3,"1"
5.8,7.5,24.6,4,24,39,1470.3,"1"
5.8,7.5,24.6,4,24,39,1470.3,"1"
5.8,7.5,24.6,9,24,39,1637.8,"1"
5.8,7.5,24.6,9,24,39,1637.8,"1"
5.8,7.5,24.6,9,24,39,1637.8,"1"
5.8,7.5,24.6,9,24,39,1637.8,"1"
5.8,7.5,24.6,9,24,39,1637.8,"1"
5.8,7.5,24.6,4,24,39,1470.3,"1"
5.8,7.5,24.6,9,24,39,1637.8,"1"
5.8,7.5,24.6,9,24,39,1637.8,"1"
5.8,7.5,24.6,9,24,39,1637.8,"1"
5.8,7.5,24.6,9,24,39,1637.8,"1"
5.8,7.5,24.6,9,24,39,1637.8,"1"
5.8,7.5,24.6,4,24,39,1470.3,"1"
5.8,7.5,24.6,9,24,39,1637.8,"1"
5.8,7.5,24.6,4,24,39,1470.3,"1"
5.8,7.5,24.6,4,24,39,1470.3,"1"
5.8,7.5,24.6,9,24,39,1637.8,"1"
5.8,7.5,24.6,4,24,39,1470.3,"1"
5.8,7.5,24.6,9,24,39,1637.8,"1"
5.8,7.5,24.6,9,24,39,1637.8,"1"
5.8,7.5,24.6,4,24,39,1470.3,"1"
5.8,7.5,24.6,4,24,39,1470.3,"1"
5.8,7.5,24.6,4,24,39,1470.3,"1"
5.8,7.5,24.6,4,24,39,1470.3,"1"
5.8,7.5,24.6,4,24,39,1470.3,"1"
5.8,7.5,24.6,4,24,39,1470.3,"1"
5.8,7.5,24.6,4,24,39,1470.3,"1"
5.8,7.5,24.6,4,24,39,1470.3,"1"
5.8,7.5,24.6,4,24,39,1470.3,"1"
5.8,7.5,24.6,4,24,39,1470.3,"1"
5.8,7.5,24.6,4,24,39,1470.3,"1"
5.8,7.5,24.6,4,24,39,1470.3,"1"
5.8,7.5,24.6,4,24,39,1470.3,"1"
5.8,7.5,24.6,4,24,39,1470.3,"1"
5.8,7.5,24.6,9,24,39,1637.8,"1"
5.8,7.5,24.6,14,4,39,1145.3,"0"
5.8,7.5,24.6,14,4,39,1145.3,"0"
5.8,7.5,24.6,14,4,39,1145.3,"0"
5.8,7.5,24.6,14,14,39,1475.3,"1"
5.8,7.5,24.6,9,14,39,1307.8,"0"
5.8,7.5,24.6,14,14,39,1475.3,"1"
5.8,7.5,24.6,14,14,39,1475.3,"1"
5.8,7.5,24.6,14,14,39,1475.3,"1"
5.8,7.5,24.6,14,14,39,1475.3,"1"
5.8,7.5,24.6,14,14,39,1475.3,"1"
5.8,7.5,24.6,14,14,39,1475.3,"1"
5.8,7.5,24.6,14,14,39,1475.3,"1"
5.8,7.5,24.6,14,14,39,1475.3,"1"
5.8,7.5,24.6,14,14,39,1475.3,"1"
5.8,7.5,24.6,14,14,39,1475.3,"1"
5.8,7.5,24.6,14,14,39,1475.3,"1"
5.8,7.5,24.6,14,14,39,1475.3,"1"
5.8,7.5,24.6,14,14,39,1475.3,"1"
5.8,7.5,24.6,14,14,39,1475.3,"1"
5.8,7.5,24.6,14,14,39,1475.3,"1"
5.8,7.5,24.6,14,14,39,1475.3,"1"
5.8,7.5,24.6,9,14,39,1307.8,"0"
5.8,7.5,24.6,14,14,39,1475.3,"1"
5.8,7.5,24.6,14,14,39,1475.3,"1"
5.8,7.5,24.6,14,14,39,1475.3,"1"
5.8,7.5,24.6,14,14,39,1475.3,"1"
5.8,7.5,24.6,9,14,39,1307.8,"0"
5.8,7.5,24.6,9,14,39,1307.8,"0"
5.8,7.5,24.6,14,14,39,1475.3,"1"
5.8,7.5,24.6,14,14,39,1475.3,"1"
5.8,7.5,24.6,9,14,39,1307.8,"0"
5.8,7.5,24.6,9,14,39,1307.8,"0"
5.8,7.5,24.6,9,14,39,1307.8,"0"
5.8,7.5,24.6,9,14,39,1307.8,"0"
5.8,7.5,24.6,14,14,39,1475.3,"1"
5.8,7.5,24.6,14,14,39,1475.3,"1"
5.8,7.5,24.6,9,14,39,1307.8,"0"
5.8,7.5,24.6,14,14,39,1475.3,"1"
5.8,7.5,24.6,14,14,39,1475.3,"1"
5.8,7.5,24.6,14,14,39,1475.3,"1"
5.8,7.5,24.6,14,14,39,1475.3,"1"
5.8,7.5,24.6,14,14,39,1475.3,"1"
5.8,7.5,24.6,9,14,39,1307.8,"0"
5.8,7.5,24.6,14,14,39,1475.3,"1"
5.8,7.5,24.6,14,14,39,1475.3,"1"
5.8,7.5,24.6,14,14,39,1475.3,"1"
5.8,7.5,24.6,9,14,39,1307.8,"0"
5.8,7.5,24.6,14,14,39,1475.3,"1"
5.8,7.5,24.6,14,14,39,1475.3,"1"
5.8,7.5,24.6,9,14,39,1307.8,"0"
5.8,7.5,24.6,9,14,39,1307.8,"0"
5.8,7.5,24.6,9,14,39,1307.8,"0"
5.8,7.5,24.6,9,14,39,1307.8,"0"
5.8,7.5,24.6,14,14,39,1475.3,"1"
5.8,7.5,24.6,9,14,39,1307.8,"0"
5.8,7.5,24.6,19,4,14.5,1182.95,"0"
5.8,7.5,24.6,14,4,14.5,1015.45,"0"
5.8,7.5,24.6,14,4,14.5,1015.45,"0"
5.8,7.5,24.6,14,4,14.5,1015.45,"0"
5.8,7.5,24.6,14,4,14.5,1015.45,"0"
5.8,7.5,24.6,14,4,14.5,1015.45,"0"
5.8,7.5,24.6,14,4,14.5,1015.45,"0"
5.8,7.5,24.6,14,4,14.5,1015.45,"0"
5.8,7.5,24.6,14,4,14.5,1015.45,"0"
5.8,7.5,24.6,19,4,14.5,1182.95,"0"
5.8,7.5,24.6,19,4,14.5,1182.95,"0"
5.8,7.5,24.6,14,4,14.5,1015.45,"0"
5.8,7.5,24.6,14,4,14.5,1015.45,"0"
5.8,7.5,24.6,19,4,14.5,1182.95,"0"
5.8,7.5,24.6,19,4,14.5,1182.95,"0"
5.8,7.5,24.6,14,4,14.5,1015.45,"0"
5.8,7.5,24.6,19,4,14.5,1182.95,"0"
5.8,7.5,24.6,19,4,14.5,1182.95,"0"
5.8,7.5,24.6,19,4,14.5,1182.95,"0"
5.8,7.5,24.6,14,4,14.5,1015.45,"0"
5.8,7.5,24.6,19,4,14.5,1182.95,"0"
5.8,7.5,24.6,14,4,14.5,1015.45,"0"
5.8,7.5,24.6,14,4,14.5,1015.45,"0"
5.8,7.5,24.6,14,14,39,1475.3,"1"
5.8,7.5,24.6,9,9,39,1142.8,"0"
5.8,7.5,24.6,9,9,39,1142.8,"0"
5.8,7.5,24.6,14,14,39,1475.3,"1"
5.8,7.5,24.6,14,14,39,1475.3,"1"
5.8,7.5,24.6,14,14,14.5,1345.45,"0"
5.8,7.5,24.6,14,14,39,1475.3,"1"
5.8,7.5,24.6,19,14,39,1642.8,"1"
5.8,7.5,24.6,19,14,14.5,1512.95,"1"
5.8,7.5,24.6,9,14,14.5,1177.95,"0"
5.8,7.5,24.6,9,14,14.5,1177.95,"0"
5.8,7.5,24.6,9,14,14.5,1177.95,"0"
5.8,7.5,24.6,4,14,14.5,1010.45,"0"
5.8,7.5,24.6,14,9,11.8,1166.14,"0"
5.8,7.5,24.6,9,4,11.8,833.64,"0"
5.8,7.5,24.6,14,4,11.8,1001.14,"0"
5.8,7.5,24.6,14,4,11.8,1001.14,"0"
5.8,7.5,24.6,14,4,11.8,1001.14,"0"
5.8,7.5,24.6,14,4,11.8,1001.14,"0"
5.8,7.5,24.6,14,4,11.8,1001.14,"0"
5.8,7.5,24.6,14,4,11.8,1001.14,"0"
5.8,7.5,24.6,14,4,11.8,1001.14,"0"
5.8,7.5,24.6,14,4,11.8,1001.14,"0"
5.8,7.5,24.6,14,4,11.8,1001.14,"0"
5.8,7.5,24.6,14,4,11.8,1001.14,"0"
5.8,7.5,24.6,9,4,11.8,833.64,"0"
5.8,7.5,24.6,4,4,11.8,666.14,"0"
5.8,7.5,24.6,4,4,11.8,666.14,"0"
5.8,7.5,24.6,4,4,11.8,666.14,"0"
5.8,7.5,24.6,4,4,11.8,666.14,"0"
5.8,7.5,24.6,4,4,11.8,666.14,"0"
5.8,7.5,24.6,4,4,11.8,666.14,"0"
5.8,7.5,24.6,4,4,11.8,666.14,"0"
5.8,7.5,24.6,4,4,11.8,666.14,"0"
5.8,7.5,24.6,4,4,11.8,666.14,"0"
5.8,7.5,24.6,4,4,11.8,666.14,"0"
5.8,7.5,24.6,24,4,11.8,1336.14,"0"
5.8,7.5,24.6,24,4,11.8,1336.14,"0"
11.5,6.2,59.5,4,9,15.9,1138.29,"0"
11.5,6.2,59.5,4,9,11.6,1148.12,"0"
11.5,6.2,59.5,4,9,15.9,1148.12,"0"
32,16.5,24.6,14,14,38.3,1695.72,"1"
32,16.5,24.6,14,14,38.3,1795.91,"1"
32,16.5,67.5,14,4,4.6,1418.98,"0"
11.5,6.2,59.5,14,4,40.5,1197.08,"0"
5.8,7.5,24.6,14,4,39,1145.3,"0"
32,16.5,24.6,14,14,38.3,1795.91,"1"
5.8,7.5,24.6,4,9,11.6,1148.12,"0"
5.8,7.5,68.4,4,9,16.1,1611.89,"1"
11.5,6.2,59.5,4,9,40.5,1240.58,"0"
11.5,6.2,59.5,4,9,40.5,1240.58,"0"
11.5,6.2,59.5,4,9,40.5,1240.58,"0"
5.8,7.5,24.6,4,9,13.1,1132.34,"0"
11.5,6.2,59.5,4,9,15.9,1148.12,"0"
9.2,17.6,22.6,4,9,38.8,1148.12,"0"
19.7,20,67.5,4,9,11.8,1370.99,"0"
19.7,20,22.6,4,9,38.8,1132.34,"0"
32,16.5,63.9,4,9,4.6,1345.91,"0"
9.2,17.6,68.4,4,9,11.9,1645.27,"1"
5.8,7.5,24.6,4,9,14.5,1148.12,"0"
11.5,6.2,59.5,4,9,15.9,1074.7,"0"
9.2,17.6,22.6,4,9,38.8,1132.34,"0"
5.8,7.5,24.6,4,9,40.5,1240.58,"0"
32,16.5,22.6,4,9,11.9,1345.91,"0"
9.2,17.6,22.6,4,9,38.8,1132.34,"0"
32,16.5,23.7,4,9,11.9,1345.91,"0"
9.2,17.6,68.4,4,9,38.8,1606.12,"1"
11.5,6.2,59.5,4,9,40.5,1240.58,"0"
5.8,7.5,24.6,4,9,15.9,1148.12,"0"
11.5,6.2,59.5,4,9,40.5,1240.58,"0"
5.8,7.5,24.6,4,9,13.1,1113.42,"0"
9.2,17.6,67.5,4,9,15.9,1645.27,"1"
11.5,6.2,59.5,4,9,11.6,1148.12,"0"
9.2,17.6,68.4,4,9,16.1,1622.17,"1"
19.7,20,22.6,4,9,4.2,1132.34,"0"
32,16.5,67.5,4,9,4.6,1466.98,"1"
32,16.5,67.5,4,9,7.1,1466.98,"1"
32,16.5,21.8,4,9,13,1345.91,"0"
11.5,6.2,59.5,9,4,4.5,935.18,"0"
11.5,6.2,59.5,4,4,4.5,831.68,"0"
11.5,6.2,59.5,4,4,4.5,831.68,"0"
11.5,6.2,59.5,9,4,4.5,935.18,"0"
11.5,6.2,59.5,9,4,15.9,985.34,"0"
11.5,6.2,59.5,9,19,15.9,1736.84,"1"
11.5,6.2,59.5,9,19,15.9,1736.84,"1"
11.5,6.2,59.5,9,19,15.9,1736.84,"1"
11.5,6.2,59.5,9,19,15.9,1736.84,"1"
11.5,6.2,59.5,9,19,15.9,1736.84,"1"
11.5,6.2,59.5,9,19,15.9,1736.84,"1"
11.5,6.2,59.5,4,19,15.9,1633.34,"1"
11.5,6.2,59.5,4,19,15.9,1633.34,"1"
11.5,6.2,59.5,9,19,15.9,1736.84,"1"
11.5,6.2,59.5,9,19,15.9,1736.84,"1"
11.5,6.2,59.5,9,19,15.9,1736.84,"1"
11.5,6.2,59.5,4,4,15.9,881.84,"0"
11.5,6.2,59.5,9,4,15.9,985.34,"0"
11.5,6.2,59.5,14,19,15.9,1840.34,"1"
11.5,6.2,59.5,9,19,15.9,1736.84,"1"
11.5,6.2,59.5,9,4,4.5,935.18,"0"
11.5,6.2,59.5,9,4,4.5,935.18,"0"
11.5,6.2,59.5,9,4,4.5,935.18,"0"
11.5,6.2,59.5,4,4,4.5,831.68,"0"
11.5,6.2,59.5,4,19,4.5,1583.18,"1"
11.5,6.2,59.5,4,19,4.5,1583.18,"1"
11.5,6.2,59.5,4,19,4.5,1583.18,"1"
11.5,6.2,59.5,4,19,4.5,1583.18,"1"
11.5,6.2,59.5,4,19,4.5,1583.18,"1"
11.5,6.2,59.5,4,19,4.5,1583.18,"1"
11.5,6.2,59.5,4,19,4.5,1583.18,"1"
11.5,6.2,59.5,4,24,15.9,1883.84,"1"
11.5,6.2,59.5,4,24,15.9,1883.84,"1"
11.5,6.2,59.5,4,24,15.9,1883.84,"1"
11.5,6.2,59.5,4,24,15.9,1883.84,"1"
11.5,6.2,59.5,4,24,15.9,1883.84,"1"
11.5,6.2,59.5,14,24,15.9,2090.84,"1"
11.5,6.2,59.5,9,24,15.9,1987.34,"1"
11.5,6.2,59.5,14,24,15.9,2090.84,"1"
11.5,6.2,59.5,14,19,4.5,1790.18,"1"
11.5,6.2,59.5,9,19,4.5,1686.68,"1"
11.5,6.2,59.5,24,19,4.5,1997.18,"1"
11.5,6.2,59.5,19,19,4.5,1893.68,"1"
11.5,6.2,59.5,4,19,4.5,1583.18,"1"
11.5,6.2,59.5,4,19,4.5,1583.18,"1"
11.5,6.2,59.5,19,19,4.5,1893.68,"1"
11.5,6.2,59.5,4,19,4.5,1583.18,"1"
11.5,6.2,59.5,19,19,4.5,1893.68,"1"
11.5,6.2,59.5,19,19,4.5,1893.68,"1"
11.5,6.2,59.5,4,19,15.9,1633.34,"1"
11.5,6.2,59.5,4,14,15.9,1382.84,"0"
11.5,6.2,59.5,4,14,15.9,1382.84,"0"
11.5,6.2,59.5,4,14,15.9,1382.84,"0"
11.5,6.2,59.5,4,14,15.9,1382.84,"0"
11.5,6.2,59.5,4,19,15.9,1633.34,"1"
11.5,6.2,59.5,4,19,15.9,1633.34,"1"
11.5,6.2,59.5,4,19,15.9,1633.34,"1"
11.5,6.2,59.5,4,19,15.9,1633.34,"1"
11.5,6.2,59.5,4,19,15.9,1633.34,"1"
11.5,6.2,59.5,4,19,15.9,1633.34,"1"
11.5,6.2,59.5,4,19,15.9,1633.34,"1"
11.5,6.2,59.5,4,4,4.5,831.68,"0"
11.5,6.2,59.5,4,4,4.5,831.68,"0"
11.5,6.2,59.5,4,14,4.5,1332.68,"0"
11.5,6.2,59.5,19,19,4.5,1893.68,"1"
11.5,6.2,59.5,9,19,4.5,1686.68,"1"
11.5,6.2,59.5,9,4,15.9,985.34,"0"
11.5,6.2,59.5,14,4,15.9,1088.84,"0"
11.5,6.2,59.5,9,4,15.9,985.34,"0"
11.5,6.2,59.5,4,4,4.5,831.68,"0"
11.5,6.2,59.5,4,4,4.5,831.68,"0"
11.5,6.2,59.5,9,4,4.5,935.18,"0"
11.5,6.2,59.5,4,4,4.5,831.68,"0"
11.5,6.2,59.5,4,4,4.5,831.68,"0"
11.5,6.2,59.5,4,14,4.5,1332.68,"0"
11.5,6.2,59.5,9,14,4.5,1436.18,"0"
11.5,6.2,59.5,4,14,4.5,1332.68,"0"
11.5,6.2,59.5,4,19,4.5,1583.18,"1"
11.5,6.2,59.5,4,19,4.5,1583.18,"1"
11.5,6.2,59.5,4,19,4.5,1583.18,"1"
11.5,6.2,59.5,4,19,4.5,1583.18,"1"
11.5,6.2,59.5,4,19,4.5,1583.18,"1"
11.5,6.2,59.5,4,19,4.5,1583.18,"1"
11.5,6.2,59.5,4,19,4.5,1583.18,"1"
11.5,6.2,59.5,19,14,15.9,1693.34,"1"
11.5,6.2,59.5,29,14,15.9,1900.34,"1"
11.5,6.2,59.5,19,14,15.9,1693.34,"1"
11.5,6.2,59.5,9,14,15.9,1486.34,"1"
11.5,6.2,59.5,4,14,15.9,1382.84,"0"
11.5,6.2,59.5,9,14,15.9,1486.34,"1"
11.5,6.2,59.5,14,14,15.9,1589.84,"1"
11.5,6.2,59.5,19,14,15.9,1693.34,"1"
11.5,6.2,59.5,9,19,4.5,1686.68,"1"
11.5,6.2,59.5,4,19,4.5,1583.18,"1"
11.5,6.2,59.5,4,19,4.5,1583.18,"1"
11.5,6.2,59.5,4,14,15.9,1382.84,"0"
11.5,6.2,59.5,9,14,15.9,1486.34,"1"
11.5,6.2,59.5,9,4,15.9,985.34,"0"
11.5,6.2,59.5,9,4,15.9,985.34,"0"
11.5,6.2,59.5,9,4,15.9,985.34,"0"
11.5,6.2,59.5,4,14,4.5,1332.68,"0"
11.5,6.2,59.5,14,14,4.5,1539.68,"1"
11.5,6.2,59.5,14,14,4.5,1539.68,"1"
11.5,6.2,59.5,14,14,4.5,1539.68,"1"
11.5,6.2,59.5,14,14,4.5,1539.68,"1"
11.5,6.2,59.5,14,14,4.5,1539.68,"1"
11.5,6.2,59.5,14,14,4.5,1539.68,"1"
11.5,6.2,59.5,9,14,4.5,1436.18,"0"
11.5,6.2,59.5,9,14,4.5,1436.18,"0"
11.5,6.2,59.5,4,14,4.5,1332.68,"0"
11.5,6.2,59.5,9,14,4.5,1436.18,"0"
11.5,6.2,59.5,4,19,15.9,1633.34,"1"
11.5,6.2,59.5,9,19,15.9,1736.84,"1"
11.5,6.2,59.5,4,19,15.9,1633.34,"1"
11.5,6.2,59.5,9,19,15.9,1736.84,"1"
11.5,6.2,59.5,4,19,15.9,1633.34,"1"
11.5,6.2,59.5,4,19,15.9,1633.34,"1"
11.5,6.2,59.5,4,19,15.9,1633.34,"1"
11.5,6.2,59.5,4,19,15.9,1633.34,"1"
11.5,6.2,59.5,4,19,15.9,1633.34,"1"
11.5,6.2,59.5,14,4,15.9,1088.84,"0"
11.5,6.2,59.5,24,4,15.9,1295.84,"0"
11.5,6.2,59.5,19,4,15.9,1192.34,"0"
11.5,6.2,59.5,19,4,15.9,1192.34,"0"
11.5,6.2,59.5,14,4,15.9,1088.84,"0"
11.5,6.2,59.5,9,19,15.9,1736.84,"1"
11.5,6.2,59.5,9,19,15.9,1736.84,"1"
11.5,6.2,59.5,4,19,15.9,1633.34,"1"
11.5,6.2,59.5,9,19,15.9,1736.84,"1"
11.5,6.2,59.5,4,19,15.9,1633.34,"1"
11.5,6.2,59.5,4,19,15.9,1633.34,"1"
11.5,6.2,59.5,4,19,15.9,1633.34,"1"
11.5,6.2,59.5,4,19,15.9,1633.34,"1"
11.5,6.2,59.5,4,19,15.9,1633.34,"1"
11.5,6.2,59.5,4,19,15.9,1633.34,"1"
11.5,6.2,59.5,4,19,15.9,1633.34,"1"
11.5,6.2,59.5,4,19,15.9,1633.34,"1"
11.5,6.2,59.5,4,19,15.9,1633.34,"1"
11.5,6.2,59.5,9,4,15.9,985.34,"0"
11.5,6.2,59.5,19,4,15.9,1192.34,"0"
11.5,6.2,59.5,19,4,15.9,1192.34,"0"
11.5,6.2,59.5,4,14,4.5,1332.68,"0"
11.5,6.2,59.5,4,14,4.5,1332.68,"0"
11.5,6.2,59.5,4,14,4.5,1332.68,"0"
11.5,6.2,59.5,4,14,4.5,1332.68,"0"
11.5,6.2,59.5,4,14,15.9,1382.84,"0"
11.5,6.2,59.5,4,14,15.9,1382.84,"0"
11.5,6.2,59.5,4,14,15.9,1382.84,"0"
11.5,6.2,59.5,4,14,15.9,1382.84,"0"
11.5,6.2,59.5,4,14,15.9,1382.84,"0"
11.5,6.2,59.5,9,14,4.5,1436.18,"0"
11.5,6.2,59.5,4,14,4.5,1332.68,"0"
11.5,6.2,59.5,4,24,15.9,1883.84,"1"
11.5,6.2,59.5,14,24,15.9,2090.84,"1"
11.5,6.2,59.5,9,24,15.9,1987.34,"1"
11.5,6.2,59.5,9,24,15.9,1987.34,"1"
11.5,6.2,59.5,9,24,15.9,1987.34,"1"
11.5,6.2,59.5,9,24,15.9,1987.34,"1"
11.5,6.2,59.5,9,24,15.9,1987.34,"1"
11.5,6.2,59.5,4,24,15.9,1883.84,"1"
11.5,6.2,59.5,4,24,15.9,1883.84,"1"
11.5,6.2,59.5,4,24,15.9,1883.84,"1"
11.5,6.2,59.5,4,24,15.9,1883.84,"1"
11.5,6.2,59.5,4,24,15.9,1883.84,"1"
11.5,6.2,59.5,4,24,15.9,1883.84,"1"
11.5,6.2,59.5,4,24,15.9,1883.84,"1"
11.5,6.2,59.5,4,24,15.9,1883.84,"1"
11.5,6.2,59.5,4,24,15.9,1883.84,"1"
11.5,6.2,59.5,4,24,15.9,1883.84,"1"
11.5,6.2,59.5,4,24,15.9,1883.84,"1"
11.5,6.2,59.5,4,24,15.9,1883.84,"1"
11.5,6.2,59.5,4,24,15.9,1883.84,"1"
11.5,6.2,59.5,4,24,15.9,1883.84,"1"
11.5,6.2,59.5,4,24,15.9,1883.84,"1"
11.5,6.2,59.5,4,24,15.9,1883.84,"1"
11.5,6.2,59.5,4,24,15.9,1883.84,"1"
11.5,6.2,59.5,4,24,15.9,1883.84,"1"
11.5,6.2,59.5,4,24,15.9,1883.84,"1"
11.5,6.2,59.5,4,24,15.9,1883.84,"1"
11.5,6.2,59.5,4,24,15.9,1883.84,"1"
11.5,6.2,59.5,4,24,15.9,1883.84,"1"
11.5,6.2,59.5,4,24,15.9,1883.84,"1"
11.5,6.2,59.5,4,24,15.9,1883.84,"1"
11.5,6.2,59.5,4,24,15.9,1883.84,"1"
11.5,6.2,59.5,4,24,15.9,1883.84,"1"
11.5,6.2,59.5,4,24,15.9,1883.84,"1"
11.5,6.2,59.5,4,24,15.9,1883.84,"1"
11.5,6.2,59.5,4,24,15.9,1883.84,"1"
11.5,6.2,59.5,4,24,15.9,1883.84,"1"
11.5,6.2,59.5,4,24,15.9,1883.84,"1"
11.5,6.2,59.5,4,24,15.9,1883.84,"1"
11.5,6.2,59.5,4,24,15.9,1883.84,"1"
11.5,6.2,59.5,4,24,15.9,1883.84,"1"
11.5,6.2,59.5,4,24,15.9,1883.84,"1"
11.5,6.2,59.5,4,24,15.9,1883.84,"1"
11.5,6.2,59.5,4,24,15.9,1883.84,"1"
11.5,6.2,59.5,4,24,15.9,1883.84,"1"
11.5,6.2,59.5,4,24,15.9,1883.84,"1"
11.5,6.2,59.5,4,24,15.9,1883.84,"1"
11.5,6.2,59.5,4,24,15.9,1883.84,"1"
11.5,6.2,59.5,4,24,15.9,1883.84,"1"
11.5,6.2,59.5,4,24,15.9,1883.84,"1"
11.5,6.2,59.5,4,24,15.9,1883.84,"1"
11.5,6.2,59.5,4,24,15.9,1883.84,"1"
11.5,6.2,59.5,4,24,15.9,1883.84,"1"
11.5,6.2,59.5,4,24,15.9,1883.84,"1"
11.5,6.2,59.5,4,24,15.9,1883.84,"1"
11.5,6.2,59.5,4,24,15.9,1883.84,"1"
11.5,6.2,59.5,4,24,15.9,1883.84,"1"
11.5,6.2,59.5,4,24,15.9,1883.84,"1"
11.5,6.2,59.5,4,24,15.9,1883.84,"1"
11.5,6.2,59.5,4,24,15.9,1883.84,"1"
11.5,6.2,59.5,4,24,15.9,1883.84,"1"
11.5,6.2,59.5,4,24,15.9,1883.84,"1"
11.5,6.2,59.5,4,24,15.9,1883.84,"1"
11.5,6.2,59.5,4,24,15.9,1883.84,"1"
11.5,6.2,59.5,4,24,15.9,1883.84,"1"
11.5,6.2,59.5,4,24,15.9,1883.84,"1"
11.5,6.2,59.5,4,24,15.9,1883.84,"1"
11.5,6.2,59.5,4,24,15.9,1883.84,"1"
11.5,6.2,59.5,4,24,15.9,1883.84,"1"
11.5,6.2,59.5,4,24,15.9,1883.84,"1"
11.5,6.2,59.5,4,19,4.5,1583.18,"1"
11.5,6.2,59.5,9,19,4.5,1686.68,"1"
11.5,6.2,59.5,4,19,4.5,1583.18,"1"
11.5,6.2,59.5,9,4,4.5,935.18,"0"
11.5,6.2,59.5,4,4,4.5,831.68,"0"
11.5,6.2,59.5,4,4,4.5,831.68,"0"
11.5,6.2,59.5,9,4,4.5,935.18,"0"
11.5,6.2,59.5,14,4,4.5,1038.68,"0"
11.5,6.2,59.5,4,4,4.5,831.68,"0"
11.5,6.2,59.5,4,4,4.5,831.68,"0"
11.5,6.2,59.5,4,4,4.5,831.68,"0"
11.5,6.2,59.5,4,4,4.5,831.68,"0"
11.5,6.2,59.5,4,4,4.5,831.68,"0"
11.5,6.2,59.5,4,4,4.5,831.68,"0"
11.5,6.2,59.5,4,4,4.5,831.68,"0"
11.5,6.2,59.5,4,4,4.5,831.68,"0"
11.5,6.2,59.5,4,4,4.5,831.68,"0"
11.5,6.2,59.5,9,4,4.5,935.18,"0"
11.5,6.2,59.5,4,4,4.5,831.68,"0"
11.5,6.2,59.5,4,4,4.5,831.68,"0"
11.5,6.2,59.5,14,9,4.5,1289.18,"0"
11.5,6.2,59.5,14,14,4.5,1539.68,"1"
11.5,6.2,59.5,9,19,4.5,1686.68,"1"
11.5,6.2,59.5,19,19,4.5,1893.68,"1"
11.5,6.2,59.5,4,19,4.5,1583.18,"1"
11.5,6.2,59.5,4,19,4.5,1583.18,"1"
11.5,6.2,59.5,4,19,4.5,1583.18,"1"
11.5,6.2,59.5,4,19,4.5,1583.18,"1"
11.5,6.2,59.5,4,19,4.5,1583.18,"1"
11.5,6.2,59.5,4,19,4.5,1583.18,"1"
11.5,6.2,59.5,4,19,4.5,1583.18,"1"
11.5,6.2,59.5,4,19,4.5,1583.18,"1"
11.5,6.2,59.5,4,19,4.5,1583.18,"1"
11.5,6.2,59.5,4,19,4.5,1583.18,"1"
11.5,6.2,59.5,4,19,4.5,1583.18,"1"
11.5,6.2,59.5,4,19,4.5,1583.18,"1"
11.5,6.2,59.5,4,19,4.5,1583.18,"1"
11.5,6.2,59.5,4,19,15.9,1633.34,"1"
11.5,6.2,59.5,4,19,15.9,1633.34,"1"
11.5,6.2,59.5,4,19,15.9,1633.34,"1"
11.5,6.2,59.5,4,14,15.9,1382.84,"0"
11.5,6.2,59.5,9,14,15.9,1486.34,"1"
11.5,6.2,59.5,4,14,15.9,1382.84,"0"
11.5,6.2,59.5,4,14,15.9,1382.84,"0"
11.5,6.2,59.5,4,14,15.9,1382.84,"0"
11.5,6.2,59.5,4,14,15.9,1382.84,"0"
11.5,6.2,59.5,4,14,15.9,1382.84,"0"
11.5,6.2,59.5,4,24,15.9,1883.84,"1"
11.5,6.2,59.5,4,29,15.9,2134.34,"1"
11.5,6.2,59.5,4,29,15.9,2134.34,"1"
11.5,6.2,59.5,4,29,15.9,2134.34,"1"
11.5,6.2,59.5,4,29,15.9,2134.34,"1"
11.5,6.2,59.5,4,29,15.9,2134.34,"1"
11.5,6.2,59.5,9,29,15.9,2237.84,"1"
11.5,6.2,59.5,9,29,15.9,2237.84,"1"
11.5,6.2,59.5,4,24,15.9,1883.84,"1"
11.5,6.2,59.5,4,19,15.9,1633.34,"1"
11.5,6.2,59.5,4,19,15.9,1633.34,"1"
11.5,6.2,59.5,4,19,15.9,1633.34,"1"
11.5,6.2,59.5,4,24,15.9,1883.84,"1"
11.5,6.2,59.5,4,24,15.9,1883.84,"1"
11.5,6.2,59.5,4,24,15.9,1883.84,"1"
11.5,6.2,59.5,4,24,15.9,1883.84,"1"
11.5,6.2,59.5,4,14,15.9,1382.84,"0"
11.5,6.2,59.5,4,14,15.9,1382.84,"0"
11.5,6.2,59.5,4,14,15.9,1382.84,"0"
11.5,6.2,59.5,4,14,15.9,1382.84,"0"
11.5,6.2,59.5,4,14,15.9,1382.84,"0"
11.5,6.2,59.5,4,14,15.9,1382.84,"0"
11.5,6.2,59.5,4,14,15.9,1382.84,"0"
11.5,6.2,59.5,4,14,15.9,1382.84,"0"
11.5,6.2,59.5,4,14,15.9,1382.84,"0"
11.5,6.2,59.5,4,14,15.9,1382.84,"0"
11.5,6.2,59.5,4,14,15.9,1382.84,"0"
11.5,6.2,59.5,4,14,15.9,1382.84,"0"
11.5,6.2,59.5,4,14,15.9,1382.84,"0"
11.5,6.2,59.5,4,14,15.9,1382.84,"0"
11.5,6.2,59.5,4,14,15.9,1382.84,"0"
11.5,6.2,59.5,4,14,15.9,1382.84,"0"
11.5,6.2,59.5,4,14,15.9,1382.84,"0"
11.5,6.2,59.5,4,14,15.9,1382.84,"0"
11.5,6.2,59.5,4,14,15.9,1382.84,"0"
11.5,6.2,59.5,4,14,15.9,1382.84,"0"
11.5,6.2,59.5,9,4,15.9,985.34,"0"
11.5,6.2,59.5,24,4,15.9,1295.84,"0"
11.5,6.2,59.5,24,4,15.9,1295.84,"0"
11.5,6.2,59.5,29,4,15.9,1399.34,"0"
11.5,6.2,59.5,29,4,15.9,1399.34,"0"
11.5,6.2,59.5,19,4,15.9,1192.34,"0"
11.5,6.2,59.5,4,14,15.9,1382.84,"0"
11.5,6.2,59.5,4,9,15.9,1132.34,"0"
11.5,6.2,59.5,4,9,15.9,1132.34,"0"
11.5,6.2,59.5,4,9,15.9,1132.34,"0"
11.5,6.2,59.5,4,9,15.9,1132.34,"0"
11.5,6.2,59.5,4,9,15.9,1132.34,"0"
11.5,6.2,59.5,4,9,15.9,1132.34,"0"
11.5,6.2,59.5,4,9,15.9,1132.34,"0"
11.5,6.2,59.5,4,9,15.9,1132.34,"0"
11.5,6.2,59.5,4,9,15.9,1132.34,"0"
11.5,6.2,59.5,4,9,15.9,1132.34,"0"
11.5,6.2,59.5,19,24,15.9,2194.34,"1"
11.5,6.2,59.5,9,24,15.9,1987.34,"1"
11.5,6.2,59.5,9,24,15.9,1987.34,"1"
11.5,6.2,59.5,14,24,15.9,2090.84,"1"
11.5,6.2,59.5,9,24,15.9,1987.34,"1"
11.5,6.2,59.5,19,24,15.9,2194.34,"1"
11.5,6.2,59.5,24,24,15.9,2297.84,"1"
11.5,6.2,59.5,9,24,15.9,1987.34,"1"
11.5,6.2,59.5,4,14,15.9,1382.84,"0"
11.5,6.2,59.5,4,24,15.9,1883.84,"1"
11.5,6.2,59.5,4,14,15.9,1382.84,"0"
11.5,6.2,59.5,4,14,15.9,1382.84,"0"
11.5,6.2,59.5,4,14,15.9,1382.84,"0"
11.5,6.2,59.5,14,14,15.9,1589.84,"1"
11.5,6.2,59.5,4,14,15.9,1382.84,"0"
11.5,6.2,59.5,14,14,15.9,1589.84,"1"
11.5,6.2,59.5,9,14,15.9,1486.34,"1"
11.5,6.2,59.5,9,14,15.9,1486.34,"1"
11.5,6.2,59.5,9,4,15.9,985.34,"0"
11.5,6.2,59.5,9,4,15.9,985.34,"0"
11.5,6.2,59.5,4,19,15.9,1633.34,"1"
11.5,6.2,59.5,19,4,15.9,1192.34,"0"
11.5,6.2,59.5,19,4,15.9,1192.34,"0"
11.5,6.2,59.5,19,4,15.9,1192.34,"0"
11.5,6.2,59.5,19,4,15.9,1192.34,"0"
11.5,6.2,59.5,19,4,15.9,1192.34,"0"
11.5,6.2,59.5,14,4,15.9,1088.84,"0"
11.5,6.2,59.5,4,4,15.9,881.84,"0"
11.5,6.2,59.5,4,4,15.9,881.84,"0"
11.5,6.2,59.5,4,19,15.9,1633.34,"1"
11.5,6.2,59.5,14,4,15.9,1088.84,"0"
11.5,6.2,59.5,4,4,15.9,881.84,"0"
11.5,6.2,59.5,9,4,15.9,985.34,"0"
11.5,6.2,59.5,19,4,15.9,1192.34,"0"
11.5,6.2,59.5,14,4,15.9,1088.84,"0"
11.5,6.2,59.5,9,4,15.9,985.34,"0"
11.5,6.2,59.5,4,14,15.9,1382.84,"0"
11.5,6.2,59.5,4,14,15.9,1382.84,"0"
11.5,6.2,59.5,4,14,15.9,1382.84,"0"
11.5,6.2,59.5,4,9,15.9,1132.34,"0"
11.5,6.2,59.5,14,9,15.9,1339.34,"0"
11.5,6.2,59.5,14,9,15.9,1339.34,"0"
11.5,6.2,59.5,14,9,15.9,1339.34,"0"
11.5,6.2,59.5,19,9,15.9,1442.84,"0"
11.5,6.2,59.5,19,9,15.9,1442.84,"0"
11.5,6.2,59.5,19,9,15.9,1442.84,"0"
11.5,6.2,59.5,4,14,15.9,1382.84,"0"
11.5,6.2,59.5,4,14,15.9,1382.84,"0"
11.5,6.2,59.5,4,4,15.9,881.84,"0"
11.5,6.2,59.5,4,4,15.9,881.84,"0"
11.5,6.2,59.5,4,4,15.9,881.84,"0"
11.5,6.2,59.5,4,4,15.9,881.84,"0"
11.5,6.2,59.5,4,4,15.9,881.84,"0"
11.5,6.2,59.5,4,4,15.9,881.84,"0"
11.5,6.2,59.5,4,19,15.9,1633.34,"1"
11.5,6.2,59.5,4,19,15.9,1633.34,"1"
11.5,6.2,59.5,4,19,15.9,1633.34,"1"
11.5,6.2,59.5,4,19,15.9,1633.34,"1"
11.5,6.2,59.5,4,19,15.9,1633.34,"1"
11.5,6.2,59.5,4,19,15.9,1633.34,"1"
11.5,6.2,59.5,4,19,15.9,1633.34,"1"
11.5,6.2,59.5,4,19,15.9,1633.34,"1"
11.5,6.2,59.5,4,4,15.9,881.84,"0"
11.5,6.2,59.5,4,4,15.9,881.84,"0"
11.5,6.2,59.5,4,9,15.9,1132.34,"0"
11.5,6.2,59.5,4,9,15.9,1132.34,"0"
11.5,6.2,59.5,4,9,15.9,1132.34,"0"
11.5,6.2,59.5,4,9,15.9,1132.34,"0"
11.5,6.2,59.5,4,9,15.9,1132.34,"0"
11.5,6.2,59.5,4,9,15.9,1132.34,"0"
11.5,6.2,59.5,4,9,15.9,1132.34,"0"
11.5,6.2,59.5,4,9,15.9,1132.34,"0"
11.5,6.2,59.5,4,9,15.9,1132.34,"0"
11.5,6.2,59.5,4,9,15.9,1132.34,"0"
11.5,6.2,59.5,4,9,15.9,1132.34,"0"
11.5,6.2,59.5,4,9,15.9,1132.34,"0"
11.5,6.2,59.5,4,19,15.9,1633.34,"1"
11.5,6.2,59.5,4,19,15.9,1633.34,"1"
11.5,6.2,59.5,19,9,15.9,1442.84,"0"
11.5,6.2,59.5,24,9,15.9,1546.34,"1"
11.5,6.2,59.5,24,9,15.9,1546.34,"1"
11.5,6.2,59.5,24,9,15.9,1546.34,"1"
11.5,6.2,59.5,24,9,15.9,1546.34,"1"
11.5,6.2,59.5,4,4,15.9,881.84,"0"
11.5,6.2,59.5,4,4,15.9,881.84,"0"
11.5,6.2,59.5,4,4,15.9,881.84,"0"
11.5,6.2,59.5,4,4,15.9,881.84,"0"
11.5,6.2,59.5,4,4,15.9,881.84,"0"
11.5,6.2,59.5,14,14,15.9,1589.84,"1"
11.5,6.2,59.5,14,14,15.9,1589.84,"1"
11.5,6.2,59.5,19,14,15.9,1693.34,"1"
11.5,6.2,59.5,19,14,15.9,1693.34,"1"
11.5,6.2,59.5,19,14,15.9,1693.34,"1"
11.5,6.2,59.5,19,24,15.9,2194.34,"1"
11.5,6.2,59.5,24,24,15.9,2297.84,"1"
11.5,6.2,59.5,24,24,15.9,2297.84,"1"
11.5,6.2,59.5,19,24,15.9,2194.34,"1"
11.5,6.2,59.5,24,24,15.9,2297.84,"1"
11.5,6.2,59.5,24,24,15.9,2297.84,"1"
11.5,6.2,59.5,19,24,15.9,2194.34,"1"
11.5,6.2,59.5,24,24,15.9,2297.84,"1"
11.5,6.2,59.5,14,24,15.9,2090.84,"1"
11.5,6.2,59.5,24,24,15.9,2297.84,"1"
11.5,6.2,59.5,19,24,15.9,2194.34,"1"
11.5,6.2,59.5,14,24,15.9,2090.84,"1"
11.5,6.2,59.5,19,24,15.9,2194.34,"1"
11.5,6.2,59.5,24,24,15.9,2297.84,"1"
11.5,6.2,59.5,24,24,15.9,2297.84,"1"
11.5,6.2,59.5,14,24,15.9,2090.84,"1"
11.5,6.2,59.5,14,24,15.9,2090.84,"1"
11.5,6.2,59.5,19,4,15.9,1192.34,"0"
11.5,6.2,59.5,24,4,15.9,1295.84,"0"
11.5,6.2,59.5,24,4,15.9,1295.84,"0"
11.5,6.2,59.5,19,4,15.9,1192.34,"0"
11.5,6.2,59.5,4,4,15.9,881.84,"0"
11.5,6.2,59.5,4,4,15.9,881.84,"0"
11.5,6.2,59.5,19,4,15.9,1192.34,"0"
11.5,6.2,59.5,14,4,15.9,1088.84,"0"
11.5,6.2,59.5,4,19,15.9,1633.34,"1"
11.5,6.2,59.5,4,19,15.9,1633.34,"1"
11.5,6.2,59.5,4,19,15.9,1633.34,"1"
11.5,6.2,59.5,4,19,15.9,1633.34,"1"
11.5,6.2,59.5,4,19,15.9,1633.34,"1"
11.5,6.2,59.5,4,19,15.9,1633.34,"1"
11.5,6.2,59.5,4,19,15.9,1633.34,"1"
11.5,6.2,59.5,4,19,15.9,1633.34,"1"
11.5,6.2,59.5,4,19,15.9,1633.34,"1"
11.5,6.2,59.5,4,19,15.9,1633.34,"1"
11.5,6.2,59.5,4,29,15.9,2134.34,"1"
11.5,6.2,59.5,9,29,15.9,2237.84,"1"
11.5,6.2,59.5,4,29,15.9,2134.34,"1"
11.5,6.2,59.5,4,29,15.9,2134.34,"1"
11.5,6.2,59.5,4,29,15.9,2134.34,"1"
11.5,6.2,59.5,4,29,15.9,2134.34,"1"
11.5,6.2,59.5,4,29,15.9,2134.34,"1"
11.5,6.2,59.5,4,29,15.9,2134.34,"1"
11.5,6.2,59.5,4,29,15.9,2134.34,"1"
11.5,6.2,59.5,4,29,15.9,2134.34,"1"
11.5,6.2,59.5,4,29,15.9,2134.34,"1"
11.5,6.2,59.5,4,29,15.9,2134.34,"1"
11.5,6.2,59.5,4,29,15.9,2134.34,"1"
11.5,6.2,59.5,4,29,15.9,2134.34,"1"
11.5,6.2,59.5,4,29,15.9,2134.34,"1"
11.5,6.2,59.5,4,29,15.9,2134.34,"1"
11.5,6.2,59.5,4,29,15.9,2134.34,"1"
11.5,6.2,59.5,4,29,15.9,2134.34,"1"
11.5,6.2,59.5,4,29,15.9,2134.34,"1"
11.5,6.2,59.5,9,29,15.9,2237.84,"1"
11.5,6.2,59.5,4,29,15.9,2134.34,"1"
11.5,6.2,59.5,4,29,15.9,2134.34,"1"
11.5,6.2,59.5,4,29,15.9,2134.34,"1"
11.5,6.2,59.5,4,29,15.9,2134.34,"1"
11.5,6.2,59.5,4,29,15.9,2134.34,"1"
11.5,6.2,59.5,4,29,15.9,2134.34,"1"
11.5,6.2,59.5,4,29,15.9,2134.34,"1"
11.5,6.2,59.5,4,29,15.9,2134.34,"1"
11.5,6.2,59.5,4,29,15.9,2134.34,"1"
11.5,6.2,59.5,4,29,15.9,2134.34,"1"
11.5,6.2,59.5,4,29,15.9,2134.34,"1"
11.5,6.2,59.5,4,29,15.9,2134.34,"1"
11.5,6.2,59.5,9,29,15.9,2237.84,"1"
11.5,6.2,59.5,4,29,15.9,2134.34,"1"
11.5,6.2,59.5,4,29,15.9,2134.34,"1"
11.5,6.2,59.5,4,29,15.9,2134.34,"1"
11.5,6.2,59.5,9,29,15.9,2237.84,"1"
11.5,6.2,59.5,14,29,15.9,2341.34,"1"
11.5,6.2,59.5,4,29,15.9,2134.34,"1"
11.5,6.2,59.5,4,29,15.9,2134.34,"1"
11.5,6.2,59.5,4,29,15.9,2134.34,"1"
11.5,6.2,59.5,4,29,15.9,2134.34,"1"
11.5,6.2,59.5,4,29,15.9,2134.34,"1"
11.5,6.2,59.5,4,29,15.9,2134.34,"1"
11.5,6.2,59.5,4,29,15.9,2134.34,"1"
11.5,6.2,59.5,4,29,15.9,2134.34,"1"
11.5,6.2,59.5,4,29,15.9,2134.34,"1"
11.5,6.2,59.5,4,29,15.9,2134.34,"1"
11.5,6.2,59.5,4,29,15.9,2134.34,"1"
11.5,6.2,59.5,4,29,15.9,2134.34,"1"
11.5,6.2,59.5,9,29,15.9,2237.84,"1"
11.5,6.2,59.5,4,29,15.9,2134.34,"1"
11.5,6.2,59.5,4,29,15.9,2134.34,"1"
11.5,6.2,59.5,4,29,15.9,2134.34,"1"
11.5,6.2,59.5,4,29,15.9,2134.34,"1"
11.5,6.2,59.5,4,29,15.9,2134.34,"1"
11.5,6.2,59.5,4,29,15.9,2134.34,"1"
11.5,6.2,59.5,4,19,15.9,1633.34,"1"
11.5,6.2,59.5,4,19,15.9,1633.34,"1"
11.5,6.2,59.5,4,19,15.9,1633.34,"1"
11.5,6.2,59.5,14,19,15.9,1840.34,"1"
11.5,6.2,59.5,19,19,15.9,1943.84,"1"
11.5,6.2,59.5,19,19,15.9,1943.84,"1"
11.5,6.2,59.5,14,19,15.9,1840.34,"1"
11.5,6.2,59.5,9,19,15.9,1736.84,"1"
11.5,6.2,59.5,4,19,15.9,1633.34,"1"
11.5,6.2,59.5,4,19,15.9,1633.34,"1"
11.5,6.2,59.5,9,19,15.9,1736.84,"1"
11.5,6.2,59.5,9,19,15.9,1736.84,"1"
11.5,6.2,59.5,14,19,15.9,1840.34,"1"
11.5,6.2,59.5,9,19,15.9,1736.84,"1"
11.5,6.2,59.5,4,19,15.9,1633.34,"1"
11.5,6.2,59.5,4,19,15.9,1633.34,"1"
11.5,6.2,59.5,9,19,15.9,1736.84,"1"
11.5,6.2,59.5,4,19,15.9,1633.34,"1"
11.5,6.2,59.5,4,29,15.9,2134.34,"1"
11.5,6.2,59.5,4,29,15.9,2134.34,"1"
11.5,6.2,59.5,4,29,15.9,2134.34,"1"
11.5,6.2,59.5,4,29,15.9,2134.34,"1"
11.5,6.2,59.5,4,29,15.9,2134.34,"1"
11.5,6.2,59.5,9,29,15.9,2237.84,"1"
11.5,6.2,59.5,4,29,15.9,2134.34,"1"
11.5,6.2,59.5,9,29,15.9,2237.84,"1"
11.5,6.2,59.5,14,29,15.9,2341.34,"1"
11.5,6.2,59.5,9,29,15.9,2237.84,"1"
11.5,6.2,59.5,9,29,15.9,2237.84,"1"
11.5,6.2,59.5,4,29,15.9,2134.34,"1"
11.5,6.2,59.5,4,19,15.9,1633.34,"1"
11.5,6.2,59.5,4,19,15.9,1633.34,"1"
11.5,6.2,59.5,9,19,15.9,1736.84,"1"
11.5,6.2,59.5,9,19,15.9,1736.84,"1"
11.5,6.2,59.5,14,19,15.9,1840.34,"1"
11.5,6.2,59.5,14,19,15.9,1840.34,"1"
11.5,6.2,59.5,14,19,15.9,1840.34,"1"
11.5,6.2,59.5,14,19,15.9,1840.34,"1"
11.5,6.2,59.5,14,19,15.9,1840.34,"1"
11.5,6.2,59.5,14,19,15.9,1840.34,"1"
11.5,6.2,59.5,9,19,15.9,1736.84,"1"
11.5,6.2,59.5,14,19,15.9,1840.34,"1"
11.5,6.2,59.5,4,9,15.9,1132.34,"0"
11.5,6.2,59.5,4,9,15.9,1132.34,"0"
11.5,6.2,59.5,4,9,15.9,1132.34,"0"
11.5,6.2,59.5,4,9,15.9,1132.34,"0"
11.5,6.2,59.5,4,9,15.9,1132.34,"0"
11.5,6.2,59.5,4,9,15.9,1132.34,"0"
11.5,6.2,59.5,4,9,15.9,1132.34,"0"
11.5,6.2,59.5,4,9,15.9,1132.34,"0"
11.5,6.2,59.5,4,9,15.9,1132.34,"0"
11.5,6.2,59.5,4,9,15.9,1132.34,"0"
11.5,6.2,59.5,4,9,15.9,1132.34,"0"
11.5,6.2,59.5,4,9,15.9,1132.34,"0"
11.5,6.2,59.5,4,9,15.9,1132.34,"0"
11.5,6.2,59.5,4,9,15.9,1132.34,"0"
11.5,6.2,59.5,4,9,15.9,1132.34,"0"
11.5,6.2,59.5,4,9,15.9,1132.34,"0"
11.5,6.2,59.5,4,9,15.9,1132.34,"0"
11.5,6.2,59.5,4,9,15.9,1132.34,"0"
11.5,6.2,59.5,4,9,15.9,1132.34,"0"
11.5,6.2,59.5,4,9,15.9,1132.34,"0"
11.5,6.2,59.5,4,9,15.9,1132.34,"0"
11.5,6.2,59.5,4,9,15.9,1132.34,"0"
11.5,6.2,59.5,4,9,15.9,1132.34,"0"
11.5,6.2,59.5,4,9,15.9,1132.34,"0"
11.5,6.2,59.5,4,9,15.9,1132.34,"0"
11.5,6.2,59.5,4,9,15.9,1132.34,"0"
11.5,6.2,59.5,4,9,15.9,1132.34,"0"
11.5,6.2,59.5,9,9,15.9,1235.84,"0"
11.5,6.2,59.5,9,9,15.9,1235.84,"0"
11.5,6.2,59.5,14,9,15.9,1339.34,"0"
11.5,6.2,59.5,19,9,15.9,1442.84,"0"
11.5,6.2,59.5,14,9,15.9,1339.34,"0"
11.5,6.2,59.5,4,19,15.9,1633.34,"1"
11.5,6.2,59.5,4,19,15.9,1633.34,"1"
11.5,6.2,59.5,4,19,15.9,1633.34,"1"
11.5,6.2,59.5,4,19,15.9,1633.34,"1"
11.5,6.2,59.5,4,19,15.9,1633.34,"1"
11.5,6.2,59.5,4,19,15.9,1633.34,"1"
11.5,6.2,59.5,4,19,15.9,1633.34,"1"
11.5,6.2,59.5,4,19,15.9,1633.34,"1"
11.5,6.2,59.5,4,19,15.9,1633.34,"1"
11.5,6.2,59.5,4,19,15.9,1633.34,"1"
11.5,6.2,59.5,4,19,15.9,1633.34,"1"
11.5,6.2,59.5,4,19,15.9,1633.34,"1"
11.5,6.2,59.5,4,19,15.9,1633.34,"1"
11.5,6.2,59.5,4,19,15.9,1633.34,"1"
11.5,6.2,59.5,4,19,15.9,1633.34,"1"
11.5,6.2,59.5,4,19,15.9,1633.34,"1"
11.5,6.2,59.5,4,19,15.9,1633.34,"1"
11.5,6.2,59.5,4,19,15.9,1633.34,"1"
11.5,6.2,59.5,4,19,15.9,1633.34,"1"
11.5,6.2,59.5,4,19,15.9,1633.34,"1"
11.5,6.2,59.5,4,19,15.9,1633.34,"1"
11.5,6.2,59.5,4,19,15.9,1633.34,"1"
11.5,6.2,59.5,4,19,15.9,1633.34,"1"
11.5,6.2,59.5,4,19,15.9,1633.34,"1"
11.5,6.2,59.5,4,19,15.9,1633.34,"1"
11.5,6.2,59.5,4,19,15.9,1633.34,"1"
11.5,6.2,59.5,4,19,15.9,1633.34,"1"
11.5,6.2,59.5,4,19,15.9,1633.34,"1"
11.5,6.2,59.5,4,19,15.9,1633.34,"1"
11.5,6.2,59.5,4,9,15.9,1132.34,"0"
11.5,6.2,59.5,4,9,15.9,1132.34,"0"
11.5,6.2,59.5,4,9,15.9,1132.34,"0"
11.5,6.2,59.5,4,9,15.9,1132.34,"0"
11.5,6.2,59.5,4,9,15.9,1132.34,"0"
11.5,6.2,59.5,4,9,15.9,1132.34,"0"
11.5,6.2,59.5,4,9,15.9,1132.34,"0"
11.5,6.2,59.5,4,9,15.9,1132.34,"0"
11.5,6.2,59.5,4,19,15.9,1633.34,"1"
11.5,6.2,59.5,4,19,15.9,1633.34,"1"
11.5,6.2,59.5,9,19,15.9,1736.84,"1"
11.5,6.2,59.5,9,19,15.9,1736.84,"1"
11.5,6.2,59.5,4,19,15.9,1633.34,"1"
11.5,6.2,59.5,4,19,15.9,1633.34,"1"
11.5,6.2,59.5,4,19,15.9,1633.34,"1"
11.5,6.2,59.5,4,9,15.9,1132.34,"0"
11.5,6.2,59.5,4,4,15.9,881.84,"0"
11.5,6.2,59.5,4,4,15.9,881.84,"0"
11.5,6.2,59.5,4,4,15.9,881.84,"0"
11.5,6.2,59.5,4,9,15.9,1132.34,"0"
11.5,6.2,59.5,4,4,15.9,881.84,"0"
11.5,6.2,59.5,9,24,15.9,1987.34,"1"
11.5,6.2,59.5,4,24,15.9,1883.84,"1"
11.5,6.2,59.5,4,24,15.9,1883.84,"1"
11.5,6.2,59.5,4,24,15.9,1883.84,"1"
11.5,6.2,59.5,9,14,15.9,1486.34,"1"
11.5,6.2,59.5,4,9,15.9,1132.34,"0"
11.5,6.2,59.5,4,9,15.9,1132.34,"0"
11.5,6.2,59.5,4,9,15.9,1132.34,"0"
11.5,6.2,59.5,4,9,15.9,1132.34,"0"
11.5,6.2,59.5,4,9,15.9,1132.34,"0"
11.5,6.2,59.5,4,9,15.9,1132.34,"0"
11.5,6.2,59.5,4,9,15.9,1132.34,"0"
11.5,6.2,59.5,4,9,15.9,1132.34,"0"
11.5,6.2,59.5,4,9,15.9,1132.34,"0"
11.5,6.2,59.5,4,9,15.9,1132.34,"0"
11.5,6.2,59.5,4,14,15.9,1382.84,"0"
11.5,6.2,59.5,4,14,15.9,1382.84,"0"
11.5,6.2,59.5,4,14,15.9,1382.84,"0"
11.5,6.2,59.5,4,14,15.9,1382.84,"0"
11.5,6.2,59.5,4,14,15.9,1382.84,"0"
11.5,6.2,59.5,4,14,15.9,1382.84,"0"
11.5,6.2,59.5,4,14,15.9,1382.84,"0"
11.5,6.2,59.5,4,14,15.9,1382.84,"0"
11.5,6.2,59.5,19,24,15.9,2194.34,"1"
11.5,6.2,59.5,24,24,15.9,2297.84,"1"
11.5,6.2,59.5,29,14,15.9,1900.34,"1"
11.5,6.2,59.5,9,14,4.5,1436.18,"0"
11.5,6.2,59.5,19,14,4.5,1643.18,"1"
11.5,6.2,59.5,4,19,4.5,1583.18,"1"
11.5,6.2,59.5,29,19,4.5,2100.68,"1"
11.5,6.2,59.5,24,19,4.5,1997.18,"1"
11.5,6.2,59.5,24,19,4.5,1997.18,"1"
11.5,6.2,59.5,4,19,4.5,1583.18,"1"
11.5,6.2,59.5,4,19,4.5,1583.18,"1"
11.5,6.2,59.5,9,4,4.5,935.18,"0"
11.5,6.2,59.5,9,4,4.5,935.18,"0"
11.5,6.2,59.5,4,19,4.5,1583.18,"1"
11.5,6.2,59.5,4,19,4.5,1583.18,"1"
11.5,6.2,59.5,9,4,15.9,985.34,"0"
11.5,6.2,59.5,9,4,15.9,985.34,"0"
11.5,6.2,59.5,9,4,15.9,985.34,"0"
11.5,6.2,59.5,9,4,15.9,985.34,"0"
11.5,6.2,59.5,24,4,15.9,1295.84,"0"
11.5,6.2,59.5,29,4,15.9,1399.34,"0"
11.5,6.2,59.5,24,4,15.9,1295.84,"0"
11.5,6.2,59.5,4,4,15.9,881.84,"0"
11.5,6.2,59.5,9,4,15.9,985.34,"0"
11.5,6.2,59.5,4,4,15.9,881.84,"0"
11.5,6.2,59.5,4,4,15.9,881.84,"0"
11.5,6.2,59.5,4,4,15.9,881.84,"0"
11.5,6.2,59.5,4,4,15.9,881.84,"0"
11.5,6.2,59.5,4,4,15.9,881.84,"0"
11.5,6.2,59.5,4,4,15.9,881.84,"0"
11.5,6.2,59.5,4,4,15.9,881.84,"0"
11.5,6.2,59.5,9,4,15.9,985.34,"0"
11.5,6.2,59.5,4,14,15.9,1382.84,"0"
11.5,6.2,59.5,4,14,15.9,1382.84,"0"
11.5,6.2,59.5,4,9,15.9,1132.34,"0"
11.5,6.2,59.5,4,9,15.9,1132.34,"0"
11.5,6.2,59.5,4,9,15.9,1132.34,"0"
11.5,6.2,59.5,4,19,15.9,1633.34,"1"
11.5,6.2,59.5,4,19,15.9,1633.34,"1"
11.5,6.2,59.5,4,19,15.9,1633.34,"1"
11.5,6.2,59.5,24,9,15.9,1546.34,"1"
11.5,6.2,59.5,4,29,15.9,2134.34,"1"
11.5,6.2,59.5,4,29,15.9,2134.34,"1"
11.5,6.2,59.5,4,24,15.9,1883.84,"1"
11.5,6.2,59.5,4,14,15.9,1382.84,"0"
11.5,6.2,59.5,4,4,15.9,847.08,"0"
11.5,6.2,59.5,4,14,15.9,1382.84,"0"
11.5,6.2,59.5,4,19,15.9,1633.34,"1"
11.5,6.2,59.5,4,14,15.9,1332.68,"0"
11.5,6.2,59.5,4,9,15.9,1148.12,"0"
11.5,6.2,59.5,4,29,15.9,2134.34,"1"
11.5,6.2,59.5,4,29,15.9,2134.34,"1"
11.5,6.2,59.5,4,29,15.9,2134.34,"1"
11.5,6.2,59.5,4,29,15.9,2134.34,"1"
11.5,6.2,59.5,4,29,15.9,2134.34,"1"
11.5,6.2,59.5,4,9,15.9,1148.12,"0"
11.5,6.2,59.5,4,29,15.9,2134.34,"1"
11.5,6.2,59.5,4,29,15.9,2134.34,"1"
11.5,6.2,59.5,4,29,15.9,2134.34,"1"
11.5,6.2,59.5,4,29,15.9,2134.34,"1"
11.5,6.2,59.5,4,29,15.9,2134.34,"1"
11.5,6.2,59.5,4,29,15.9,2134.34,"1"
11.5,6.2,59.5,4,29,15.9,2134.34,"1"
11.5,6.2,59.5,4,29,15.9,2134.34,"1"
11.5,6.2,59.5,4,29,15.9,2134.34,"1"
11.5,6.2,59.5,4,29,15.9,2134.34,"1"
11.5,6.2,59.5,4,24,15.9,1883.84,"1"
11.5,6.2,59.5,4,9,15.9,1148.12,"0"
11.5,6.2,59.5,4,9,15.9,1132.34,"0"
11.5,6.2,59.5,4,14,15.9,1370.52,"0"
11.5,6.2,59.5,4,24,15.9,1883.84,"1"
11.5,6.2,59.5,4,29,15.9,2134.34,"1"
11.5,6.2,59.5,4,29,15.9,2134.34,"1"
11.5,6.2,59.5,4,29,15.9,2134.34,"1"
11.5,6.2,59.5,4,29,15.9,2134.34,"1"
11.5,6.2,59.5,4,29,15.9,2134.34,"1"
11.5,6.2,59.5,4,29,15.9,2134.34,"1"
11.5,6.2,59.5,4,29,15.9,2134.34,"1"
11.5,6.2,59.5,4,29,15.9,2134.34,"1"
11.5,6.2,59.5,4,19,15.9,1621.02,"1"
11.5,6.2,59.5,4,24,15.9,1883.84,"1"
11.5,6.2,59.5,4,24,15.9,1883.84,"1"
11.5,6.2,59.5,4,19,15.9,1583.18,"1"
11.5,6.2,59.5,4,29,15.9,2134.34,"1"
11.5,6.2,59.5,4,19,15.9,1633.34,"1"
11.5,6.2,59.5,4,29,15.9,2134.34,"1"
11.5,6.2,59.5,4,29,15.9,2134.34,"1"
11.5,6.2,59.5,4,29,15.9,2134.34,"1"
11.5,6.2,59.5,4,29,15.9,2134.34,"1"
11.5,6.2,59.5,4,29,15.9,2134.34,"1"
11.5,6.2,59.5,4,29,15.9,2134.34,"1"
11.5,6.2,59.5,4,24,15.9,1883.84,"1"
11.5,6.2,59.5,4,24,15.9,1883.84,"1"
11.5,6.2,59.5,4,24,15.9,1883.84,"1"
11.5,6.2,59.5,4,24,15.9,1883.84,"1"
11.5,6.2,59.5,4,24,15.9,1883.84,"1"
11.5,6.2,59.5,4,24,15.9,1883.84,"1"
11.5,6.2,59.5,4,24,15.9,1883.84,"1"
11.5,6.2,59.5,4,24,15.9,1883.84,"1"
11.5,6.2,59.5,4,24,15.9,1883.84,"1"
11.5,6.2,59.5,4,24,15.9,1883.84,"1"
11.5,6.2,59.5,4,24,15.9,1883.84,"1"
11.5,6.2,59.5,4,24,15.9,1883.84,"1"
11.5,6.2,59.5,4,24,15.9,1883.84,"1"
11.5,6.2,59.5,4,14,15.9,1382.84,"0"
11.5,6.2,59.5,4,14,15.9,1382.84,"0"
11.5,6.2,59.5,4,14,15.9,1382.84,"0"
11.5,6.2,59.5,4,14,15.9,1382.84,"0"
11.5,6.2,59.5,4,14,15.9,1382.84,"0"
11.5,6.2,59.5,4,14,15.9,1382.84,"0"
11.5,6.2,59.5,4,14,15.9,1382.84,"0"
11.5,6.2,59.5,4,14,15.9,1382.84,"0"
11.5,6.2,59.5,14,24,15.9,2090.84,"1"
11.5,6.2,59.5,19,24,15.9,2194.34,"1"
11.5,6.2,59.5,14,24,15.9,2090.84,"1"
11.5,6.2,59.5,9,14,15.9,1486.34,"1"
11.5,6.2,59.5,4,24,15.9,1883.84,"1"
11.5,6.2,59.5,4,24,15.9,1883.84,"1"
11.5,6.2,59.5,4,24,15.9,1883.84,"1"
11.5,6.2,59.5,4,24,15.9,1883.84,"1"
11.5,6.2,59.5,4,24,15.9,1883.84,"1"
11.5,6.2,59.5,4,24,15.9,1883.84,"1"
11.5,6.2,59.5,4,24,15.9,1883.84,"1"
11.5,6.2,59.5,4,24,15.9,1883.84,"1"
11.5,6.2,59.5,4,24,15.9,1883.84,"1"
11.5,6.2,59.5,4,24,15.9,1883.84,"1"
11.5,6.2,59.5,4,24,15.9,1883.84,"1"
11.5,6.2,59.5,4,24,15.9,1883.84,"1"
11.5,6.2,59.5,4,24,15.9,1883.84,"1"
11.5,6.2,59.5,4,24,15.9,1883.84,"1"
11.5,6.2,59.5,4,24,15.9,1883.84,"1"
11.5,6.2,59.5,4,24,15.9,1883.84,"1"
11.5,6.2,59.5,4,9,15.9,1132.34,"0"
11.5,6.2,59.5,4,9,15.9,1132.34,"0"
11.5,6.2,59.5,4,9,15.9,1132.34,"0"
11.5,6.2,59.5,4,9,15.9,1132.34,"0"
11.5,6.2,59.5,4,9,15.9,1132.34,"0"
11.5,6.2,59.5,4,9,15.9,1132.34,"0"
11.5,6.2,59.5,4,9,15.9,1132.34,"0"
11.5,6.2,59.5,4,9,15.9,1132.34,"0"
11.5,6.2,59.5,4,9,15.9,1132.34,"0"
11.5,6.2,59.5,4,9,15.9,1132.34,"0"
11.5,6.2,59.5,4,9,15.9,1132.34,"0"
11.5,6.2,59.5,4,9,15.9,1132.34,"0"
11.5,6.2,59.5,4,9,15.9,1132.34,"0"
11.5,6.2,59.5,4,9,15.9,1132.34,"0"
11.5,6.2,59.5,4,24,15.9,1883.84,"1"
11.5,6.2,59.5,4,24,15.9,1883.84,"1"
11.5,6.2,59.5,4,24,15.9,1883.84,"1"
11.5,6.2,59.5,4,29,15.9,2134.34,"1"
11.5,6.2,59.5,4,29,15.9,2134.34,"1"
11.5,6.2,59.5,4,29,15.9,2134.34,"1"
11.5,6.2,59.5,4,29,15.9,2134.34,"1"
11.5,6.2,59.5,4,29,15.9,2134.34,"1"
11.5,6.2,59.5,4,29,15.9,2134.34,"1"
11.5,6.2,59.5,4,29,15.9,2134.34,"1"
11.5,6.2,59.5,4,29,15.9,2134.34,"1"
11.5,6.2,59.5,4,29,15.9,2134.34,"1"
11.5,6.2,59.5,4,29,15.9,2134.34,"1"
11.5,6.2,59.5,4,29,15.9,2134.34,"1"
11.5,6.2,59.5,4,29,15.9,2134.34,"1"
11.5,6.2,59.5,4,29,15.9,2134.34,"1"
11.5,6.2,59.5,4,29,15.9,2134.34,"1"
11.5,6.2,59.5,4,29,15.9,2134.34,"1"
11.5,6.2,59.5,4,29,15.9,2134.34,"1"
11.5,6.2,59.5,4,29,15.9,2134.34,"1"
11.5,6.2,59.5,4,29,15.9,2134.34,"1"
11.5,6.2,59.5,4,29,15.9,2134.34,"1"
11.5,6.2,59.5,4,29,15.9,2134.34,"1"
11.5,6.2,59.5,4,29,15.9,2134.34,"1"
11.5,6.2,59.5,4,29,15.9,2134.34,"1"
11.5,6.2,59.5,4,29,15.9,2134.34,"1"
11.5,6.2,59.5,4,29,15.9,2134.34,"1"
11.5,6.2,59.5,4,29,15.9,2134.34,"1"
11.5,6.2,59.5,4,29,15.9,2134.34,"1"
11.5,6.2,59.5,4,29,15.9,2134.34,"1"
11.5,6.2,59.5,4,24,15.9,1883.84,"1"
11.5,6.2,59.5,4,24,15.9,1883.84,"1"
11.5,6.2,59.5,4,24,15.9,1883.84,"1"
11.5,6.2,59.5,4,24,15.9,1883.84,"1"
11.5,6.2,59.5,4,24,15.9,1883.84,"1"
11.5,6.2,59.5,4,24,15.9,1883.84,"1"
11.5,6.2,59.5,4,24,15.9,1883.84,"1"
11.5,6.2,59.5,4,29,15.9,2134.34,"1"
11.5,6.2,59.5,4,29,15.9,2134.34,"1"
11.5,6.2,59.5,4,29,15.9,2134.34,"1"
11.5,6.2,59.5,4,29,15.9,2134.34,"1"
11.5,6.2,59.5,4,29,15.9,2134.34,"1"
11.5,6.2,59.5,4,29,15.9,2134.34,"1"
11.5,6.2,59.5,4,29,15.9,2134.34,"1"
11.5,6.2,59.5,4,29,15.9,2134.34,"1"
11.5,6.2,59.5,4,29,15.9,2134.34,"1"
11.5,6.2,59.5,4,29,15.9,2134.34,"1"
11.5,6.2,59.5,4,29,15.9,2134.34,"1"
11.5,6.2,59.5,4,29,15.9,2134.34,"1"
11.5,6.2,59.5,4,29,15.9,2134.34,"1"
11.5,6.2,59.5,4,29,15.9,2134.34,"1"
11.5,6.2,59.5,4,29,15.9,2134.34,"1"
11.5,6.2,59.5,4,29,15.9,2134.34,"1"
11.5,6.2,59.5,4,24,15.9,1883.84,"1"
11.5,6.2,59.5,4,24,15.9,1883.84,"1"
11.5,6.2,59.5,4,24,15.9,1883.84,"1"
11.5,6.2,59.5,4,24,15.9,1883.84,"1"
11.5,6.2,59.5,4,24,15.9,1883.84,"1"
11.5,6.2,59.5,4,24,15.9,1883.84,"1"
11.5,6.2,59.5,4,24,15.9,1883.84,"1"
11.5,6.2,59.5,4,24,15.9,1883.84,"1"
11.5,6.2,59.5,4,24,15.9,1883.84,"1"
11.5,6.2,59.5,4,24,15.9,1883.84,"1"
11.5,6.2,59.5,4,24,15.9,1883.84,"1"
11.5,6.2,59.5,4,24,15.9,1883.84,"1"
11.5,6.2,59.5,4,24,15.9,1883.84,"1"
11.5,6.2,59.5,4,24,15.9,1883.84,"1"
11.5,6.2,59.5,4,24,15.9,1883.84,"1"
11.5,6.2,59.5,4,24,15.9,1883.84,"1"
11.5,6.2,59.5,4,24,15.9,1883.84,"1"
11.5,6.2,59.5,4,24,15.9,1883.84,"1"
11.5,6.2,59.5,4,24,15.9,1883.84,"1"
11.5,6.2,59.5,4,24,15.9,1883.84,"1"
11.5,6.2,59.5,4,24,15.9,1883.84,"1"
11.5,6.2,59.5,4,24,15.9,1883.84,"1"
11.5,6.2,59.5,4,24,15.9,1883.84,"1"
11.5,6.2,59.5,4,29,15.9,2134.34,"1"
11.5,6.2,59.5,4,14,4.5,1332.68,"0"
11.5,6.2,59.5,9,14,15.9,1486.34,"1"
11.5,6.2,59.5,9,14,15.9,1486.34,"1"
11.5,6.2,59.5,9,14,15.9,1486.34,"1"
11.5,6.2,59.5,9,14,15.9,1486.34,"1"
11.5,6.2,59.5,9,14,15.9,1486.34,"1"
11.5,6.2,59.5,9,4,15.9,985.34,"0"
11.5,6.2,59.5,9,4,15.9,985.34,"0"
11.5,6.2,59.5,14,4,15.9,1088.84,"0"
11.5,6.2,59.5,14,4,15.9,1088.84,"0"
11.5,6.2,59.5,9,4,15.9,985.34,"0"
11.5,6.2,59.5,9,4,15.9,985.34,"0"
11.5,6.2,59.5,9,4,15.9,985.34,"0"
11.5,6.2,59.5,4,4,15.9,881.84,"0"
11.5,6.2,59.5,4,4,15.9,881.84,"0"
11.5,6.2,59.5,4,4,15.9,881.84,"0"
11.5,6.2,59.5,9,4,15.9,985.34,"0"
11.5,6.2,59.5,4,4,15.9,881.84,"0"
11.5,6.2,59.5,4,4,15.9,881.84,"0"
11.5,6.2,59.5,9,4,15.9,985.34,"0"
11.5,6.2,59.5,4,4,15.9,881.84,"0"
11.5,6.2,59.5,4,14,15.9,1382.84,"0"
11.5,6.2,59.5,9,14,15.9,1486.34,"1"
11.5,6.2,59.5,4,14,15.9,1382.84,"0"
11.5,6.2,59.5,4,14,15.9,1382.84,"0"
11.5,6.2,59.5,9,14,15.9,1486.34,"1"
11.5,6.2,59.5,9,14,15.9,1486.34,"1"
11.5,6.2,59.5,9,14,15.9,1486.34,"1"
11.5,6.2,59.5,4,14,15.9,1382.84,"0"
11.5,6.2,59.5,4,14,15.9,1382.84,"0"
11.5,6.2,59.5,4,14,4.5,1332.68,"0"
11.5,6.2,59.5,4,14,4.5,1332.68,"0"
11.5,6.2,59.5,4,14,4.5,1332.68,"0"
11.5,6.2,59.5,4,14,4.5,1332.68,"0"
11.5,6.2,59.5,4,14,4.5,1332.68,"0"
11.5,6.2,59.5,4,14,4.5,1332.68,"0"
11.5,6.2,59.5,4,14,4.5,1332.68,"0"
11.5,6.2,59.5,4,14,4.5,1332.68,"0"
11.5,6.2,59.5,4,14,4.5,1332.68,"0"
11.5,6.2,59.5,4,14,4.5,1332.68,"0"
11.5,6.2,59.5,9,14,4.5,1436.18,"0"
11.5,6.2,59.5,4,14,4.5,1332.68,"0"
11.5,6.2,59.5,4,14,4.5,1332.68,"0"
11.5,6.2,59.5,4,14,4.5,1332.68,"0"
11.5,6.2,59.5,4,14,4.5,1332.68,"0"
11.5,6.2,59.5,4,14,4.5,1332.68,"0"
11.5,6.2,59.5,4,14,4.5,1332.68,"0"
11.5,6.2,59.5,4,14,4.5,1332.68,"0"
11.5,6.2,59.5,4,14,4.5,1332.68,"0"
11.5,6.2,59.5,4,29,15.9,2134.34,"1"
11.5,6.2,59.5,4,29,15.9,2134.34,"1"
11.5,6.2,59.5,4,29,15.9,2134.34,"1"
11.5,6.2,59.5,4,29,15.9,2134.34,"1"
11.5,6.2,59.5,4,29,15.9,2134.34,"1"
11.5,6.2,59.5,4,29,15.9,2134.34,"1"
11.5,6.2,59.5,4,29,15.9,2134.34,"1"
11.5,6.2,59.5,4,29,15.9,2134.34,"1"
11.5,6.2,59.5,4,29,15.9,2134.34,"1"
11.5,6.2,59.5,4,29,15.9,2134.34,"1"
11.5,6.2,59.5,4,29,15.9,2134.34,"1"
11.5,6.2,59.5,4,29,15.9,2134.34,"1"
11.5,6.2,59.5,4,29,15.9,2134.34,"1"
11.5,6.2,59.5,4,29,15.9,2134.34,"1"
11.5,6.2,59.5,4,29,15.9,2134.34,"1"
11.5,6.2,59.5,4,29,15.9,2134.34,"1"
11.5,6.2,59.5,4,29,15.9,2134.34,"1"
11.5,6.2,59.5,4,29,15.9,2134.34,"1"
11.5,6.2,59.5,4,29,15.9,2134.34,"1"
11.5,6.2,59.5,4,29,15.9,2134.34,"1"
11.5,6.2,59.5,4,29,15.9,2134.34,"1"
11.5,6.2,59.5,4,29,15.9,2134.34,"1"
11.5,6.2,59.5,4,29,15.9,2134.34,"1"
11.5,6.2,59.5,4,29,15.9,2134.34,"1"
11.5,6.2,59.5,4,29,15.9,2134.34,"1"
11.5,6.2,59.5,4,29,15.9,2134.34,"1"
11.5,6.2,59.5,4,29,15.9,2134.34,"1"
11.5,6.2,59.5,4,29,15.9,2134.34,"1"
11.5,6.2,59.5,4,29,15.9,2134.34,"1"
11.5,6.2,59.5,4,29,15.9,2134.34,"1"
11.5,6.2,59.5,4,29,15.9,2134.34,"1"
11.5,6.2,59.5,4,29,15.9,2134.34,"1"
11.5,6.2,59.5,4,29,15.9,2134.34,"1"
11.5,6.2,59.5,4,29,15.9,2134.34,"1"
11.5,6.2,59.5,4,29,15.9,2134.34,"1"
11.5,6.2,59.5,4,29,15.9,2134.34,"1"
11.5,6.2,59.5,4,29,15.9,2134.34,"1"
11.5,6.2,59.5,4,29,15.9,2134.34,"1"
11.5,6.2,59.5,4,29,15.9,2134.34,"1"
11.5,6.2,59.5,4,29,15.9,2134.34,"1"
11.5,6.2,59.5,19,4,15.9,1192.34,"0"
11.5,6.2,59.5,14,24,4.5,2040.68,"1"
11.5,6.2,59.5,19,24,4.5,2144.18,"1"
11.5,6.2,59.5,29,24,4.5,2351.18,"1"
11.5,6.2,59.5,29,24,4.5,2351.18,"1"
11.5,6.2,59.5,29,24,4.5,2351.18,"1"
11.5,6.2,59.5,29,24,4.5,2351.18,"1"
11.5,6.2,59.5,29,24,4.5,2351.18,"1"
11.5,6.2,59.5,29,24,4.5,2351.18,"1"
11.5,6.2,59.5,29,24,4.5,2351.18,"1"
11.5,6.2,59.5,29,24,4.5,2351.18,"1"
11.5,6.2,59.5,29,24,4.5,2351.18,"1"
11.5,6.2,59.5,29,24,4.5,2351.18,"1"
11.5,6.2,59.5,29,24,4.5,2351.18,"1"
11.5,6.2,59.5,29,24,4.5,2351.18,"1"
11.5,6.2,59.5,29,24,4.5,2351.18,"1"
11.5,6.2,59.5,29,24,4.5,2351.18,"1"
11.5,6.2,59.5,29,24,4.5,2351.18,"1"
11.5,6.2,59.5,29,24,4.5,2351.18,"1"
11.5,6.2,59.5,29,24,4.5,2351.18,"1"
11.5,6.2,59.5,29,24,4.5,2351.18,"1"
11.5,6.2,59.5,14,14,15.9,1589.84,"1"
11.5,6.2,59.5,14,14,15.9,1589.84,"1"
11.5,6.2,59.5,14,14,15.9,1589.84,"1"
11.5,6.2,59.5,14,14,15.9,1589.84,"1"
11.5,6.2,59.5,4,19,15.9,1633.34,"1"
11.5,6.2,59.5,4,19,15.9,1633.34,"1"
11.5,6.2,59.5,4,19,15.9,1633.34,"1"
11.5,6.2,59.5,4,19,15.9,1633.34,"1"
11.5,6.2,59.5,19,4,4.5,1142.18,"0"
11.5,6.2,59.5,19,4,4.5,1142.18,"0"
11.5,6.2,59.5,4,19,15.9,1633.34,"1"
11.5,6.2,59.5,4,19,15.9,1633.34,"1"
11.5,6.2,59.5,4,19,15.9,1633.34,"1"
11.5,6.2,59.5,4,19,15.9,1633.34,"1"
11.5,6.2,59.5,4,19,15.9,1633.34,"1"
11.5,6.2,59.5,4,19,15.9,1633.34,"1"
11.5,6.2,59.5,4,19,15.9,1633.34,"1"
11.5,6.2,59.5,29,14,15.9,1900.34,"1"
11.5,6.2,59.5,29,14,15.9,1900.34,"1"
11.5,6.2,59.5,29,14,15.9,1900.34,"1"
11.5,6.2,59.5,29,14,15.9,1900.34,"1"
11.5,6.2,59.5,4,19,4.5,1583.18,"1"
11.5,6.2,59.5,4,19,15.9,1633.34,"1"
11.5,6.2,59.5,4,19,4.5,1583.18,"1"
11.5,6.2,59.5,4,19,4.5,1583.18,"1"
11.5,6.2,59.5,4,19,4.5,1583.18,"1"
11.5,6.2,59.5,4,19,4.5,1583.18,"1"
11.5,6.2,59.5,4,19,4.5,1583.18,"1"
11.5,6.2,59.5,4,19,15.9,1633.34,"1"
11.5,6.2,59.5,4,19,15.9,1633.34,"1"
11.5,6.2,59.5,4,19,15.9,1633.34,"1"
11.5,6.2,59.5,14,9,4.5,1289.18,"0"
11.5,6.2,59.5,24,9,4.5,1496.18,"1"
11.5,6.2,59.5,14,9,4.5,1289.18,"0"
11.5,6.2,59.5,14,9,4.5,1289.18,"0"
11.5,6.2,59.5,9,9,15.9,1235.84,"0"
11.5,6.2,59.5,14,9,15.9,1339.34,"0"
11.5,6.2,59.5,9,9,15.9,1235.84,"0"
11.5,6.2,59.5,14,9,15.9,1339.34,"0"
11.5,6.2,59.5,19,9,15.9,1442.84,"0"
11.5,6.2,59.5,19,9,15.9,1442.84,"0"
11.5,6.2,59.5,14,9,15.9,1339.34,"0"
11.5,6.2,59.5,9,9,15.9,1235.84,"0"
11.5,6.2,59.5,9,9,15.9,1235.84,"0"
11.5,6.2,59.5,9,9,15.9,1235.84,"0"
11.5,6.2,59.5,9,9,15.9,1235.84,"0"
11.5,6.2,59.5,4,9,15.9,1132.34,"0"
11.5,6.2,59.5,9,9,15.9,1235.84,"0"
11.5,6.2,59.5,9,19,15.9,1736.84,"1"
11.5,6.2,59.5,9,19,15.9,1736.84,"1"
11.5,6.2,59.5,9,19,15.9,1736.84,"1"
11.5,6.2,59.5,9,19,15.9,1736.84,"1"
11.5,6.2,59.5,9,19,15.9,1736.84,"1"
11.5,6.2,59.5,9,19,15.9,1736.84,"1"
11.5,6.2,59.5,9,9,15.9,1235.84,"0"
11.5,6.2,59.5,9,9,15.9,1235.84,"0"
11.5,6.2,59.5,9,9,15.9,1235.84,"0"
11.5,6.2,59.5,9,9,15.9,1235.84,"0"
11.5,6.2,59.5,9,9,15.9,1235.84,"0"
11.5,6.2,59.5,4,9,15.9,1132.34,"0"
11.5,6.2,59.5,4,9,15.9,1132.34,"0"
11.5,6.2,59.5,4,9,15.9,1132.34,"0"
11.5,6.2,59.5,4,9,15.9,1132.34,"0"
11.5,6.2,59.5,4,9,15.9,1132.34,"0"
11.5,6.2,59.5,9,9,15.9,1235.84,"0"
11.5,6.2,59.5,4,9,15.9,1132.34,"0"
11.5,6.2,59.5,4,9,15.9,1132.34,"0"
11.5,6.2,59.5,9,9,15.9,1235.84,"0"
11.5,6.2,59.5,9,9,15.9,1235.84,"0"
11.5,6.2,59.5,9,9,15.9,1235.84,"0"
11.5,6.2,59.5,9,9,15.9,1235.84,"0"
11.5,6.2,59.5,14,9,15.9,1339.34,"0"
11.5,6.2,59.5,14,9,15.9,1339.34,"0"
11.5,6.2,59.5,14,9,15.9,1339.34,"0"
11.5,6.2,59.5,14,9,15.9,1339.34,"0"
11.5,6.2,59.5,9,9,15.9,1235.84,"0"
11.5,6.2,59.5,9,9,15.9,1235.84,"0"
11.5,6.2,59.5,9,9,15.9,1235.84,"0"
11.5,6.2,59.5,9,9,15.9,1235.84,"0"
11.5,6.2,59.5,9,9,15.9,1235.84,"0"
11.5,6.2,59.5,14,9,15.9,1339.34,"0"
11.5,6.2,59.5,14,9,15.9,1339.34,"0"
11.5,6.2,59.5,14,9,15.9,1339.34,"0"
11.5,6.2,59.5,14,9,15.9,1339.34,"0"
11.5,6.2,59.5,14,9,15.9,1339.34,"0"
11.5,6.2,59.5,14,9,15.9,1339.34,"0"
11.5,6.2,59.5,9,9,15.9,1235.84,"0"
11.5,6.2,59.5,9,9,15.9,1235.84,"0"
11.5,6.2,59.5,9,9,15.9,1235.84,"0"
11.5,6.2,59.5,9,9,15.9,1235.84,"0"
11.5,6.2,59.5,14,9,15.9,1339.34,"0"
11.5,6.2,59.5,14,9,15.9,1339.34,"0"
11.5,6.2,59.5,14,9,15.9,1339.34,"0"
11.5,6.2,59.5,9,9,15.9,1235.84,"0"
11.5,6.2,59.5,9,9,15.9,1235.84,"0"
11.5,6.2,59.5,14,9,15.9,1339.34,"0"
11.5,6.2,59.5,14,9,15.9,1339.34,"0"
11.5,6.2,59.5,9,9,15.9,1235.84,"0"
11.5,6.2,59.5,9,9,15.9,1235.84,"0"
11.5,6.2,59.5,9,9,15.9,1235.84,"0"
11.5,6.2,59.5,9,9,15.9,1235.84,"0"
11.5,6.2,59.5,9,9,15.9,1235.84,"0"
11.5,6.2,59.5,4,9,15.9,1132.34,"0"
11.5,6.2,59.5,4,9,15.9,1132.34,"0"
11.5,6.2,59.5,4,9,15.9,1132.34,"0"
11.5,6.2,59.5,4,9,15.9,1132.34,"0"
11.5,6.2,59.5,4,9,15.9,1132.34,"0"
11.5,6.2,59.5,4,9,15.9,1132.34,"0"
11.5,6.2,59.5,9,9,15.9,1235.84,"0"
11.5,6.2,59.5,9,9,15.9,1235.84,"0"
11.5,6.2,59.5,9,9,15.9,1235.84,"0"
11.5,6.2,59.5,9,9,15.9,1235.84,"0"
11.5,6.2,59.5,9,9,15.9,1235.84,"0"
11.5,6.2,59.5,9,9,15.9,1235.84,"0"
11.5,6.2,59.5,9,9,15.9,1235.84,"0"
11.5,6.2,59.5,9,9,15.9,1235.84,"0"
11.5,6.2,59.5,9,9,15.9,1235.84,"0"
11.5,6.2,59.5,9,9,15.9,1235.84,"0"
11.5,6.2,59.5,9,9,15.9,1235.84,"0"
11.5,6.2,59.5,9,19,15.9,1736.84,"1"
11.5,6.2,59.5,4,19,15.9,1633.34,"1"
11.5,6.2,59.5,4,19,15.9,1633.34,"1"
11.5,6.2,59.5,14,19,15.9,1840.34,"1"
11.5,6.2,59.5,14,19,15.9,1840.34,"1"
11.5,6.2,59.5,24,19,15.9,2047.34,"1"
11.5,6.2,59.5,14,19,15.9,1840.34,"1"
11.5,6.2,59.5,9,19,15.9,1736.84,"1"
11.5,6.2,59.5,9,19,15.9,1736.84,"1"
11.5,6.2,59.5,9,19,15.9,1736.84,"1"
11.5,6.2,59.5,9,19,15.9,1736.84,"1"
11.5,6.2,59.5,9,19,15.9,1736.84,"1"
11.5,6.2,59.5,9,19,15.9,1736.84,"1"
11.5,6.2,59.5,4,19,15.9,1633.34,"1"
11.5,6.2,59.5,4,19,15.9,1633.34,"1"
11.5,6.2,59.5,4,19,15.9,1633.34,"1"
11.5,6.2,59.5,9,19,15.9,1736.84,"1"
11.5,6.2,59.5,9,19,15.9,1736.84,"1"
11.5,6.2,59.5,9,19,15.9,1736.84,"1"
11.5,6.2,59.5,9,19,15.9,1736.84,"1"
11.5,6.2,59.5,9,19,15.9,1736.84,"1"
11.5,6.2,59.5,9,19,15.9,1736.84,"1"
11.5,6.2,59.5,9,19,15.9,1736.84,"1"
11.5,6.2,59.5,9,19,15.9,1736.84,"1"
11.5,6.2,59.5,9,4,15.9,985.34,"0"
11.5,6.2,59.5,19,19,15.9,1943.84,"1"
11.5,6.2,59.5,19,19,15.9,1943.84,"1"
11.5,6.2,59.5,19,4,15.9,1192.34,"0"
11.5,6.2,59.5,19,4,15.9,1192.34,"0"
11.5,6.2,59.5,14,4,15.9,1088.84,"0"
11.5,6.2,59.5,14,4,15.9,1088.84,"0"
11.5,6.2,59.5,9,4,15.9,985.34,"0"
11.5,6.2,59.5,9,9,4.5,1185.68,"0"
11.5,6.2,59.5,9,9,4.5,1185.68,"0"
11.5,6.2,59.5,9,9,4.5,1185.68,"0"
11.5,6.2,59.5,9,9,4.5,1185.68,"0"
11.5,6.2,59.5,9,9,4.5,1185.68,"0"
11.5,6.2,59.5,14,9,15.9,1339.34,"0"
11.5,6.2,59.5,14,9,15.9,1339.34,"0"
11.5,6.2,59.5,14,9,15.9,1339.34,"0"
11.5,6.2,59.5,19,9,15.9,1442.84,"0"
11.5,6.2,59.5,19,9,15.9,1442.84,"0"
11.5,6.2,59.5,24,9,15.9,1546.34,"1"
11.5,6.2,59.5,14,9,15.9,1339.34,"0"
11.5,6.2,59.5,14,9,15.9,1339.34,"0"
11.5,6.2,59.5,9,9,4.5,1185.68,"0"
11.5,6.2,59.5,9,9,4.5,1185.68,"0"
11.5,6.2,59.5,14,9,15.9,1339.34,"0"
11.5,6.2,59.5,14,9,15.9,1339.34,"0"
11.5,6.2,59.5,14,9,15.9,1339.34,"0"
11.5,6.2,59.5,14,9,15.9,1339.34,"0"
11.5,6.2,59.5,14,9,15.9,1339.34,"0"
11.5,6.2,59.5,14,9,15.9,1339.34,"0"
11.5,6.2,59.5,19,9,15.9,1442.84,"0"
11.5,6.2,59.5,24,4,4.5,1245.68,"0"
11.5,6.2,59.5,24,4,4.5,1245.68,"0"
11.5,6.2,59.5,24,4,4.5,1245.68,"0"
11.5,6.2,59.5,24,4,4.5,1245.68,"0"
11.5,6.2,59.5,9,4,15.9,985.34,"0"
11.5,6.2,59.5,24,4,15.9,1295.84,"0"
11.5,6.2,59.5,19,4,15.9,1192.34,"0"
11.5,6.2,59.5,19,4,15.9,1192.34,"0"
11.5,6.2,59.5,24,4,15.9,1295.84,"0"
11.5,6.2,59.5,19,4,15.9,1192.34,"0"
11.5,6.2,59.5,19,4,15.9,1192.34,"0"
11.5,6.2,59.5,9,4,15.9,985.34,"0"
11.5,6.2,59.5,4,19,15.9,1633.34,"1"
11.5,6.2,59.5,4,19,15.9,1633.34,"1"
11.5,6.2,59.5,9,4,15.9,985.34,"0"
11.5,6.2,59.5,14,4,15.9,1088.84,"0"
11.5,6.2,59.5,4,14,15.9,1382.84,"0"
11.5,6.2,59.5,4,14,15.9,1382.84,"0"
11.5,6.2,59.5,4,14,15.9,1382.84,"0"
11.5,6.2,59.5,4,14,15.9,1382.84,"0"
11.5,6.2,59.5,4,9,15.9,1132.34,"0"
11.5,6.2,59.5,9,9,15.9,1235.84,"0"
11.5,6.2,59.5,9,9,15.9,1235.84,"0"
11.5,6.2,59.5,4,9,15.9,1132.34,"0"
11.5,6.2,59.5,14,19,15.9,1840.34,"1"
11.5,6.2,59.5,14,19,4.5,1790.18,"1"
11.5,6.2,59.5,19,19,4.5,1893.68,"1"
11.5,6.2,59.5,19,19,4.5,1893.68,"1"
11.5,6.2,59.5,24,19,4.5,1997.18,"1"
11.5,6.2,59.5,14,19,4.5,1790.18,"1"
11.5,6.2,59.5,14,19,15.9,1840.34,"1"
11.5,6.2,59.5,19,19,15.9,1943.84,"1"
11.5,6.2,59.5,14,19,15.9,1840.34,"1"
11.5,6.2,59.5,14,19,15.9,1840.34,"1"
11.5,6.2,59.5,24,19,15.9,2047.34,"1"
11.5,6.2,59.5,19,19,15.9,1943.84,"1"
11.5,6.2,59.5,29,14,4.5,1850.18,"1"
11.5,6.2,59.5,29,14,4.5,1850.18,"1"
11.5,6.2,59.5,29,14,4.5,1850.18,"1"
11.5,6.2,59.5,29,14,4.5,1850.18,"1"
11.5,6.2,59.5,29,4,4.5,1349.18,"0"
11.5,6.2,59.5,29,14,4.5,1850.18,"1"
11.5,6.2,59.5,29,14,4.5,1850.18,"1"
11.5,6.2,59.5,4,24,15.9,1883.84,"1"
11.5,6.2,59.5,4,24,15.9,1883.84,"1"
11.5,6.2,59.5,4,24,15.9,1883.84,"1"
11.5,6.2,59.5,4,24,15.9,1883.84,"1"
11.5,6.2,59.5,4,24,15.9,1883.84,"1"
11.5,6.2,59.5,4,24,15.9,1883.84,"1"
11.5,6.2,59.5,4,24,15.9,1883.84,"1"
11.5,6.2,59.5,4,24,15.9,1883.84,"1"
11.5,6.2,59.5,4,24,15.9,1883.84,"1"
11.5,6.2,59.5,29,14,15.9,1767.82,"1"
11.5,6.2,59.5,24,4,15.9,1241.72,"0"
11.5,6.2,59.5,24,4,15.9,1276.92,"0"
11.5,6.2,59.5,9,4,2.8,927.7,"0"
11.5,6.2,59.5,4,4,2.8,824.2,"0"
11.5,6.2,59.5,9,4,2.8,927.7,"0"
11.5,6.2,59.5,9,4,2.8,927.7,"0"
11.5,6.2,59.5,9,4,2.8,927.7,"0"
11.5,6.2,59.5,4,4,2.8,824.2,"0"
11.5,6.2,59.5,9,4,2.8,927.7,"0"
11.5,6.2,59.5,4,4,8,847.08,"0"
11.5,6.2,59.5,4,4,8,847.08,"0"
11.5,6.2,59.5,9,9,2.8,1178.2,"0"
11.5,6.2,59.5,9,9,2.8,1178.2,"0"
11.5,6.2,59.5,4,4,2.8,824.2,"0"
11.5,6.2,59.5,4,4,2.8,824.2,"0"
11.5,6.2,59.5,4,4,2.8,824.2,"0"
11.5,6.2,59.5,4,4,2.8,824.2,"0"
11.5,6.2,59.5,4,4,2.8,824.2,"0"
11.5,6.2,59.5,9,4,2.8,927.7,"0"
11.5,6.2,59.5,14,4,2.8,1031.2,"0"
11.5,6.2,59.5,19,4,2.8,1134.7,"0"
11.5,6.2,59.5,14,4,2.8,1031.2,"0"
11.5,6.2,59.5,9,4,2.8,927.7,"0"
11.5,6.2,59.5,4,4,2.8,824.2,"0"
11.5,6.2,59.5,9,4,2.8,927.7,"0"
11.5,6.2,59.5,9,4,2.8,927.7,"0"
11.5,6.2,59.5,9,4,2.8,927.7,"0"
11.5,6.2,59.5,4,4,2.8,824.2,"0"
11.5,6.2,59.5,14,4,2.8,1031.2,"0"
11.5,6.2,59.5,9,4,2.8,927.7,"0"
11.5,6.2,59.5,9,4,2.8,927.7,"0"
11.5,6.2,59.5,9,4,2.8,927.7,"0"
11.5,6.2,59.5,9,4,2.8,927.7,"0"
11.5,6.2,59.5,4,24,8,1883.84,"1"
11.5,6.2,59.5,19,4,8,1157.58,"0"
11.5,6.2,59.5,14,4,8,1054.08,"0"
11.5,6.2,59.5,9,4,8,950.58,"0"
11.5,6.2,59.5,9,4,8,950.58,"0"
11.5,6.2,59.5,4,4,8,847.08,"0"
11.5,6.2,59.5,4,4,8,847.08,"0"
11.5,6.2,59.5,4,4,8,847.08,"0"
11.5,6.2,59.5,4,4,8,847.08,"0"
11.5,6.2,59.5,4,4,8,847.08,"0"
11.5,6.2,59.5,4,4,8,847.08,"0"
11.5,6.2,59.5,4,4,8,847.08,"0"
11.5,6.2,59.5,4,14,8,1332.68,"0"
11.5,6.2,59.5,4,14,8,1332.68,"0"
11.5,6.2,59.5,4,9,8,1113.42,"0"
11.5,6.2,59.5,4,14,8,1382.84,"0"
11.5,6.2,59.5,4,9,8,1132.34,"0"
11.5,6.2,59.5,9,14,8,1451.58,"0"
11.5,6.2,59.5,9,14,8,1451.58,"0"
11.5,6.2,59.5,4,14,8,1348.08,"0"
11.5,6.2,59.5,9,14,8,1451.58,"0"
11.5,6.2,59.5,9,14,8,1451.58,"0"
11.5,6.2,59.5,4,14,8,1348.08,"0"
11.5,6.2,59.5,4,14,8,1348.08,"0"
11.5,6.2,59.5,9,14,8,1451.58,"0"
11.5,6.2,59.5,4,4,2.8,824.2,"0"
11.5,6.2,59.5,9,4,2.8,927.7,"0"
11.5,6.2,59.5,9,4,2.8,927.7,"0"
11.5,6.2,59.5,9,4,8,950.58,"0"
11.5,6.2,59.5,9,4,8,950.58,"0"
11.5,6.2,59.5,9,4,8,950.58,"0"
11.5,6.2,59.5,14,4,8,1054.08,"0"
11.5,6.2,59.5,4,4,8,847.08,"0"
11.5,6.2,59.5,4,4,8,847.08,"0"
11.5,6.2,59.5,4,4,8,847.08,"0"
11.5,6.2,59.5,9,4,8,950.58,"0"
11.5,6.2,59.5,9,4,8,950.58,"0"
11.5,6.2,59.5,14,4,8,1054.08,"0"
11.5,6.2,59.5,9,4,8,950.58,"0"
11.5,6.2,59.5,9,4,8,950.58,"0"
11.5,6.2,59.5,9,19,8,1702.08,"1"
11.5,6.2,59.5,14,19,8,1805.58,"1"
11.5,6.2,59.5,9,4,8,950.58,"0"
11.5,6.2,59.5,9,4,8,950.58,"0"
11.5,6.2,59.5,14,4,8,1054.08,"0"
11.5,6.2,59.5,14,24,8,2056.08,"1"
11.5,6.2,59.5,9,19,8,1702.08,"1"
11.5,6.2,59.5,9,24,8,1952.58,"1"
11.5,6.2,59.5,9,24,8,1952.58,"1"
11.5,6.2,59.5,9,24,8,1952.58,"1"
11.5,6.2,59.5,9,24,8,1952.58,"1"
11.5,6.2,59.5,14,24,8,2056.08,"1"
11.5,6.2,59.5,4,19,8,1621.02,"1"
11.5,6.2,59.5,4,4,8,847.08,"0"
11.5,6.2,59.5,4,4,8,847.08,"0"
11.5,6.2,59.5,9,4,8,950.58,"0"
11.5,6.2,59.5,4,4,8,847.08,"0"
11.5,6.2,59.5,9,4,8,950.58,"0"
11.5,6.2,59.5,4,4,8,847.08,"0"
11.5,6.2,59.5,4,4,8,847.08,"0"
11.5,6.2,59.5,4,4,8,847.08,"0"
11.5,6.2,59.5,4,4,8,847.08,"0"
11.5,6.2,59.5,9,4,8,950.58,"0"
11.5,6.2,59.5,14,4,8,1054.08,"0"
11.5,6.2,59.5,19,4,8,1157.58,"0"
11.5,6.2,59.5,9,4,8,950.58,"0"
11.5,6.2,59.5,4,4,8,847.08,"0"
11.5,6.2,59.5,4,4,8,847.08,"0"
11.5,6.2,59.5,4,4,8,847.08,"0"
11.5,6.2,59.5,4,4,8,881.84,"0"
11.5,6.2,59.5,14,4,8,1054.08,"0"
11.5,6.2,59.5,14,4,8,1054.08,"0"
11.5,6.2,59.5,9,4,8,950.58,"0"
11.5,6.2,59.5,9,4,8,950.58,"0"
11.5,6.2,59.5,14,4,8,1054.08,"0"
11.5,6.2,59.5,19,4,8,1157.58,"0"
11.5,6.2,59.5,19,4,8,1157.58,"0"
11.5,6.2,59.5,19,4,8,1157.58,"0"
11.5,6.2,59.5,4,4,8,847.08,"0"
11.5,6.2,59.5,14,4,8,1054.08,"0"
11.5,6.2,59.5,9,4,8,950.58,"0"
11.5,6.2,59.5,14,4,8,1054.08,"0"
11.5,6.2,59.5,9,4,8,950.58,"0"
11.5,6.2,59.5,9,4,8,950.58,"0"
11.5,6.2,59.5,14,4,8,1054.08,"0"
11.5,6.2,59.5,19,4,8,1157.58,"0"
11.5,6.2,59.5,24,4,8,1261.08,"0"
11.5,6.2,59.5,19,4,8,1157.58,"0"
11.5,6.2,59.5,19,4,8,1157.58,"0"
11.5,6.2,59.5,24,4,8,1261.08,"0"
11.5,6.2,59.5,24,4,8,1261.08,"0"
11.5,6.2,59.5,24,4,8,1261.08,"0"
11.5,6.2,59.5,4,4,8,847.08,"0"
11.5,6.2,59.5,4,4,8,847.08,"0"
11.5,6.2,59.5,4,4,8,847.08,"0"
11.5,6.2,59.5,9,4,8,950.58,"0"
11.5,6.2,59.5,14,4,8,1054.08,"0"
11.5,6.2,59.5,14,4,8,1054.08,"0"
11.5,6.2,59.5,19,4,8,1157.58,"0"
11.5,6.2,59.5,19,4,8,1157.58,"0"
11.5,6.2,59.5,19,4,8,1157.58,"0"
11.5,6.2,59.5,19,4,8,1157.58,"0"
11.5,6.2,59.5,14,4,8,1054.08,"0"
11.5,6.2,59.5,19,4,8,1157.58,"0"
11.5,6.2,59.5,19,4,8,1157.58,"0"
11.5,6.2,59.5,19,4,8,1157.58,"0"
11.5,6.2,59.5,19,4,8,1157.58,"0"
11.5,6.2,59.5,24,4,8,1261.08,"0"
11.5,6.2,59.5,19,4,8,1157.58,"0"
11.5,6.2,59.5,19,4,8,1157.58,"0"
11.5,6.2,59.5,19,4,8,1157.58,"0"
11.5,6.2,59.5,19,4,8,1157.58,"0"
11.5,6.2,59.5,14,4,8,1054.08,"0"
11.5,6.2,59.5,9,4,8,950.58,"0"
11.5,6.2,59.5,4,4,8,847.08,"0"
11.5,6.2,59.5,4,4,8,847.08,"0"
11.5,6.2,59.5,19,4,8,1157.58,"0"
11.5,6.2,59.5,19,4,8,1157.58,"0"
11.5,6.2,59.5,19,4,8,1157.58,"0"
11.5,6.2,59.5,19,4,8,1157.58,"0"
11.5,6.2,59.5,14,4,8,1054.08,"0"
11.5,6.2,59.5,14,4,8,1054.08,"0"
11.5,6.2,59.5,9,4,8,950.58,"0"
11.5,6.2,59.5,4,4,8,847.08,"0"
11.5,6.2,59.5,19,4,8,1157.58,"0"
11.5,6.2,59.5,19,4,8,1157.58,"0"
11.5,6.2,59.5,19,4,8,1157.58,"0"
11.5,6.2,59.5,19,4,8,1157.58,"0"
11.5,6.2,59.5,24,4,8,1261.08,"0"
11.5,6.2,59.5,24,4,8,1261.08,"0"
11.5,6.2,59.5,19,4,8,1157.58,"0"
11.5,6.2,59.5,24,4,8,1261.08,"0"
11.5,6.2,59.5,14,4,8,1054.08,"0"
11.5,6.2,59.5,19,4,8,1157.58,"0"
11.5,6.2,59.5,19,4,8,1157.58,"0"
11.5,6.2,59.5,14,4,8,1054.08,"0"
11.5,6.2,59.5,14,4,8,1054.08,"0"
11.5,6.2,59.5,14,4,8,1054.08,"0"
11.5,6.2,59.5,19,4,8,1157.58,"0"
11.5,6.2,59.5,19,4,8,1157.58,"0"
11.5,6.2,59.5,19,4,8,1157.58,"0"
11.5,6.2,59.5,14,4,8,1054.08,"0"
11.5,6.2,59.5,14,4,8,1054.08,"0"
11.5,6.2,59.5,19,4,8,1157.58,"0"
11.5,6.2,59.5,24,4,8,1261.08,"0"
11.5,6.2,59.5,9,9,2.8,1178.2,"0"
11.5,6.2,59.5,9,9,2.8,1178.2,"0"
11.5,6.2,59.5,9,9,2.8,1178.2,"0"
11.5,6.2,59.5,9,9,2.8,1178.2,"0"
11.5,6.2,59.5,4,9,2.8,1074.7,"0"
11.5,6.2,59.5,9,9,2.8,1178.2,"0"
11.5,6.2,59.5,9,9,8,1201.08,"0"
11.5,6.2,59.5,9,9,2.8,1178.2,"0"
11.5,6.2,59.5,4,9,8,1097.58,"0"
11.5,6.2,59.5,4,9,8,1097.58,"0"
11.5,6.2,59.5,4,9,8,1097.58,"0"
11.5,6.2,59.5,4,9,8,1097.58,"0"
11.5,6.2,59.5,9,9,8,1201.08,"0"
11.5,6.2,59.5,14,9,2.8,1281.7,"0"
11.5,6.2,59.5,14,9,2.8,1281.7,"0"
11.5,6.2,59.5,19,9,2.8,1385.2,"0"
11.5,6.2,59.5,19,9,2.8,1385.2,"0"
11.5,6.2,59.5,19,9,2.8,1385.2,"0"
11.5,6.2,59.5,14,9,2.8,1281.7,"0"
11.5,6.2,59.5,9,9,2.8,1178.2,"0"
11.5,6.2,59.5,9,9,2.8,1178.2,"0"
11.5,6.2,59.5,14,9,2.8,1281.7,"0"
11.5,6.2,59.5,14,9,2.8,1281.7,"0"
11.5,6.2,59.5,14,9,2.8,1281.7,"0"
11.5,6.2,59.5,19,14,2.8,1635.7,"1"
11.5,6.2,59.5,14,9,2.8,1281.7,"0"
11.5,6.2,59.5,14,9,2.8,1281.7,"0"
11.5,6.2,59.5,14,14,2.8,1532.2,"1"
11.5,6.2,59.5,4,9,2.8,1074.7,"0"
11.5,6.2,59.5,4,9,2.8,1074.7,"0"
11.5,6.2,59.5,4,9,2.8,1074.7,"0"
11.5,6.2,59.5,4,9,2.8,1074.7,"0"
11.5,6.2,59.5,4,9,2.8,1074.7,"0"
11.5,6.2,59.5,9,9,2.8,1178.2,"0"
11.5,6.2,59.5,9,9,2.8,1178.2,"0"
11.5,6.2,59.5,4,9,2.8,1074.7,"0"
11.5,6.2,59.5,19,4,8,1157.58,"0"
11.5,6.2,59.5,14,4,8,1054.08,"0"
11.5,6.2,59.5,19,4,8,1157.58,"0"
11.5,6.2,59.5,9,9,8,1201.08,"0"
11.5,6.2,59.5,9,9,8,1201.08,"0"
11.5,6.2,59.5,9,9,8,1201.08,"0"
11.5,6.2,59.5,9,9,8,1201.08,"0"
11.5,6.2,59.5,14,9,8,1304.58,"0"
11.5,6.2,59.5,14,9,8,1304.58,"0"
11.5,6.2,59.5,14,9,8,1304.58,"0"
11.5,6.2,59.5,14,9,8,1304.58,"0"
11.5,6.2,59.5,14,9,8,1304.58,"0"
11.5,6.2,59.5,14,9,8,1304.58,"0"
11.5,6.2,59.5,14,9,8,1304.58,"0"
11.5,6.2,59.5,14,9,8,1304.58,"0"
11.5,6.2,59.5,24,4,2.8,1238.2,"0"
11.5,6.2,59.5,24,9,2.8,1488.7,"1"
11.5,6.2,59.5,24,9,2.8,1488.7,"1"
11.5,6.2,59.5,24,9,2.8,1488.7,"1"
11.5,6.2,59.5,24,9,2.8,1488.7,"1"
11.5,6.2,59.5,24,4,2.8,1238.2,"0"
11.5,6.2,59.5,24,4,2.8,1238.2,"0"
11.5,6.2,59.5,19,4,2.8,1134.7,"0"
11.5,6.2,59.5,24,4,2.8,1238.2,"0"
11.5,6.2,59.5,4,19,13.1,1621.02,"1"
11.5,6.2,59.5,9,4,13.1,973.02,"0"
11.5,6.2,59.5,9,4,13.1,973.02,"0"
11.5,6.2,59.5,14,4,13.1,1076.52,"0"
11.5,6.2,59.5,9,4,13.1,973.02,"0"
11.5,6.2,59.5,9,4,13.1,973.02,"0"
11.5,6.2,59.5,9,4,13.1,973.02,"0"
11.5,6.2,59.5,14,24,40.5,2199.08,"1"
11.5,6.2,59.5,4,24,40.5,1992.08,"1"
11.5,6.2,59.5,14,24,40.5,2199.08,"1"
11.5,6.2,59.5,9,24,40.5,2095.58,"1"
11.5,6.2,59.5,4,19,40.5,1741.58,"1"
11.5,6.2,59.5,4,24,40.5,1992.08,"1"
11.5,6.2,59.5,4,24,40.5,1992.08,"1"
11.5,6.2,59.5,4,19,13.1,1621.02,"1"
11.5,6.2,59.5,4,19,40.5,1741.58,"1"
11.5,6.2,59.5,4,19,40.5,1741.58,"1"
11.5,6.2,59.5,9,19,13.1,1724.52,"1"
11.5,6.2,59.5,14,19,13.1,1828.02,"1"
11.5,6.2,59.5,14,19,13.1,1828.02,"1"
11.5,6.2,59.5,4,19,13.1,1621.02,"1"
11.5,6.2,59.5,4,19,13.1,1621.02,"1"
11.5,6.2,59.5,4,19,13.1,1621.02,"1"
11.5,6.2,59.5,4,19,13.1,1621.02,"1"
11.5,6.2,59.5,4,19,13.1,1621.02,"1"
11.5,6.2,59.5,4,19,40.5,1741.58,"1"
11.5,6.2,59.5,4,19,40.5,1741.58,"1"
11.5,6.2,59.5,4,19,40.5,1741.58,"1"
11.5,6.2,59.5,4,19,40.5,1741.58,"1"
11.5,6.2,59.5,4,19,40.5,1741.58,"1"
11.5,6.2,59.5,4,19,13.1,1621.02,"1"
11.5,6.2,59.5,4,19,13.1,1621.02,"1"
11.5,6.2,59.5,4,4,13.1,869.52,"0"
11.5,6.2,59.5,9,4,13.1,973.02,"0"
11.5,6.2,59.5,4,4,40.5,990.08,"0"
11.5,6.2,59.5,4,4,40.5,990.08,"0"
11.5,6.2,59.5,4,4,40.5,990.08,"0"
11.5,6.2,59.5,24,4,13.1,1283.52,"0"
11.5,6.2,59.5,24,4,13.1,1283.52,"0"
11.5,6.2,59.5,19,9,13.1,1430.52,"0"
11.5,6.2,59.5,9,9,13.1,1223.52,"0"
11.5,6.2,59.5,9,9,13.1,1223.52,"0"
11.5,6.2,59.5,9,9,13.1,1223.52,"0"
11.5,6.2,59.5,9,9,13.1,1223.52,"0"
11.5,6.2,59.5,9,9,13.1,1223.52,"0"
11.5,6.2,59.5,9,9,13.1,1223.52,"0"
11.5,6.2,59.5,14,9,13.1,1327.02,"0"
11.5,6.2,59.5,14,9,13.1,1327.02,"0"
11.5,6.2,59.5,19,9,13.1,1430.52,"0"
11.5,6.2,59.5,14,9,40.5,1447.58,"0"
11.5,6.2,59.5,14,9,40.5,1447.58,"0"
11.5,6.2,59.5,14,9,40.5,1447.58,"0"
11.5,6.2,59.5,4,9,13.1,1120.02,"0"
11.5,6.2,59.5,4,9,13.1,1120.02,"0"
11.5,6.2,59.5,4,9,13.1,1120.02,"0"
11.5,6.2,59.5,14,9,13.1,1327.02,"0"
11.5,6.2,59.5,19,9,13.1,1430.52,"0"
11.5,6.2,59.5,14,9,13.1,1327.02,"0"
11.5,6.2,59.5,14,9,13.1,1327.02,"0"
11.5,6.2,59.5,19,9,13.1,1430.52,"0"
11.5,6.2,59.5,4,14,13.1,1370.52,"0"
11.5,6.2,59.5,4,14,13.1,1370.52,"0"
11.5,6.2,59.5,4,14,13.1,1370.52,"0"
11.5,6.2,59.5,24,14,13.1,1784.52,"1"
11.5,6.2,59.5,14,14,13.1,1577.52,"1"
11.5,6.2,59.5,29,14,13.1,1888.02,"1"
11.5,6.2,59.5,9,19,40.5,1845.08,"1"
11.5,6.2,59.5,14,19,40.5,1948.58,"1"
11.5,6.2,59.5,14,9,13.1,1327.02,"0"
11.5,6.2,59.5,4,9,13.1,1120.02,"0"
11.5,6.2,59.5,9,9,13.1,1223.52,"0"
11.5,6.2,59.5,24,9,13.1,1534.02,"1"
11.5,6.2,59.5,29,14,13.1,1888.02,"1"
11.5,6.2,59.5,29,14,13.1,1888.02,"1"
11.5,6.2,59.5,29,14,13.1,1888.02,"1"
11.5,6.2,59.5,29,9,13.1,1637.52,"1"
11.5,6.2,59.5,24,9,13.1,1534.02,"1"
11.5,6.2,59.5,14,9,13.1,1327.02,"0"
11.5,6.2,59.5,19,9,13.1,1430.52,"0"
11.5,6.2,59.5,14,9,13.1,1327.02,"0"
11.5,6.2,59.5,14,9,40.5,1447.58,"0"
11.5,6.2,59.5,9,9,40.5,1344.08,"0"
11.5,6.2,59.5,14,9,40.5,1447.58,"0"
11.5,6.2,59.5,9,9,40.5,1344.08,"0"
11.5,6.2,59.5,9,9,40.5,1344.08,"0"
11.5,6.2,59.5,9,9,40.5,1344.08,"0"
11.5,6.2,59.5,9,9,40.5,1344.08,"0"
11.5,6.2,59.5,4,19,13.1,1621.02,"1"
11.5,6.2,59.5,4,19,13.1,1621.02,"1"
11.5,6.2,59.5,4,19,13.1,1621.02,"1"
11.5,6.2,59.5,9,19,13.1,1724.52,"1"
11.5,6.2,59.5,4,19,13.1,1621.02,"1"
11.5,6.2,59.5,4,19,13.1,1621.02,"1"
11.5,6.2,59.5,4,19,40.5,1741.58,"1"
11.5,6.2,59.5,9,19,13.1,1724.52,"1"
11.5,6.2,59.5,4,19,13.1,1621.02,"1"
11.5,6.2,59.5,4,19,13.1,1621.02,"1"
11.5,6.2,59.5,4,19,13.1,1621.02,"1"
11.5,6.2,59.5,4,19,13.1,1621.02,"1"
11.5,6.2,59.5,4,19,13.1,1621.02,"1"
11.5,6.2,59.5,9,19,13.1,1724.52,"1"
11.5,6.2,59.5,4,19,13.1,1621.02,"1"
11.5,6.2,59.5,24,14,40.5,1905.08,"1"
11.5,6.2,59.5,14,14,40.5,1698.08,"1"
11.5,6.2,59.5,29,14,40.5,2008.58,"1"
11.5,6.2,59.5,9,14,40.5,1594.58,"1"
11.5,6.2,59.5,14,14,40.5,1698.08,"1"
11.5,6.2,59.5,9,14,40.5,1594.58,"1"
11.5,6.2,59.5,19,4,13.1,1180.02,"0"
11.5,6.2,59.5,19,4,13.1,1180.02,"0"
11.5,6.2,59.5,19,4,13.1,1180.02,"0"
11.5,6.2,59.5,19,4,13.1,1180.02,"0"
11.5,6.2,59.5,9,19,40.5,1845.08,"1"
11.5,6.2,59.5,9,4,13.1,973.02,"0"
11.5,6.2,59.5,9,4,40.5,1093.58,"0"
11.5,6.2,59.5,4,14,40.5,1491.08,"1"
11.5,6.2,59.5,4,14,40.5,1491.08,"1"
11.5,6.2,59.5,4,14,40.5,1491.08,"1"
11.5,6.2,59.5,4,14,40.5,1491.08,"1"
11.5,6.2,59.5,9,4,40.5,1093.58,"0"
11.5,6.2,59.5,14,14,13.1,1577.52,"1"
11.5,6.2,59.5,14,14,13.1,1577.52,"1"
11.5,6.2,59.5,24,14,13.1,1784.52,"1"
11.5,6.2,59.5,4,14,13.1,1370.52,"0"
11.5,6.2,59.5,4,14,13.1,1370.52,"0"
11.5,6.2,59.5,4,14,13.1,1370.52,"0"
11.5,6.2,59.5,4,14,13.1,1370.52,"0"
11.5,6.2,59.5,4,14,40.5,1491.08,"1"
11.5,6.2,59.5,4,14,40.5,1491.08,"1"
11.5,6.2,59.5,4,24,40.5,1992.08,"1"
11.5,6.2,59.5,4,24,40.5,1992.08,"1"
11.5,6.2,59.5,4,24,40.5,1992.08,"1"
11.5,6.2,59.5,4,24,40.5,1992.08,"1"
11.5,6.2,59.5,9,19,13.1,1724.52,"1"
11.5,6.2,59.5,4,19,13.1,1621.02,"1"
11.5,6.2,59.5,4,19,13.1,1621.02,"1"
11.5,6.2,59.5,4,19,13.1,1621.02,"1"
11.5,6.2,59.5,4,19,13.1,1621.02,"1"
11.5,6.2,59.5,4,19,13.1,1621.02,"1"
11.5,6.2,59.5,4,19,13.1,1621.02,"1"
11.5,6.2,59.5,4,19,13.1,1621.02,"1"
11.5,6.2,59.5,9,19,13.1,1724.52,"1"
11.5,6.2,59.5,9,19,13.1,1724.52,"1"
11.5,6.2,59.5,4,19,13.1,1621.02,"1"
11.5,6.2,59.5,9,19,13.1,1724.52,"1"
11.5,6.2,59.5,14,19,40.5,1948.58,"1"
11.5,6.2,59.5,9,19,40.5,1845.08,"1"
11.5,6.2,59.5,14,19,40.5,1948.58,"1"
11.5,6.2,59.5,24,9,13.1,1534.02,"1"
11.5,6.2,59.5,19,9,13.1,1430.52,"0"
11.5,6.2,59.5,14,9,13.1,1327.02,"0"
11.5,6.2,59.5,24,9,13.1,1534.02,"1"
11.5,6.2,59.5,19,9,13.1,1430.52,"0"
11.5,6.2,59.5,14,14,13.1,1577.52,"1"
11.5,6.2,59.5,9,14,13.1,1474.02,"1"
11.5,6.2,59.5,14,14,13.1,1577.52,"1"
11.5,6.2,59.5,29,14,13.1,1888.02,"1"
11.5,6.2,59.5,29,14,13.1,1888.02,"1"
11.5,6.2,59.5,29,14,13.1,1888.02,"1"
11.5,6.2,59.5,29,4,13.1,1387.02,"0"
11.5,6.2,59.5,29,4,13.1,1387.02,"0"
11.5,6.2,59.5,9,9,13.1,1223.52,"0"
11.5,6.2,59.5,9,9,13.1,1223.52,"0"
11.5,6.2,59.5,9,9,13.1,1223.52,"0"
11.5,6.2,59.5,4,19,40.5,1741.58,"1"
11.5,6.2,59.5,4,19,40.5,1741.58,"1"
11.5,6.2,59.5,4,19,40.5,1741.58,"1"
11.5,6.2,59.5,4,19,40.5,1741.58,"1"
11.5,6.2,59.5,4,14,40.5,1491.08,"1"
11.5,6.2,59.5,4,14,40.5,1491.08,"1"
11.5,6.2,59.5,4,14,40.5,1491.08,"1"
11.5,6.2,59.5,4,14,40.5,1491.08,"1"
11.5,6.2,59.5,4,29,40.5,2242.58,"1"
11.5,6.2,59.5,4,14,40.5,1491.08,"1"
11.5,6.2,59.5,9,14,40.5,1594.58,"1"
11.5,6.2,59.5,4,14,40.5,1491.08,"1"
11.5,6.2,59.5,4,14,40.5,1491.08,"1"
11.5,6.2,59.5,4,29,40.5,2242.58,"1"
11.5,6.2,59.5,4,29,40.5,2242.58,"1"
11.5,6.2,59.5,9,14,40.5,1594.58,"1"
11.5,6.2,59.5,9,14,40.5,1594.58,"1"
11.5,6.2,59.5,4,14,40.5,1491.08,"1"
11.5,6.2,59.5,9,14,40.5,1594.58,"1"
11.5,6.2,59.5,4,19,40.5,1741.58,"1"
11.5,6.2,59.5,4,19,40.5,1741.58,"1"
11.5,6.2,59.5,4,19,40.5,1741.58,"1"
11.5,6.2,59.5,4,14,40.5,1491.08,"1"
11.5,6.2,59.5,4,14,40.5,1491.08,"1"
11.5,6.2,59.5,4,14,40.5,1491.08,"1"
11.5,6.2,59.5,4,19,40.5,1741.58,"1"
11.5,6.2,59.5,4,19,40.5,1741.58,"1"
11.5,6.2,59.5,4,24,13.1,1871.52,"1"
11.5,6.2,59.5,4,24,13.1,1871.52,"1"
11.5,6.2,59.5,19,14,13.1,1681.02,"1"
11.5,6.2,59.5,19,14,13.1,1681.02,"1"
11.5,6.2,59.5,24,4,40.5,1404.08,"0"
11.5,6.2,59.5,4,19,40.5,1741.58,"1"
11.5,6.2,59.5,4,19,40.5,1741.58,"1"
11.5,6.2,59.5,4,19,40.5,1741.58,"1"
11.5,6.2,59.5,4,19,40.5,1741.58,"1"
11.5,6.2,59.5,4,19,40.5,1741.58,"1"
11.5,6.2,59.5,4,19,40.5,1741.58,"1"
11.5,6.2,59.5,4,19,40.5,1741.58,"1"
11.5,6.2,59.5,4,19,40.5,1741.58,"1"
11.5,6.2,59.5,4,19,40.5,1741.58,"1"
11.5,6.2,59.5,4,19,40.5,1741.58,"1"
11.5,6.2,59.5,4,19,40.5,1741.58,"1"
11.5,6.2,59.5,4,19,40.5,1741.58,"1"
11.5,6.2,59.5,4,19,40.5,1741.58,"1"
11.5,6.2,59.5,4,19,40.5,1741.58,"1"
11.5,6.2,59.5,4,19,40.5,1741.58,"1"
11.5,6.2,59.5,4,19,40.5,1741.58,"1"
11.5,6.2,59.5,4,19,40.5,1741.58,"1"
11.5,6.2,59.5,4,19,40.5,1741.58,"1"
11.5,6.2,59.5,4,19,40.5,1741.58,"1"
11.5,6.2,59.5,4,19,40.5,1741.58,"1"
11.5,6.2,59.5,4,19,40.5,1741.58,"1"
11.5,6.2,59.5,4,24,40.5,1992.08,"1"
11.5,6.2,59.5,4,24,40.5,1992.08,"1"
11.5,6.2,59.5,4,24,40.5,1992.08,"1"
11.5,6.2,59.5,4,24,40.5,1992.08,"1"
11.5,6.2,59.5,4,24,40.5,1992.08,"1"
11.5,6.2,59.5,4,24,40.5,1992.08,"1"
11.5,6.2,59.5,4,24,40.5,1992.08,"1"
11.5,6.2,59.5,4,24,40.5,1992.08,"1"
11.5,6.2,59.5,4,24,40.5,1992.08,"1"
11.5,6.2,59.5,4,24,40.5,1992.08,"1"
11.5,6.2,59.5,4,24,40.5,1992.08,"1"
11.5,6.2,59.5,4,24,40.5,1992.08,"1"
11.5,6.2,59.5,4,24,40.5,1992.08,"1"
11.5,6.2,59.5,9,24,40.5,2095.58,"1"
11.5,6.2,59.5,4,24,40.5,1992.08,"1"
11.5,6.2,59.5,4,24,40.5,1992.08,"1"
11.5,6.2,59.5,4,24,40.5,1992.08,"1"
11.5,6.2,59.5,4,24,40.5,1992.08,"1"
11.5,6.2,59.5,4,14,40.5,1491.08,"1"
11.5,6.2,59.5,4,9,13.1,1120.02,"0"
11.5,6.2,59.5,4,9,40.5,1240.58,"0"
11.5,6.2,59.5,4,9,40.5,1240.58,"0"
11.5,6.2,59.5,4,9,40.5,1240.58,"0"
11.5,6.2,59.5,4,9,40.5,1240.58,"0"
11.5,6.2,59.5,4,9,40.5,1240.58,"0"
11.5,6.2,59.5,4,9,40.5,1240.58,"0"
11.5,6.2,59.5,4,14,40.5,1491.08,"1"
11.5,6.2,59.5,4,9,40.5,1240.58,"0"
11.5,6.2,59.5,14,9,13.1,1327.02,"0"
11.5,6.2,59.5,4,9,40.5,1240.58,"0"
11.5,6.2,59.5,4,9,40.5,1240.58,"0"
11.5,6.2,59.5,4,9,13.1,1120.02,"0"
11.5,6.2,59.5,4,9,13.1,1120.02,"0"
11.5,6.2,59.5,4,9,40.5,1240.58,"0"
11.5,6.2,59.5,4,24,40.5,1992.08,"1"
11.5,6.2,59.5,4,4,40.5,990.08,"0"
11.5,6.2,59.5,4,4,40.5,990.08,"0"
11.5,6.2,59.5,4,4,40.5,990.08,"0"
11.5,6.2,59.5,4,4,40.5,990.08,"0"
11.5,6.2,59.5,4,4,40.5,990.08,"0"
11.5,6.2,59.5,4,4,40.5,990.08,"0"
11.5,6.2,59.5,4,4,40.5,990.08,"0"
11.5,6.2,59.5,4,4,40.5,990.08,"0"
11.5,6.2,59.5,4,4,40.5,990.08,"0"
11.5,6.2,59.5,4,19,40.5,1741.58,"1"
11.5,6.2,59.5,4,19,40.5,1741.58,"1"
11.5,6.2,59.5,4,19,40.5,1741.58,"1"
11.5,6.2,59.5,4,19,40.5,1741.58,"1"
11.5,6.2,59.5,4,19,40.5,1741.58,"1"
11.5,6.2,59.5,4,19,40.5,1741.58,"1"
11.5,6.2,59.5,4,19,40.5,1741.58,"1"
11.5,6.2,59.5,4,19,40.5,1741.58,"1"
11.5,6.2,59.5,4,19,40.5,1741.58,"1"
11.5,6.2,59.5,9,19,40.5,1845.08,"1"
11.5,6.2,59.5,4,24,40.5,1992.08,"1"
11.5,6.2,59.5,4,24,40.5,1992.08,"1"
11.5,6.2,59.5,4,24,40.5,1992.08,"1"
11.5,6.2,59.5,4,24,40.5,1992.08,"1"
11.5,6.2,59.5,9,24,40.5,2095.58,"1"
11.5,6.2,59.5,4,24,40.5,1992.08,"1"
11.5,6.2,59.5,9,24,40.5,2095.58,"1"
11.5,6.2,59.5,19,24,40.5,2302.58,"1"
11.5,6.2,59.5,14,24,40.5,2199.08,"1"
11.5,6.2,59.5,4,24,40.5,1992.08,"1"
11.5,6.2,59.5,9,24,40.5,2095.58,"1"
11.5,6.2,59.5,9,24,40.5,2095.58,"1"
11.5,6.2,59.5,4,24,40.5,1992.08,"1"
11.5,6.2,59.5,24,24,40.5,2406.08,"1"
11.5,6.2,59.5,14,24,40.5,2199.08,"1"
11.5,6.2,59.5,4,24,40.5,1992.08,"1"
11.5,6.2,59.5,4,24,40.5,1992.08,"1"
11.5,6.2,59.5,4,24,40.5,1992.08,"1"
11.5,6.2,59.5,29,4,40.5,1507.58,"1"
11.5,6.2,59.5,4,4,40.5,990.08,"0"
11.5,6.2,59.5,4,9,40.5,1240.58,"0"
11.5,6.2,59.5,4,9,40.5,1240.58,"0"
11.5,6.2,59.5,4,9,40.5,1240.58,"0"
11.5,6.2,59.5,4,9,40.5,1240.58,"0"
11.5,6.2,59.5,4,9,40.5,1240.58,"0"
11.5,6.2,59.5,4,9,40.5,1240.58,"0"
11.5,6.2,59.5,4,9,40.5,1240.58,"0"
11.5,6.2,59.5,4,9,40.5,1240.58,"0"
11.5,6.2,59.5,4,9,40.5,1240.58,"0"
11.5,6.2,59.5,4,9,40.5,1240.58,"0"
11.5,6.2,59.5,4,9,40.5,1240.58,"0"
11.5,6.2,59.5,4,9,40.5,1240.58,"0"
11.5,6.2,59.5,9,9,40.5,1344.08,"0"
11.5,6.2,59.5,29,4,40.5,1507.58,"1"
11.5,6.2,59.5,4,14,40.5,1491.08,"1"
11.5,6.2,59.5,4,14,40.5,1491.08,"1"
11.5,6.2,59.5,4,14,40.5,1491.08,"1"
11.5,6.2,59.5,4,14,40.5,1491.08,"1"
11.5,6.2,59.5,4,14,40.5,1491.08,"1"
11.5,6.2,59.5,4,14,40.5,1491.08,"1"
11.5,6.2,59.5,4,14,40.5,1491.08,"1"
11.5,6.2,59.5,4,14,40.5,1491.08,"1"
11.5,6.2,59.5,4,14,40.5,1491.08,"1"
11.5,6.2,59.5,4,14,40.5,1491.08,"1"
11.5,6.2,59.5,4,14,40.5,1491.08,"1"
11.5,6.2,59.5,4,14,40.5,1491.08,"1"
11.5,6.2,59.5,29,4,13.1,1387.02,"0"
11.5,6.2,59.5,29,4,13.1,1387.02,"0"
11.5,6.2,59.5,4,4,40.5,990.08,"0"
11.5,6.2,59.5,4,19,40.5,1741.58,"1"
11.5,6.2,59.5,4,19,40.5,1741.58,"1"
11.5,6.2,59.5,4,19,40.5,1741.58,"1"
11.5,6.2,59.5,4,19,40.5,1741.58,"1"
11.5,6.2,59.5,4,19,40.5,1741.58,"1"
11.5,6.2,59.5,4,19,40.5,1741.58,"1"
11.5,6.2,59.5,4,19,40.5,1741.58,"1"
11.5,6.2,59.5,4,19,40.5,1741.58,"1"
11.5,6.2,59.5,4,19,40.5,1741.58,"1"
11.5,6.2,59.5,4,4,40.5,990.08,"0"
11.5,6.2,59.5,4,14,40.5,1491.08,"1"
11.5,6.2,59.5,4,14,40.5,1491.08,"1"
11.5,6.2,59.5,4,14,40.5,1491.08,"1"
11.5,6.2,59.5,4,14,40.5,1491.08,"1"
11.5,6.2,59.5,4,14,40.5,1491.08,"1"
11.5,6.2,59.5,14,14,40.5,1698.08,"1"
11.5,6.2,59.5,4,9,40.5,1240.58,"0"
11.5,6.2,59.5,4,9,40.5,1240.58,"0"
11.5,6.2,59.5,4,9,40.5,1240.58,"0"
11.5,6.2,59.5,4,9,40.5,1240.58,"0"
11.5,6.2,59.5,4,9,40.5,1240.58,"0"
11.5,6.2,59.5,4,9,40.5,1240.58,"0"
11.5,6.2,59.5,4,14,40.5,1491.08,"1"
11.5,6.2,59.5,4,14,40.5,1491.08,"1"
11.5,6.2,59.5,4,14,13.1,1370.52,"0"
11.5,6.2,59.5,4,14,13.1,1370.52,"0"
11.5,6.2,59.5,4,14,13.1,1370.52,"0"
11.5,6.2,59.5,4,14,13.1,1370.52,"0"
11.5,6.2,59.5,4,14,13.1,1370.52,"0"
11.5,6.2,59.5,4,14,40.5,1491.08,"1"
11.5,6.2,59.5,4,19,40.5,1741.58,"1"
11.5,6.2,59.5,4,19,40.5,1741.58,"1"
11.5,6.2,59.5,4,19,40.5,1741.58,"1"
11.5,6.2,59.5,4,19,40.5,1741.58,"1"
11.5,6.2,59.5,4,14,40.5,1491.08,"1"
11.5,6.2,59.5,4,19,40.5,1741.58,"1"
11.5,6.2,59.5,4,19,40.5,1741.58,"1"
11.5,6.2,59.5,4,9,40.5,1240.58,"0"
11.5,6.2,59.5,4,19,40.5,1741.58,"1"
11.5,6.2,59.5,4,19,40.5,1741.58,"1"
11.5,6.2,59.5,4,9,40.5,1240.58,"0"
11.5,6.2,59.5,4,14,40.5,1491.08,"1"
11.5,6.2,59.5,29,24,40.5,2509.58,"1"
11.5,6.2,59.5,29,24,40.5,2509.58,"1"
11.5,6.2,59.5,24,29,40.5,2656.58,"1"
11.5,6.2,59.5,19,29,40.5,2553.08,"1"
11.5,6.2,59.5,14,29,40.5,2449.58,"1"
11.5,6.2,59.5,19,29,40.5,2553.08,"1"
11.5,6.2,59.5,9,14,40.5,1594.58,"1"
11.5,6.2,59.5,19,24,40.5,2302.58,"1"
11.5,6.2,59.5,24,19,40.5,2155.58,"1"
11.5,6.2,59.5,24,19,40.5,2155.58,"1"
11.5,6.2,59.5,29,19,40.5,2259.08,"1"
11.5,6.2,59.5,24,24,40.5,2406.08,"1"
11.5,6.2,59.5,9,4,40.5,1093.58,"0"
11.5,6.2,59.5,4,4,40.5,990.08,"0"
11.5,6.2,59.5,4,19,40.5,1741.58,"1"
11.5,6.2,59.5,4,29,40.5,2242.58,"1"
11.5,6.2,59.5,4,29,40.5,2242.58,"1"
11.5,6.2,59.5,4,29,40.5,2242.58,"1"
11.5,6.2,59.5,24,29,40.5,2656.58,"1"
11.5,6.2,59.5,4,29,40.5,2242.58,"1"
11.5,6.2,59.5,14,29,40.5,2449.58,"1"
11.5,6.2,59.5,14,19,40.5,1948.58,"1"
11.5,6.2,59.5,14,19,40.5,1948.58,"1"
11.5,6.2,59.5,9,29,40.5,2346.08,"1"
11.5,6.2,59.5,4,29,40.5,2242.58,"1"
11.5,6.2,59.5,4,29,40.5,2242.58,"1"
11.5,6.2,59.5,9,29,40.5,2346.08,"1"
11.5,6.2,59.5,14,29,40.5,2449.58,"1"
11.5,6.2,59.5,4,29,40.5,2242.58,"1"
11.5,6.2,59.5,4,29,40.5,2242.58,"1"
11.5,6.2,59.5,4,29,40.5,2242.58,"1"
11.5,6.2,59.5,9,29,40.5,2346.08,"1"
11.5,6.2,59.5,4,29,40.5,2242.58,"1"
11.5,6.2,59.5,19,29,40.5,2553.08,"1"
11.5,6.2,59.5,19,29,40.5,2553.08,"1"
11.5,6.2,59.5,14,29,40.5,2449.58,"1"
11.5,6.2,59.5,4,29,40.5,2242.58,"1"
11.5,6.2,59.5,4,29,40.5,2242.58,"1"
11.5,6.2,59.5,4,29,40.5,2242.58,"1"
11.5,6.2,59.5,4,29,40.5,2242.58,"1"
11.5,6.2,59.5,4,29,40.5,2242.58,"1"
11.5,6.2,59.5,14,29,40.5,2449.58,"1"
11.5,6.2,59.5,24,29,40.5,2656.58,"1"
11.5,6.2,59.5,29,29,40.5,2760.08,"1"
11.5,6.2,59.5,24,29,40.5,2656.58,"1"
11.5,6.2,59.5,9,29,40.5,2346.08,"1"
11.5,6.2,59.5,4,29,40.5,2242.58,"1"
11.5,6.2,59.5,9,29,40.5,2346.08,"1"
11.5,6.2,59.5,4,29,40.5,2242.58,"1"
11.5,6.2,59.5,9,29,40.5,2346.08,"1"
11.5,6.2,59.5,14,29,40.5,2449.58,"1"
11.5,6.2,59.5,4,29,40.5,2242.58,"1"
11.5,6.2,59.5,4,29,40.5,2242.58,"1"
11.5,6.2,59.5,4,29,40.5,2242.58,"1"
11.5,6.2,59.5,4,29,40.5,2242.58,"1"
11.5,6.2,59.5,9,29,40.5,2346.08,"1"
11.5,6.2,59.5,4,29,40.5,2242.58,"1"
11.5,6.2,59.5,4,29,40.5,2242.58,"1"
11.5,6.2,59.5,4,29,40.5,2242.58,"1"
11.5,6.2,59.5,4,29,40.5,2242.58,"1"
11.5,6.2,59.5,4,29,40.5,2242.58,"1"
11.5,6.2,59.5,4,29,40.5,2242.58,"1"
11.5,6.2,59.5,4,29,40.5,2242.58,"1"
11.5,6.2,59.5,4,29,40.5,2242.58,"1"
11.5,6.2,59.5,4,29,40.5,2242.58,"1"
11.5,6.2,59.5,4,29,40.5,2242.58,"1"
11.5,6.2,59.5,4,29,40.5,2242.58,"1"
11.5,6.2,59.5,4,19,40.5,1741.58,"1"
11.5,6.2,59.5,4,19,40.5,1741.58,"1"
11.5,6.2,59.5,4,19,40.5,1741.58,"1"
11.5,6.2,59.5,4,19,40.5,1741.58,"1"
11.5,6.2,59.5,4,29,40.5,2242.58,"1"
11.5,6.2,59.5,4,9,40.5,1240.58,"0"
11.5,6.2,59.5,4,9,40.5,1240.58,"0"
11.5,6.2,59.5,4,9,40.5,1240.58,"0"
11.5,6.2,59.5,4,9,40.5,1240.58,"0"
11.5,6.2,59.5,4,9,40.5,1240.58,"0"
11.5,6.2,59.5,4,9,40.5,1240.58,"0"
11.5,6.2,59.5,4,9,40.5,1240.58,"0"
11.5,6.2,59.5,4,9,40.5,1240.58,"0"
11.5,6.2,59.5,4,9,40.5,1240.58,"0"
11.5,6.2,59.5,4,9,40.5,1240.58,"0"
11.5,6.2,59.5,4,9,40.5,1240.58,"0"
11.5,6.2,59.5,4,9,40.5,1240.58,"0"
11.5,6.2,59.5,4,9,40.5,1240.58,"0"
11.5,6.2,59.5,4,29,40.5,2242.58,"1"
11.5,6.2,59.5,4,29,40.5,2242.58,"1"
11.5,6.2,59.5,4,29,40.5,2242.58,"1"
11.5,6.2,59.5,4,29,40.5,2242.58,"1"
11.5,6.2,59.5,4,19,40.5,1741.58,"1"
11.5,6.2,59.5,4,19,40.5,1741.58,"1"
11.5,6.2,59.5,4,19,40.5,1741.58,"1"
11.5,6.2,59.5,24,19,40.5,2155.58,"1"
11.5,6.2,59.5,29,19,40.5,2259.08,"1"
11.5,6.2,59.5,29,19,40.5,2259.08,"1"
11.5,6.2,59.5,14,19,40.5,1948.58,"1"
11.5,6.2,59.5,14,19,40.5,1948.58,"1"
11.5,6.2,59.5,9,19,40.5,1845.08,"1"
11.5,6.2,59.5,9,19,40.5,1845.08,"1"
11.5,6.2,59.5,4,19,40.5,1741.58,"1"
11.5,6.2,59.5,4,19,40.5,1741.58,"1"
11.5,6.2,59.5,4,19,40.5,1741.58,"1"
11.5,6.2,59.5,4,19,40.5,1741.58,"1"
11.5,6.2,59.5,4,9,40.5,1240.58,"0"
11.5,6.2,59.5,4,9,40.5,1240.58,"0"
11.5,6.2,59.5,4,9,40.5,1240.58,"0"
11.5,6.2,59.5,9,9,40.5,1344.08,"0"
11.5,6.2,59.5,4,9,40.5,1240.58,"0"
11.5,6.2,59.5,4,9,40.5,1240.58,"0"
11.5,6.2,59.5,9,9,40.5,1344.08,"0"
11.5,6.2,59.5,9,9,40.5,1344.08,"0"
11.5,6.2,59.5,9,9,40.5,1344.08,"0"
11.5,6.2,59.5,4,9,40.5,1240.58,"0"
11.5,6.2,59.5,4,9,40.5,1240.58,"0"
11.5,6.2,59.5,4,9,40.5,1240.58,"0"
11.5,6.2,59.5,4,9,40.5,1240.58,"0"
11.5,6.2,59.5,4,9,40.5,1240.58,"0"
11.5,6.2,59.5,4,9,40.5,1240.58,"0"
11.5,6.2,59.5,4,9,40.5,1240.58,"0"
11.5,6.2,59.5,4,9,40.5,1240.58,"0"
11.5,6.2,59.5,4,9,40.5,1240.58,"0"
11.5,6.2,59.5,4,9,40.5,1240.58,"0"
11.5,6.2,59.5,4,9,40.5,1240.58,"0"
11.5,6.2,59.5,4,9,40.5,1240.58,"0"
11.5,6.2,59.5,4,9,40.5,1240.58,"0"
11.5,6.2,59.5,4,19,40.5,1741.58,"1"
11.5,6.2,59.5,4,19,40.5,1741.58,"1"
11.5,6.2,59.5,4,19,40.5,1741.58,"1"
11.5,6.2,59.5,4,19,40.5,1741.58,"1"
11.5,6.2,59.5,4,19,40.5,1741.58,"1"
11.5,6.2,59.5,4,19,40.5,1741.58,"1"
11.5,6.2,59.5,4,19,40.5,1741.58,"1"
11.5,6.2,59.5,4,9,40.5,1240.58,"0"
11.5,6.2,59.5,4,19,40.5,1741.58,"1"
11.5,6.2,59.5,4,19,40.5,1741.58,"1"
11.5,6.2,59.5,4,19,40.5,1741.58,"1"
11.5,6.2,59.5,4,19,40.5,1741.58,"1"
11.5,6.2,59.5,4,19,40.5,1741.58,"1"
11.5,6.2,59.5,4,19,40.5,1741.58,"1"
11.5,6.2,59.5,4,19,40.5,1741.58,"1"
11.5,6.2,59.5,4,19,40.5,1741.58,"1"
11.5,6.2,59.5,4,19,40.5,1741.58,"1"
11.5,6.2,59.5,4,19,40.5,1741.58,"1"
11.5,6.2,59.5,4,19,40.5,1741.58,"1"
11.5,6.2,59.5,4,9,40.5,1240.58,"0"
11.5,6.2,59.5,4,4,40.5,990.08,"0"
11.5,6.2,59.5,4,4,40.5,990.08,"0"
11.5,6.2,59.5,4,24,40.5,1992.08,"1"
11.5,6.2,59.5,4,4,40.5,990.08,"0"
11.5,6.2,59.5,4,4,40.5,990.08,"0"
11.5,6.2,59.5,4,24,40.5,1992.08,"1"
11.5,6.2,59.5,4,24,40.5,1992.08,"1"
11.5,6.2,59.5,9,14,40.5,1594.58,"1"
11.5,6.2,59.5,19,24,40.5,2302.58,"1"
11.5,6.2,59.5,24,24,40.5,2406.08,"1"
11.5,6.2,59.5,9,14,40.5,1594.58,"1"
11.5,6.2,59.5,4,14,40.5,1491.08,"1"
11.5,6.2,59.5,4,14,40.5,1491.08,"1"
11.5,6.2,59.5,19,14,40.5,1801.58,"1"
11.5,6.2,59.5,29,14,40.5,2008.58,"1"
11.5,6.2,59.5,19,24,40.5,2302.58,"1"
11.5,6.2,59.5,4,14,13.1,1370.52,"0"
11.5,6.2,59.5,4,19,13.1,1621.02,"1"
11.5,6.2,59.5,4,19,13.1,1621.02,"1"
11.5,6.2,59.5,4,19,13.1,1621.02,"1"
11.5,6.2,59.5,4,19,13.1,1621.02,"1"
11.5,6.2,59.5,9,19,13.1,1724.52,"1"
11.5,6.2,59.5,4,19,13.1,1621.02,"1"
11.5,6.2,59.5,4,19,13.1,1621.02,"1"
11.5,6.2,59.5,4,19,13.1,1621.02,"1"
11.5,6.2,59.5,4,9,13.1,1120.02,"0"
11.5,6.2,59.5,4,9,13.1,1120.02,"0"
11.5,6.2,59.5,4,9,13.1,1120.02,"0"
11.5,6.2,59.5,4,14,13.1,1370.52,"0"
11.5,6.2,59.5,14,19,13.1,1828.02,"1"
11.5,6.2,59.5,4,19,13.1,1621.02,"1"
11.5,6.2,59.5,4,19,13.1,1621.02,"1"
11.5,6.2,59.5,9,19,13.1,1724.52,"1"
11.5,6.2,59.5,4,19,13.1,1621.02,"1"
11.5,6.2,59.5,4,19,13.1,1621.02,"1"
11.5,6.2,59.5,4,19,13.1,1621.02,"1"
11.5,6.2,59.5,14,4,13.1,1076.52,"0"
11.5,6.2,59.5,4,4,13.1,869.52,"0"
11.5,6.2,59.5,4,4,13.1,869.52,"0"
11.5,6.2,59.5,14,4,13.1,1076.52,"0"
11.5,6.2,59.5,4,19,13.1,1621.02,"1"
11.5,6.2,59.5,4,4,13.1,869.52,"0"
11.5,6.2,59.5,4,4,13.1,869.52,"0"
11.5,6.2,59.5,9,4,13.1,973.02,"0"
11.5,6.2,59.5,4,19,13.1,1621.02,"1"
11.5,6.2,59.5,4,14,13.1,1370.52,"0"
11.5,6.2,59.5,4,14,13.1,1370.52,"0"
11.5,6.2,59.5,4,19,13.1,1621.02,"1"
11.5,6.2,59.5,4,4,40.5,990.08,"0"
11.5,6.2,59.5,4,4,40.5,990.08,"0"
11.5,6.2,59.5,4,4,40.5,990.08,"0"
11.5,6.2,59.5,4,4,40.5,990.08,"0"
11.5,6.2,59.5,29,4,13.1,1387.02,"0"
11.5,6.2,59.5,14,4,40.5,1197.08,"0"
11.5,6.2,59.5,24,4,40.5,1404.08,"0"
11.5,6.2,59.5,24,4,40.5,1404.08,"0"
11.5,6.2,59.5,14,4,40.5,1197.08,"0"
11.5,6.2,59.5,14,9,13.1,1327.02,"0"
11.5,6.2,59.5,19,9,13.1,1430.52,"0"
11.5,6.2,59.5,19,9,13.1,1430.52,"0"
11.5,6.2,59.5,19,9,40.5,1551.08,"1"
11.5,6.2,59.5,14,9,40.5,1447.58,"0"
11.5,6.2,59.5,19,9,40.5,1551.08,"1"
11.5,6.2,59.5,14,9,40.5,1447.58,"0"
11.5,6.2,59.5,19,9,40.5,1551.08,"1"
11.5,6.2,59.5,14,9,40.5,1447.58,"0"
11.5,6.2,59.5,19,9,40.5,1551.08,"1"
11.5,6.2,59.5,4,29,40.5,2242.58,"1"
11.5,6.2,59.5,4,24,40.5,1992.08,"1"
11.5,6.2,59.5,4,24,40.5,1992.08,"1"
11.5,6.2,59.5,4,24,40.5,1992.08,"1"
11.5,6.2,59.5,4,24,40.5,1992.08,"1"
11.5,6.2,59.5,4,24,40.5,1992.08,"1"
11.5,6.2,59.5,4,9,40.5,1240.58,"0"
11.5,6.2,59.5,4,29,40.5,2242.58,"1"
11.5,6.2,59.5,4,29,40.5,2242.58,"1"
11.5,6.2,59.5,4,29,40.5,2242.58,"1"
11.5,6.2,59.5,4,29,40.5,2242.58,"1"
11.5,6.2,59.5,4,29,40.5,2242.58,"1"
11.5,6.2,59.5,4,29,40.5,2242.58,"1"
11.5,6.2,59.5,4,29,40.5,2242.58,"1"
11.5,6.2,59.5,4,29,40.5,2242.58,"1"
11.5,6.2,59.5,4,29,40.5,2242.58,"1"
11.5,6.2,59.5,4,29,40.5,2242.58,"1"
11.5,6.2,59.5,4,29,40.5,2242.58,"1"
11.5,6.2,59.5,4,29,40.5,2242.58,"1"
11.5,6.2,59.5,4,29,40.5,2242.58,"1"
11.5,6.2,59.5,4,29,40.5,2242.58,"1"
11.5,6.2,59.5,4,29,40.5,2242.58,"1"
11.5,6.2,59.5,4,29,40.5,2242.58,"1"
11.5,6.2,59.5,4,29,40.5,2242.58,"1"
11.5,6.2,59.5,4,29,40.5,2242.58,"1"
11.5,6.2,59.5,4,29,40.5,2242.58,"1"
11.5,6.2,59.5,4,29,40.5,2242.58,"1"
11.5,6.2,59.5,4,29,40.5,2242.58,"1"
11.5,6.2,59.5,4,9,40.5,1240.58,"0"
11.5,6.2,59.5,4,29,40.5,2242.58,"1"
11.5,6.2,59.5,4,9,40.5,1240.58,"0"
11.5,6.2,59.5,4,9,40.5,1240.58,"0"
11.5,6.2,59.5,4,9,40.5,1240.58,"0"
11.5,6.2,59.5,4,19,40.5,1791.13,"1"
11.5,6.2,59.5,4,19,40.5,1845.08,"1"
11.5,6.2,59.5,4,19,40.5,1741.58,"1"
11.5,6.2,59.5,4,14,40.5,1491.08,"1"
11.5,6.2,59.5,4,19,40.5,1741.58,"1"
11.5,6.2,59.5,4,29,40.5,2242.58,"1"
11.5,6.2,59.5,4,29,40.5,2242.58,"1"
11.5,6.2,59.5,4,29,40.5,2242.58,"1"
11.5,6.2,59.5,4,29,40.5,2242.58,"1"
11.5,6.2,59.5,4,29,40.5,2242.58,"1"
11.5,6.2,59.5,4,24,40.5,1992.08,"1"
11.5,6.2,59.5,4,29,40.5,2242.58,"1"
11.5,6.2,59.5,4,29,40.5,2242.58,"1"
11.5,6.2,59.5,4,29,40.5,2242.58,"1"
11.5,6.2,59.5,4,29,40.5,2242.58,"1"
11.5,6.2,59.5,4,29,40.5,2242.58,"1"
11.5,6.2,59.5,4,29,40.5,2242.58,"1"
11.5,6.2,59.5,4,29,40.5,2242.58,"1"
11.5,6.2,59.5,4,29,40.5,2242.58,"1"
11.5,6.2,59.5,4,19,40.5,1741.58,"1"
11.5,6.2,59.5,4,9,40.5,1240.58,"0"
11.5,6.2,59.5,4,24,40.5,2098.12,"1"
11.5,6.2,59.5,4,29,40.5,2242.58,"1"
11.5,6.2,59.5,4,9,40.5,1240.58,"0"
11.5,6.2,59.5,4,19,40.5,1741.58,"1"
11.5,6.2,59.5,4,9,40.5,1240.58,"0"
11.5,6.2,59.5,4,24,40.5,2098.12,"1"
11.5,6.2,59.5,4,19,40.5,1741.58,"1"
11.5,6.2,59.5,4,14,40.5,1491.08,"1"
11.5,6.2,59.5,4,24,40.5,1973.27,"1"
11.5,6.2,59.5,4,14,40.5,1491.08,"1"
11.5,6.2,59.5,4,19,40.5,1741.58,"1"
11.5,6.2,59.5,4,14,40.5,1491.08,"1"
11.5,6.2,59.5,4,4,40.5,990.08,"0"
11.5,6.2,59.5,4,9,40.5,1240.58,"0"
11.5,6.2,59.5,4,24,40.5,1992.08,"1"
11.5,6.2,59.5,4,19,40.5,1741.58,"1"
11.5,6.2,59.5,4,14,40.5,1491.08,"1"
11.5,6.2,59.5,4,19,40.5,1741.58,"1"
11.5,6.2,59.5,4,4,40.5,990.08,"0"
11.5,6.2,59.5,4,9,40.5,1240.58,"0"
11.5,6.2,59.5,4,19,40.5,1791.13,"1"
11.5,6.2,59.5,4,9,40.5,1240.58,"0"
11.5,6.2,59.5,4,14,40.5,1491.08,"1"
11.5,6.2,59.5,4,19,40.5,1741.58,"1"
11.5,6.2,59.5,4,14,40.5,1491.08,"1"
11.5,6.2,59.5,4,19,40.5,1741.58,"1"
11.5,6.2,59.5,4,24,40.5,1992.08,"1"
11.5,6.2,59.5,4,24,40.5,1992.08,"1"
11.5,6.2,59.5,4,24,40.5,1992.08,"1"
11.5,6.2,59.5,4,24,40.5,1992.08,"1"
11.5,6.2,59.5,4,24,40.5,1992.08,"1"
11.5,6.2,59.5,4,24,40.5,1992.08,"1"
11.5,6.2,59.5,4,24,40.5,1992.08,"1"
11.5,6.2,59.5,4,24,40.5,1992.08,"1"
11.5,6.2,59.5,4,24,40.5,1992.08,"1"
11.5,6.2,59.5,4,24,40.5,1992.08,"1"
11.5,6.2,59.5,4,24,40.5,1992.08,"1"
11.5,6.2,59.5,4,24,40.5,1992.08,"1"
11.5,6.2,59.5,4,24,40.5,1992.08,"1"
11.5,6.2,59.5,4,24,40.5,1992.08,"1"
11.5,6.2,59.5,4,24,40.5,1992.08,"1"
11.5,6.2,59.5,4,24,40.5,1992.08,"1"
11.5,6.2,59.5,4,24,40.5,1992.08,"1"
11.5,6.2,59.5,4,9,40.5,1240.58,"0"
11.5,6.2,59.5,4,4,40.5,990.08,"0"
11.5,6.2,59.5,4,24,40.5,2098.12,"1"
11.5,6.2,59.5,4,19,40.5,1741.58,"1"
11.5,6.2,59.5,4,14,40.5,1491.08,"1"
11.5,6.2,59.5,4,19,40.5,1845.08,"1"
11.5,6.2,59.5,4,24,40.5,1992.08,"1"
11.5,6.2,59.5,4,24,40.5,1992.08,"1"
11.5,6.2,59.5,4,24,40.5,1992.08,"1"
11.5,6.2,59.5,4,24,40.5,1992.08,"1"
11.5,6.2,59.5,4,24,40.5,1992.08,"1"
11.5,6.2,59.5,4,19,40.5,1741.58,"1"
11.5,6.2,59.5,4,14,40.5,1491.08,"1"
11.5,6.2,59.5,4,14,40.5,1491.08,"1"
11.5,6.2,59.5,9,14,40.5,1594.58,"1"
11.5,6.2,59.5,4,14,40.5,1491.08,"1"
11.5,6.2,59.5,4,14,40.5,1491.08,"1"
11.5,6.2,59.5,4,14,40.5,1491.08,"1"
11.5,6.2,59.5,4,14,40.5,1491.08,"1"
11.5,6.2,59.5,4,14,40.5,1491.08,"1"
11.5,6.2,59.5,4,14,40.5,1491.08,"1"
11.5,6.2,59.5,4,14,40.5,1491.08,"1"
11.5,6.2,59.5,4,14,40.5,1491.08,"1"
11.5,6.2,59.5,4,14,40.5,1491.08,"1"
11.5,6.2,59.5,4,14,40.5,1491.08,"1"
11.5,6.2,59.5,4,14,40.5,1491.08,"1"
11.5,6.2,59.5,4,14,40.5,1491.08,"1"
11.5,6.2,59.5,4,14,40.5,1491.08,"1"
11.5,6.2,59.5,4,14,40.5,1491.08,"1"
11.5,6.2,59.5,4,14,40.5,1491.08,"1"
11.5,6.2,59.5,4,14,40.5,1491.08,"1"
11.5,6.2,59.5,4,14,40.5,1491.08,"1"
11.5,6.2,59.5,4,14,40.5,1491.08,"1"
11.5,6.2,59.5,4,14,40.5,1491.08,"1"
11.5,6.2,59.5,4,14,40.5,1491.08,"1"
11.5,6.2,59.5,4,14,40.5,1491.08,"1"
11.5,6.2,59.5,4,14,40.5,1491.08,"1"
11.5,6.2,59.5,4,14,40.5,1491.08,"1"
11.5,6.2,59.5,4,14,40.5,1491.08,"1"
11.5,6.2,59.5,4,14,40.5,1491.08,"1"
11.5,6.2,59.5,4,14,40.5,1491.08,"1"
11.5,6.2,59.5,4,14,40.5,1491.08,"1"
11.5,6.2,59.5,4,14,40.5,1491.08,"1"
11.5,6.2,59.5,4,14,40.5,1491.08,"1"
11.5,6.2,59.5,4,14,40.5,1491.08,"1"
11.5,6.2,59.5,4,14,40.5,1491.08,"1"
11.5,6.2,59.5,4,14,40.5,1491.08,"1"
11.5,6.2,59.5,4,14,40.5,1491.08,"1"
11.5,6.2,59.5,19,14,40.5,1801.58,"1"
11.5,6.2,59.5,4,14,40.5,1491.08,"1"
11.5,6.2,59.5,4,14,40.5,1491.08,"1"
11.5,6.2,59.5,4,14,40.5,1491.08,"1"
11.5,6.2,59.5,4,14,40.5,1491.08,"1"
11.5,6.2,59.5,4,14,40.5,1491.08,"1"
11.5,6.2,59.5,4,14,40.5,1491.08,"1"
11.5,6.2,59.5,4,14,40.5,1491.08,"1"
11.5,6.2,59.5,4,14,40.5,1491.08,"1"
11.5,6.2,59.5,14,24,40.5,2199.08,"1"
11.5,6.2,59.5,24,24,40.5,2406.08,"1"
11.5,6.2,59.5,9,24,40.5,2095.58,"1"
11.5,6.2,59.5,19,24,40.5,2302.58,"1"
11.5,6.2,59.5,4,24,40.5,1992.08,"1"
11.5,6.2,59.5,4,14,40.5,1491.08,"1"
11.5,6.2,59.5,4,14,40.5,1491.08,"1"
11.5,6.2,59.5,4,14,40.5,1491.08,"1"
11.5,6.2,59.5,4,14,40.5,1491.08,"1"
11.5,6.2,59.5,4,14,40.5,1491.08,"1"
11.5,6.2,59.5,4,14,40.5,1491.08,"1"
11.5,6.2,59.5,4,14,40.5,1491.08,"1"
11.5,6.2,59.5,4,24,40.5,1992.08,"1"
11.5,6.2,59.5,4,24,40.5,1992.08,"1"
11.5,6.2,59.5,4,24,40.5,1992.08,"1"
11.5,6.2,59.5,4,24,40.5,1992.08,"1"
11.5,6.2,59.5,4,24,40.5,1992.08,"1"
11.5,6.2,59.5,4,24,40.5,1992.08,"1"
11.5,6.2,59.5,4,24,40.5,1992.08,"1"
11.5,6.2,59.5,4,24,40.5,1992.08,"1"
11.5,6.2,59.5,4,24,40.5,1992.08,"1"
11.5,6.2,59.5,4,24,40.5,1992.08,"1"
11.5,6.2,59.5,4,24,40.5,1992.08,"1"
11.5,6.2,59.5,4,24,40.5,1992.08,"1"
11.5,6.2,59.5,4,24,40.5,1992.08,"1"
11.5,6.2,59.5,4,24,40.5,1992.08,"1"
11.5,6.2,59.5,4,24,40.5,1992.08,"1"
11.5,6.2,59.5,4,24,40.5,1992.08,"1"
11.5,6.2,59.5,4,24,40.5,1992.08,"1"
11.5,6.2,59.5,4,24,40.5,1992.08,"1"
11.5,6.2,59.5,4,24,40.5,1992.08,"1"
11.5,6.2,59.5,4,24,40.5,1992.08,"1"
11.5,6.2,59.5,4,24,40.5,1992.08,"1"
11.5,6.2,59.5,4,24,40.5,1992.08,"1"
11.5,6.2,59.5,4,24,40.5,1992.08,"1"
11.5,6.2,59.5,4,24,40.5,1992.08,"1"
11.5,6.2,59.5,4,24,40.5,1992.08,"1"
11.5,6.2,59.5,4,24,40.5,1992.08,"1"
11.5,6.2,59.5,4,24,40.5,1992.08,"1"
11.5,6.2,59.5,4,24,40.5,1992.08,"1"
11.5,6.2,59.5,4,24,40.5,1992.08,"1"
11.5,6.2,59.5,4,24,40.5,1992.08,"1"
11.5,6.2,59.5,4,24,40.5,1992.08,"1"
11.5,6.2,59.5,4,9,40.5,1240.58,"0"
11.5,6.2,59.5,4,9,40.5,1240.58,"0"
11.5,6.2,59.5,4,9,40.5,1240.58,"0"
11.5,6.2,59.5,4,9,40.5,1240.58,"0"
11.5,6.2,59.5,4,9,40.5,1240.58,"0"
11.5,6.2,59.5,4,9,40.5,1240.58,"0"
11.5,6.2,59.5,4,9,40.5,1240.58,"0"
11.5,6.2,59.5,4,9,40.5,1240.58,"0"
11.5,6.2,59.5,4,9,40.5,1240.58,"0"
11.5,6.2,59.5,4,9,40.5,1240.58,"0"
11.5,6.2,59.5,4,9,40.5,1240.58,"0"
11.5,6.2,59.5,4,9,40.5,1240.58,"0"
11.5,6.2,59.5,4,9,40.5,1240.58,"0"
11.5,6.2,59.5,4,9,40.5,1240.58,"0"
11.5,6.2,59.5,4,9,40.5,1240.58,"0"
11.5,6.2,59.5,4,9,40.5,1240.58,"0"
11.5,6.2,59.5,4,9,40.5,1240.58,"0"
11.5,6.2,59.5,4,9,40.5,1240.58,"0"
11.5,6.2,59.5,4,9,40.5,1240.58,"0"
11.5,6.2,59.5,4,9,40.5,1240.58,"0"
11.5,6.2,59.5,4,14,40.5,1491.08,"1"
11.5,6.2,59.5,4,24,40.5,1992.08,"1"
11.5,6.2,59.5,4,24,40.5,1992.08,"1"
11.5,6.2,59.5,4,24,40.5,1992.08,"1"
11.5,6.2,59.5,4,24,40.5,1992.08,"1"
11.5,6.2,59.5,4,24,40.5,1992.08,"1"
11.5,6.2,59.5,4,24,40.5,1992.08,"1"
11.5,6.2,59.5,4,24,40.5,1992.08,"1"
11.5,6.2,59.5,4,14,40.5,1491.08,"1"
11.5,6.2,59.5,4,9,40.5,1240.58,"0"
11.5,6.2,59.5,4,9,40.5,1240.58,"0"
11.5,6.2,59.5,4,9,40.5,1240.58,"0"
11.5,6.2,59.5,4,9,40.5,1240.58,"0"
11.5,6.2,59.5,4,9,40.5,1240.58,"0"
11.5,6.2,59.5,4,9,40.5,1240.58,"0"
11.5,6.2,59.5,4,9,40.5,1240.58,"0"
11.5,6.2,59.5,4,9,40.5,1240.58,"0"
11.5,6.2,59.5,4,29,40.5,2242.58,"1"
11.5,6.2,59.5,4,29,40.5,2242.58,"1"
11.5,6.2,59.5,4,29,40.5,2242.58,"1"
11.5,6.2,59.5,4,29,40.5,2242.58,"1"
11.5,6.2,59.5,4,29,40.5,2242.58,"1"
11.5,6.2,59.5,4,29,40.5,2242.58,"1"
11.5,6.2,59.5,4,29,40.5,2242.58,"1"
11.5,6.2,59.5,4,29,40.5,2242.58,"1"
11.5,6.2,59.5,4,29,40.5,2242.58,"1"
11.5,6.2,59.5,4,29,40.5,2242.58,"1"
11.5,6.2,59.5,4,29,40.5,2242.58,"1"
11.5,6.2,59.5,4,29,40.5,2242.58,"1"
11.5,6.2,59.5,4,29,40.5,2242.58,"1"
11.5,6.2,59.5,4,29,40.5,2242.58,"1"
11.5,6.2,59.5,4,29,40.5,2242.58,"1"
11.5,6.2,59.5,4,29,40.5,2242.58,"1"
11.5,6.2,59.5,4,29,40.5,2242.58,"1"
11.5,6.2,59.5,4,29,40.5,2242.58,"1"
11.5,6.2,59.5,4,29,40.5,2242.58,"1"
11.5,6.2,59.5,4,29,40.5,2242.58,"1"
11.5,6.2,59.5,4,29,40.5,2242.58,"1"
11.5,6.2,59.5,4,29,40.5,2242.58,"1"
11.5,6.2,59.5,4,29,40.5,2242.58,"1"
11.5,6.2,59.5,4,29,40.5,2242.58,"1"
11.5,6.2,59.5,4,29,40.5,2242.58,"1"
11.5,6.2,59.5,4,29,40.5,2242.58,"1"
11.5,6.2,59.5,4,29,40.5,2242.58,"1"
11.5,6.2,59.5,4,29,40.5,2242.58,"1"
11.5,6.2,59.5,4,29,40.5,2242.58,"1"
11.5,6.2,59.5,4,29,40.5,2242.58,"1"
11.5,6.2,59.5,4,29,40.5,2242.58,"1"
11.5,6.2,59.5,4,29,40.5,2242.58,"1"
11.5,6.2,59.5,4,29,40.5,2242.58,"1"
11.5,6.2,59.5,4,29,40.5,2242.58,"1"
11.5,6.2,59.5,4,29,40.5,2242.58,"1"
11.5,6.2,59.5,4,29,40.5,2242.58,"1"
11.5,6.2,59.5,4,24,40.5,1992.08,"1"
11.5,6.2,59.5,4,29,40.5,2242.58,"1"
11.5,6.2,59.5,4,29,40.5,2242.58,"1"
11.5,6.2,59.5,4,29,40.5,2242.58,"1"
11.5,6.2,59.5,4,29,40.5,2242.58,"1"
11.5,6.2,59.5,4,29,40.5,2242.58,"1"
11.5,6.2,59.5,4,29,40.5,2242.58,"1"
11.5,6.2,59.5,4,29,40.5,2242.58,"1"
11.5,6.2,59.5,4,29,40.5,2242.58,"1"
11.5,6.2,59.5,4,29,40.5,2242.58,"1"
11.5,6.2,59.5,4,29,40.5,2242.58,"1"
11.5,6.2,59.5,4,24,40.5,1973.27,"1"
11.5,6.2,59.5,4,24,40.5,1973.27,"1"
11.5,6.2,59.5,4,4,40.5,990.08,"0"
11.5,6.2,59.5,4,29,40.5,2242.58,"1"
11.5,6.2,59.5,4,14,40.5,1491.08,"1"
11.5,6.2,59.5,4,14,40.5,1491.08,"1"
11.5,6.2,59.5,4,4,40.5,990.08,"0"
11.5,6.2,59.5,4,24,40.5,1973.27,"1"
11.5,6.2,59.5,4,14,40.5,1491.08,"1"
11.5,6.2,59.5,4,29,40.5,2242.58,"1"
11.5,6.2,59.5,4,29,40.5,2242.58,"1"
11.5,6.2,59.5,4,29,40.5,2242.58,"1"
11.5,6.2,59.5,4,29,40.5,2242.58,"1"
11.5,6.2,59.5,4,29,40.5,2242.58,"1"
11.5,6.2,59.5,4,29,40.5,2242.58,"1"
11.5,6.2,59.5,4,9,40.5,1240.58,"0"
11.5,6.2,59.5,4,29,40.5,2242.58,"1"
11.5,6.2,59.5,4,4,40.5,990.08,"0"
11.5,6.2,59.5,4,29,40.5,2242.58,"1"
11.5,6.2,59.5,4,29,40.5,2242.58,"1"
11.5,6.2,59.5,4,29,40.5,2242.58,"1"
11.5,6.2,59.5,4,29,40.5,2242.58,"1"
11.5,6.2,59.5,4,29,40.5,2242.58,"1"
11.5,6.2,59.5,4,29,40.5,2242.58,"1"
11.5,6.2,59.5,4,29,40.5,2242.58,"1"
11.5,6.2,59.5,4,29,40.5,2242.58,"1"
11.5,6.2,59.5,4,29,40.5,2242.58,"1"
11.5,6.2,59.5,4,29,40.5,2242.58,"1"
11.5,6.2,59.5,4,29,40.5,2242.58,"1"
11.5,6.2,59.5,4,24,40.5,1992.08,"1"
11.5,6.2,59.5,4,24,40.5,1992.08,"1"
11.5,6.2,59.5,4,29,40.5,2242.58,"1"
11.5,6.2,59.5,4,14,40.5,1491.08,"1"
11.5,6.2,59.5,4,24,40.5,1992.08,"1"
11.5,6.2,59.5,4,24,40.5,1992.08,"1"
11.5,6.2,59.5,4,24,40.5,1992.08,"1"
11.5,6.2,59.5,4,14,40.5,1491.08,"1"
11.5,6.2,59.5,4,14,40.5,1491.08,"1"
11.5,6.2,59.5,4,24,40.5,1992.08,"1"
11.5,6.2,59.5,4,24,40.5,1992.08,"1"
11.5,6.2,59.5,4,24,40.5,1992.08,"1"
11.5,6.2,59.5,4,24,40.5,1992.08,"1"
11.5,6.2,59.5,4,24,40.5,1992.08,"1"
11.5,6.2,59.5,4,24,40.5,1992.08,"1"
11.5,6.2,59.5,4,24,40.5,1992.08,"1"
11.5,6.2,59.5,4,24,40.5,1992.08,"1"
11.5,6.2,59.5,4,24,40.5,1992.08,"1"
11.5,6.2,59.5,4,24,40.5,1992.08,"1"
11.5,6.2,59.5,4,24,40.5,1992.08,"1"
11.5,6.2,59.5,4,24,40.5,1992.08,"1"
11.5,6.2,59.5,4,29,40.5,2242.58,"1"
11.5,6.2,59.5,4,29,40.5,2242.58,"1"
11.5,6.2,59.5,4,29,40.5,2242.58,"1"
11.5,6.2,59.5,4,29,40.5,2242.58,"1"
11.5,6.2,59.5,4,29,40.5,2242.58,"1"
11.5,6.2,59.5,4,29,40.5,2242.58,"1"
11.5,6.2,59.5,4,29,40.5,2242.58,"1"
11.5,6.2,59.5,4,29,40.5,2242.58,"1"
11.5,6.2,59.5,4,29,40.5,2242.58,"1"
11.5,6.2,59.5,4,29,40.5,2242.58,"1"
11.5,6.2,59.5,4,29,40.5,2242.58,"1"
11.5,6.2,59.5,4,24,40.5,1992.08,"1"
11.5,6.2,59.5,4,29,40.5,2242.58,"1"
11.5,6.2,59.5,4,29,40.5,2242.58,"1"
11.5,6.2,59.5,4,29,40.5,2242.58,"1"
11.5,6.2,59.5,4,29,40.5,2242.58,"1"
11.5,6.2,59.5,4,29,40.5,2242.58,"1"
11.5,6.2,59.5,4,29,40.5,2242.58,"1"
11.5,6.2,59.5,4,29,40.5,2242.58,"1"
11.5,6.2,59.5,4,29,40.5,2242.58,"1"
11.5,6.2,59.5,4,29,40.5,2242.58,"1"
11.5,6.2,59.5,4,29,40.5,2242.58,"1"
11.5,6.2,59.5,4,29,40.5,2242.58,"1"
11.5,6.2,59.5,4,29,40.5,2242.58,"1"
11.5,6.2,59.5,4,29,40.5,2242.58,"1"
11.5,6.2,59.5,4,29,40.5,2242.58,"1"
11.5,6.2,59.5,4,29,40.5,2242.58,"1"
11.5,6.2,59.5,4,29,40.5,2242.58,"1"
11.5,6.2,59.5,4,29,40.5,2242.58,"1"
11.5,6.2,59.5,4,29,40.5,2242.58,"1"
11.5,6.2,59.5,4,29,40.5,2242.58,"1"
11.5,6.2,59.5,4,29,40.5,2242.58,"1"
11.5,6.2,59.5,4,29,40.5,2242.58,"1"
11.5,6.2,59.5,4,29,40.5,2242.58,"1"
11.5,6.2,59.5,4,29,40.5,2242.58,"1"
11.5,6.2,59.5,24,4,40.5,1404.08,"0"
11.5,6.2,59.5,19,4,40.5,1300.58,"0"
11.5,6.2,59.5,19,4,40.5,1300.58,"0"
11.5,6.2,59.5,19,4,40.5,1300.58,"0"
11.5,6.2,59.5,14,4,40.5,1197.08,"0"
11.5,6.2,59.5,24,4,40.5,1404.08,"0"
11.5,6.2,59.5,24,4,40.5,1404.08,"0"
11.5,6.2,59.5,24,4,40.5,1404.08,"0"
11.5,6.2,59.5,24,4,40.5,1404.08,"0"
11.5,6.2,59.5,19,4,40.5,1300.58,"0"
11.5,6.2,59.5,19,4,40.5,1300.58,"0"
11.5,6.2,59.5,14,4,40.5,1197.08,"0"
11.5,6.2,59.5,14,4,40.5,1197.08,"0"
11.5,6.2,59.5,14,4,40.5,1197.08,"0"
11.5,6.2,59.5,4,4,40.5,990.08,"0"
11.5,6.2,59.5,4,19,40.5,1741.58,"1"
11.5,6.2,59.5,4,19,40.5,1741.58,"1"
11.5,6.2,59.5,4,19,40.5,1741.58,"1"
11.5,6.2,59.5,4,19,40.5,1741.58,"1"
11.5,6.2,59.5,4,19,40.5,1741.58,"1"
11.5,6.2,59.5,4,19,40.5,1741.58,"1"
11.5,6.2,59.5,4,19,40.5,1741.58,"1"
11.5,6.2,59.5,4,4,40.5,990.08,"0"
11.5,6.2,59.5,4,24,40.5,1992.08,"1"
11.5,6.2,59.5,4,24,40.5,1992.08,"1"
11.5,6.2,59.5,4,24,40.5,1992.08,"1"
11.5,6.2,59.5,4,4,40.5,990.08,"0"
11.5,6.2,59.5,4,4,40.5,990.08,"0"
11.5,6.2,59.5,4,4,40.5,990.08,"0"
11.5,6.2,59.5,4,14,13.1,1370.52,"0"
11.5,6.2,59.5,4,9,13.1,1120.02,"0"
11.5,6.2,59.5,4,9,13.1,1120.02,"0"
11.5,6.2,59.5,4,14,13.1,1370.52,"0"
11.5,6.2,59.5,14,14,40.5,1698.08,"1"
11.5,6.2,59.5,4,19,40.5,1741.58,"1"
11.5,6.2,59.5,4,19,40.5,1741.58,"1"
11.5,6.2,59.5,4,19,40.5,1741.58,"1"
11.5,6.2,59.5,4,19,40.5,1741.58,"1"
11.5,6.2,59.5,4,19,40.5,1741.58,"1"
11.5,6.2,59.5,4,19,40.5,1741.58,"1"
11.5,6.2,59.5,4,19,40.5,1741.58,"1"
11.5,6.2,59.5,4,19,40.5,1741.58,"1"
11.5,6.2,59.5,4,19,40.5,1741.58,"1"
11.5,6.2,59.5,29,14,40.5,2008.58,"1"
11.5,6.2,59.5,19,14,40.5,1801.58,"1"
11.5,6.2,59.5,9,19,40.5,1845.08,"1"
11.5,6.2,59.5,4,19,40.5,1741.58,"1"
11.5,6.2,59.5,4,19,40.5,1741.58,"1"
11.5,6.2,59.5,4,19,40.5,1741.58,"1"
11.5,6.2,59.5,4,19,40.5,1741.58,"1"
11.5,6.2,59.5,4,19,13.1,1621.02,"1"
11.5,6.2,59.5,4,19,13.1,1621.02,"1"
11.5,6.2,59.5,4,19,13.1,1621.02,"1"
11.5,6.2,59.5,4,14,40.5,1491.08,"1"
11.5,6.2,59.5,4,14,40.5,1491.08,"1"
11.5,6.2,59.5,4,14,40.5,1491.08,"1"
11.5,6.2,59.5,4,14,40.5,1491.08,"1"
11.5,6.2,59.5,4,14,40.5,1491.08,"1"
11.5,6.2,59.5,4,14,40.5,1491.08,"1"
11.5,6.2,59.5,4,14,40.5,1491.08,"1"
11.5,6.2,59.5,4,14,40.5,1491.08,"1"
11.5,6.2,59.5,4,19,40.5,1741.58,"1"
11.5,6.2,59.5,4,19,40.5,1741.58,"1"
11.5,6.2,59.5,4,19,40.5,1741.58,"1"
11.5,6.2,59.5,19,4,13.1,1180.02,"0"
11.5,6.2,59.5,14,14,13.1,1577.52,"1"
11.5,6.2,59.5,14,14,13.1,1577.52,"1"
11.5,6.2,59.5,14,14,13.1,1577.52,"1"
11.5,6.2,59.5,14,14,13.1,1577.52,"1"
11.5,6.2,59.5,14,14,13.1,1577.52,"1"
11.5,6.2,59.5,19,14,13.1,1681.02,"1"
11.5,6.2,59.5,19,14,13.1,1681.02,"1"
11.5,6.2,59.5,19,14,13.1,1681.02,"1"
11.5,6.2,59.5,14,14,13.1,1577.52,"1"
11.5,6.2,59.5,14,14,13.1,1577.52,"1"
11.5,6.2,59.5,19,14,13.1,1681.02,"1"
11.5,6.2,59.5,19,4,13.1,1180.02,"0"
11.5,6.2,59.5,4,14,13.1,1370.52,"0"
11.5,6.2,59.5,9,14,13.1,1474.02,"1"
11.5,6.2,59.5,9,14,13.1,1474.02,"1"
11.5,6.2,59.5,9,14,13.1,1474.02,"1"
11.5,6.2,59.5,9,14,13.1,1474.02,"1"
11.5,6.2,59.5,19,4,40.5,1300.58,"0"
11.5,6.2,59.5,19,4,40.5,1300.58,"0"
11.5,6.2,59.5,14,4,40.5,1197.08,"0"
11.5,6.2,59.5,19,4,40.5,1300.58,"0"
11.5,6.2,59.5,19,4,40.5,1300.58,"0"
11.5,6.2,59.5,19,4,40.5,1300.58,"0"
11.5,6.2,59.5,19,4,40.5,1300.58,"0"
11.5,6.2,59.5,24,4,40.5,1404.08,"0"
11.5,6.2,59.5,19,4,40.5,1300.58,"0"
11.5,6.2,59.5,14,4,40.5,1197.08,"0"
11.5,6.2,59.5,14,4,40.5,1197.08,"0"
11.5,6.2,59.5,14,4,40.5,1197.08,"0"
11.5,6.2,59.5,19,4,40.5,1300.58,"0"
11.5,6.2,59.5,19,4,40.5,1300.58,"0"
11.5,6.2,59.5,19,4,40.5,1300.58,"0"
11.5,6.2,59.5,19,4,40.5,1300.58,"0"
11.5,6.2,59.5,24,4,40.5,1404.08,"0"
11.5,6.2,59.5,29,4,40.5,1507.58,"1"
11.5,6.2,59.5,24,4,40.5,1404.08,"0"
11.5,6.2,59.5,19,4,40.5,1300.58,"0"
11.5,6.2,59.5,19,4,40.5,1300.58,"0"
11.5,6.2,59.5,19,4,40.5,1300.58,"0"
11.5,6.2,59.5,19,4,40.5,1300.58,"0"
11.5,6.2,59.5,19,4,40.5,1300.58,"0"
11.5,6.2,59.5,24,4,40.5,1404.08,"0"
11.5,6.2,59.5,19,4,40.5,1300.58,"0"
11.5,6.2,59.5,19,4,40.5,1300.58,"0"
11.5,6.2,59.5,19,4,40.5,1300.58,"0"
11.5,6.2,59.5,19,4,40.5,1300.58,"0"
11.5,6.2,59.5,19,4,40.5,1300.58,"0"
11.5,6.2,59.5,4,9,40.5,1240.58,"0"
11.5,6.2,59.5,14,9,40.5,1447.58,"0"
11.5,6.2,59.5,14,4,40.5,1197.08,"0"
11.5,6.2,59.5,14,4,40.5,1197.08,"0"
11.5,6.2,59.5,19,4,40.5,1300.58,"0"
11.5,6.2,59.5,14,4,40.5,1197.08,"0"
11.5,6.2,59.5,19,4,40.5,1300.58,"0"
11.5,6.2,59.5,19,4,40.5,1300.58,"0"
11.5,6.2,59.5,19,4,40.5,1300.58,"0"
11.5,6.2,59.5,19,4,40.5,1300.58,"0"
11.5,6.2,59.5,19,4,40.5,1300.58,"0"
11.5,6.2,59.5,24,4,40.5,1404.08,"0"
11.5,6.2,59.5,29,14,40.5,2008.58,"1"
11.5,6.2,59.5,4,14,40.5,1491.08,"1"
11.5,6.2,59.5,4,14,40.5,1491.08,"1"
11.5,6.2,59.5,4,14,40.5,1491.08,"1"
11.5,6.2,59.5,4,14,40.5,1491.08,"1"
11.5,6.2,59.5,4,14,40.5,1491.08,"1"
11.5,6.2,59.5,19,14,40.5,1801.58,"1"
11.5,6.2,59.5,24,14,40.5,1905.08,"1"
11.5,6.2,59.5,14,4,13.1,1076.52,"0"
11.5,6.2,59.5,29,4,40.5,1507.58,"1"
11.5,6.2,59.5,29,4,40.5,1507.58,"1"
11.5,6.2,59.5,29,4,40.5,1507.58,"1"
11.5,6.2,59.5,29,4,40.5,1507.58,"1"
11.5,6.2,59.5,29,4,40.5,1507.58,"1"
11.5,6.2,59.5,29,4,40.5,1507.58,"1"
11.5,6.2,59.5,29,4,40.5,1507.58,"1"
11.5,6.2,59.5,29,4,40.5,1507.58,"1"
11.5,6.2,59.5,29,4,40.5,1507.58,"1"
11.5,6.2,59.5,29,4,40.5,1507.58,"1"
11.5,6.2,59.5,29,4,40.5,1507.58,"1"
11.5,6.2,59.5,29,4,40.5,1507.58,"1"
11.5,6.2,59.5,29,4,40.5,1507.58,"1"
11.5,6.2,59.5,24,9,13.1,1534.02,"1"
11.5,6.2,59.5,24,9,13.1,1534.02,"1"
11.5,6.2,59.5,29,9,13.1,1637.52,"1"
11.5,6.2,59.5,14,4,40.5,1197.08,"0"
11.5,6.2,59.5,19,4,40.5,1300.58,"0"
11.5,6.2,59.5,14,4,40.5,1197.08,"0"
11.5,6.2,59.5,19,14,40.5,1801.58,"1"
11.5,6.2,59.5,14,14,40.5,1698.08,"1"
11.5,6.2,59.5,9,19,40.5,1845.08,"1"
11.5,6.2,59.5,19,19,40.5,2052.08,"1"
11.5,6.2,59.5,14,19,40.5,1948.58,"1"
11.5,6.2,59.5,9,19,40.5,1845.08,"1"
11.5,6.2,59.5,29,19,13.1,2138.52,"1"
11.5,6.2,59.5,19,19,13.1,1931.52,"1"
11.5,6.2,59.5,24,19,13.1,2035.02,"1"
11.5,6.2,59.5,4,4,40.5,990.08,"0"
11.5,6.2,59.5,4,4,40.5,990.08,"0"
11.5,6.2,59.5,9,4,40.5,1093.58,"0"
11.5,6.2,59.5,9,4,40.5,1093.58,"0"
11.5,6.2,59.5,4,4,40.5,990.08,"0"
11.5,6.2,59.5,19,4,40.5,1300.58,"0"
11.5,6.2,59.5,29,4,13.1,1387.02,"0"
11.5,6.2,59.5,29,4,13.1,1387.02,"0"
11.5,6.2,59.5,14,4,40.5,1197.08,"0"
11.5,6.2,59.5,19,4,40.5,1300.58,"0"
11.5,6.2,59.5,29,4,13.1,1387.02,"0"
11.5,6.2,59.5,24,4,13.1,1283.52,"0"
11.5,6.2,59.5,29,4,13.1,1387.02,"0"
11.5,6.2,59.5,24,4,13.1,1283.52,"0"
11.5,6.2,59.5,14,4,40.5,1197.08,"0"
11.5,6.2,59.5,9,4,40.5,1093.58,"0"
11.5,6.2,59.5,9,4,40.5,1093.58,"0"
11.5,6.2,59.5,14,4,40.5,1197.08,"0"
11.5,6.2,59.5,4,4,40.5,990.08,"0"
11.5,6.2,59.5,4,19,40.5,1741.58,"1"
11.5,6.2,59.5,4,19,40.5,1741.58,"1"
11.5,6.2,59.5,9,19,40.5,1845.08,"1"
11.5,6.2,59.5,4,19,40.5,1741.58,"1"
11.5,6.2,59.5,9,19,40.5,1845.08,"1"
11.5,6.2,59.5,9,19,40.5,1845.08,"1"
11.5,6.2,59.5,9,19,40.5,1845.08,"1"
11.5,6.2,59.5,29,14,13.1,1888.02,"1"
11.5,6.2,59.5,19,14,13.1,1681.02,"1"
11.5,6.2,59.5,29,14,13.1,1888.02,"1"
11.5,6.2,59.5,29,14,13.1,1888.02,"1"
11.5,6.2,59.5,29,14,13.1,1888.02,"1"
11.5,6.2,59.5,29,14,13.1,1888.02,"1"
11.5,6.2,59.5,29,14,13.1,1888.02,"1"
11.5,6.2,59.5,29,14,13.1,1888.02,"1"
11.5,6.2,59.5,14,4,40.5,1197.08,"0"
11.5,6.2,59.5,29,4,40.5,1507.58,"1"
11.5,6.2,59.5,24,4,40.5,1404.08,"0"
11.5,6.2,59.5,29,4,40.5,1507.58,"1"
11.5,6.2,59.5,29,4,40.5,1507.58,"1"
11.5,6.2,59.5,29,4,40.5,1507.58,"1"
11.5,6.2,59.5,24,4,40.5,1404.08,"0"
11.5,6.2,59.5,24,4,40.5,1404.08,"0"
11.5,6.2,59.5,14,4,40.5,1197.08,"0"
11.5,6.2,59.5,14,4,40.5,1197.08,"0"
11.5,6.2,59.5,9,4,40.5,1093.58,"0"
11.5,6.2,59.5,19,4,40.5,1300.58,"0"
11.5,6.2,59.5,14,4,40.5,1197.08,"0"
11.5,6.2,59.5,14,4,40.5,1197.08,"0"
11.5,6.2,59.5,9,4,40.5,1093.58,"0"
11.5,6.2,59.5,9,4,40.5,1093.58,"0"
11.5,6.2,59.5,9,4,40.5,1093.58,"0"
11.5,6.2,59.5,14,4,40.5,1197.08,"0"
11.5,6.2,59.5,14,4,40.5,1197.08,"0"
11.5,6.2,59.5,14,4,40.5,1197.08,"0"
11.5,6.2,59.5,14,4,40.5,1197.08,"0"
11.5,6.2,59.5,9,4,40.5,1093.58,"0"
11.5,6.2,59.5,14,4,40.5,1197.08,"0"
11.5,6.2,59.5,24,4,40.5,1404.08,"0"
11.5,6.2,59.5,9,4,40.5,1093.58,"0"
11.5,6.2,59.5,19,19,40.5,2052.08,"1"
11.5,6.2,59.5,14,4,40.5,1197.08,"0"
11.5,6.2,59.5,9,4,40.5,1093.58,"0"
11.5,6.2,59.5,14,14,40.5,1698.08,"1"
11.5,6.2,59.5,9,14,40.5,1594.58,"1"
11.5,6.2,59.5,9,14,40.5,1594.58,"1"
11.5,6.2,59.5,24,9,13.1,1534.02,"1"
11.5,6.2,59.5,29,19,13.1,2138.52,"1"
11.5,6.2,59.5,19,19,13.1,1931.52,"1"
11.5,6.2,59.5,24,19,13.1,2035.02,"1"
11.5,6.2,59.5,29,19,13.1,2138.52,"1"
11.5,6.2,59.5,29,19,13.1,2138.52,"1"
11.5,6.2,59.5,29,19,13.1,2138.52,"1"
11.5,6.2,59.5,29,19,13.1,2138.52,"1"
11.5,6.2,59.5,29,19,13.1,2138.52,"1"
11.5,6.2,59.5,29,19,13.1,2138.52,"1"
11.5,6.2,59.5,29,19,13.1,2138.52,"1"
11.5,6.2,59.5,29,19,13.1,2138.52,"1"
11.5,6.2,59.5,4,14,40.5,1491.08,"1"
11.5,6.2,59.5,4,14,40.5,1491.08,"1"
11.5,6.2,59.5,4,14,40.5,1491.08,"1"
11.5,6.2,59.5,4,14,40.5,1491.08,"1"
11.5,6.2,59.5,4,14,40.5,1491.08,"1"
11.5,6.2,59.5,9,14,40.5,1594.58,"1"
11.5,6.2,59.5,4,14,40.5,1491.08,"1"
11.5,6.2,59.5,4,9,40.5,1240.58,"0"
11.5,6.2,59.5,4,24,40.5,1992.08,"1"
11.5,6.2,59.5,4,24,40.5,1992.08,"1"
11.5,6.2,59.5,4,24,40.5,1992.08,"1"
11.5,6.2,59.5,4,24,40.5,1992.08,"1"
11.5,6.2,59.5,4,24,40.5,1992.08,"1"
11.5,6.2,59.5,4,24,40.5,1992.08,"1"
11.5,6.2,59.5,4,24,40.5,1992.08,"1"
11.5,6.2,59.5,4,24,40.5,1992.08,"1"
11.5,6.2,59.5,4,24,40.5,1992.08,"1"
11.5,6.2,59.5,4,24,40.5,1992.08,"1"
11.5,6.2,59.5,4,24,40.5,1992.08,"1"
11.5,6.2,59.5,4,24,40.5,1992.08,"1"
11.5,6.2,59.5,4,24,40.5,1992.08,"1"
11.5,6.2,59.5,4,19,3.6,1579.22,"1"
11.5,6.2,59.5,14,19,3.6,1786.22,"1"
11.5,6.2,59.5,14,19,3.6,1786.22,"1"
11.5,6.2,59.5,19,4,3.6,1138.22,"0"
11.5,6.2,59.5,24,4,3.6,1241.72,"0"
11.5,6.2,59.5,19,4,3.6,1138.22,"0"
11.5,6.2,59.5,24,4,3.6,1241.72,"0"
11.5,6.2,59.5,24,4,3.6,1241.72,"0"
11.5,6.2,59.5,19,4,3.6,1138.22,"0"
11.5,6.2,59.5,19,4,3.6,1138.22,"0"
11.5,6.2,59.5,14,4,11.6,1069.92,"0"
11.5,6.2,59.5,19,4,11.6,1173.42,"0"
11.5,6.2,59.5,19,4,11.6,1173.42,"0"
11.5,6.2,59.5,24,4,11.6,1276.92,"0"
11.5,6.2,59.5,24,4,11.6,1276.92,"0"
11.5,6.2,59.5,14,4,11.6,1069.92,"0"
11.5,6.2,59.5,19,4,11.6,1173.42,"0"
11.5,6.2,59.5,19,4,11.6,1173.42,"0"
11.5,6.2,59.5,14,4,11.6,1069.92,"0"
11.5,6.2,59.5,19,4,11.6,1173.42,"0"
11.5,6.2,59.5,24,4,11.6,1276.92,"0"
11.5,6.2,59.5,19,4,11.6,1173.42,"0"
11.5,6.2,59.5,24,4,11.6,1276.92,"0"
11.5,6.2,59.5,19,4,11.6,1173.42,"0"
11.5,6.2,59.5,14,4,11.6,1069.92,"0"
11.5,6.2,59.5,19,4,11.6,1173.42,"0"
11.5,6.2,59.5,4,14,11.6,1363.92,"0"
11.5,6.2,59.5,4,14,11.6,1363.92,"0"
11.5,6.2,59.5,4,9,13.1,1132.34,"0"
11.5,6.2,59.5,4,9,15.9,1148.12,"0"
11.5,6.2,59.5,4,9,11.6,1132.34,"0"
11.5,6.2,59.5,4,24,11.6,1883.84,"1"
11.5,6.2,59.5,9,9,11.6,1216.92,"0"
11.5,6.2,59.5,9,9,11.6,1216.92,"0"
11.5,6.2,59.5,9,9,11.6,1216.92,"0"
11.5,6.2,59.5,14,9,11.6,1320.42,"0"
11.5,6.2,59.5,9,9,11.6,1216.92,"0"
11.5,6.2,59.5,9,9,11.6,1216.92,"0"
11.5,6.2,59.5,14,9,11.6,1320.42,"0"
11.5,6.2,59.5,14,9,11.6,1320.42,"0"
11.5,6.2,59.5,14,9,11.6,1320.42,"0"
11.5,6.2,59.5,9,9,11.6,1216.92,"0"
11.5,6.2,59.5,9,9,11.6,1216.92,"0"
11.5,6.2,59.5,9,9,11.6,1216.92,"0"
11.5,6.2,59.5,14,9,11.6,1320.42,"0"
11.5,6.2,59.5,9,9,11.6,1216.92,"0"
11.5,6.2,59.5,9,9,11.6,1216.92,"0"
11.5,6.2,59.5,4,9,11.6,1113.42,"0"
11.5,6.2,59.5,4,9,11.6,1113.42,"0"
11.5,6.2,59.5,4,9,11.6,1113.42,"0"
11.5,6.2,59.5,9,9,11.6,1216.92,"0"
11.5,6.2,59.5,9,9,11.6,1216.92,"0"
11.5,6.2,59.5,9,9,11.6,1216.92,"0"
11.5,6.2,59.5,14,9,11.6,1320.42,"0"
11.5,6.2,59.5,14,9,11.6,1320.42,"0"
11.5,6.2,59.5,9,9,11.6,1216.92,"0"
11.5,6.2,59.5,9,9,11.6,1216.92,"0"
11.5,6.2,59.5,9,9,11.6,1216.92,"0"
11.5,6.2,59.5,9,9,11.6,1216.92,"0"
11.5,6.2,59.5,14,9,11.6,1320.42,"0"
11.5,6.2,59.5,9,9,11.6,1216.92,"0"
11.5,6.2,59.5,9,9,11.6,1216.92,"0"
11.5,6.2,59.5,14,9,11.6,1320.42,"0"
11.5,6.2,59.5,9,9,11.6,1216.92,"0"
11.5,6.2,59.5,9,9,11.6,1216.92,"0"
11.5,6.2,59.5,14,9,11.6,1320.42,"0"
11.5,6.2,59.5,9,9,11.6,1216.92,"0"
11.5,6.2,59.5,4,9,11.6,1113.42,"0"
11.5,6.2,59.5,4,9,11.6,1113.42,"0"
11.5,6.2,59.5,14,9,3.6,1285.22,"0"
11.5,6.2,59.5,19,9,3.6,1388.72,"0"
11.5,6.2,59.5,14,9,3.6,1285.22,"0"
11.5,6.2,59.5,14,9,3.6,1285.22,"0"
11.5,6.2,59.5,29,9,3.6,1595.72,"1"
11.5,6.2,59.5,24,9,3.6,1492.22,"1"
11.5,6.2,59.5,19,9,3.6,1388.72,"0"
11.5,6.2,59.5,14,9,3.6,1285.22,"0"
11.5,6.2,59.5,14,9,3.6,1285.22,"0"
11.5,6.2,59.5,9,19,11.6,1717.92,"1"
11.5,6.2,59.5,19,4,11.6,1173.42,"0"
11.5,6.2,59.5,24,4,11.6,1276.92,"0"
11.5,6.2,59.5,14,4,11.6,1069.92,"0"
11.5,6.2,59.5,14,4,11.6,1069.92,"0"
11.5,6.2,59.5,14,4,11.6,1069.92,"0"
11.5,6.2,59.5,14,4,11.6,1069.92,"0"
11.5,6.2,59.5,14,4,11.6,1069.92,"0"
11.5,6.2,59.5,14,4,11.6,1069.92,"0"
11.5,6.2,59.5,14,4,11.6,1069.92,"0"
11.5,6.2,59.5,14,4,11.6,1069.92,"0"
11.5,6.2,59.5,14,4,11.6,1069.92,"0"
11.5,6.2,59.5,14,4,11.6,1069.92,"0"
11.5,6.2,59.5,14,4,11.6,1069.92,"0"
11.5,6.2,59.5,14,4,11.6,1069.92,"0"
11.5,6.2,59.5,14,4,11.6,1069.92,"0"
11.5,6.2,59.5,14,4,11.6,1069.92,"0"
11.5,6.2,59.5,19,4,11.6,1173.42,"0"
11.5,6.2,59.5,9,4,3.6,931.22,"0"
11.5,6.2,59.5,9,4,3.6,931.22,"0"
11.5,6.2,59.5,14,4,3.6,1034.72,"0"
11.5,6.2,59.5,14,4,3.6,1034.72,"0"
11.5,6.2,59.5,9,4,3.6,931.22,"0"
11.5,6.2,59.5,4,4,3.6,827.72,"0"
11.5,6.2,59.5,4,4,3.6,827.72,"0"
11.5,6.2,59.5,19,9,3.6,1388.72,"0"
11.5,6.2,59.5,24,4,3.6,1241.72,"0"
11.5,6.2,59.5,24,4,3.6,1241.72,"0"
11.5,6.2,59.5,24,4,3.6,1241.72,"0"
11.5,6.2,59.5,24,4,3.6,1241.72,"0"
11.5,6.2,59.5,19,4,3.6,1138.22,"0"
11.5,6.2,59.5,19,4,3.6,1138.22,"0"
11.5,6.2,59.5,19,4,3.6,1138.22,"0"
11.5,6.2,59.5,14,4,3.6,1034.72,"0"
11.5,6.2,59.5,19,4,3.6,1138.22,"0"
11.5,6.2,59.5,24,4,3.6,1241.72,"0"
11.5,6.2,59.5,19,4,3.6,1138.22,"0"
11.5,6.2,59.5,9,4,11.6,966.42,"0"
11.5,6.2,59.5,9,4,11.6,966.42,"0"
11.5,6.2,59.5,14,4,11.6,1069.92,"0"
11.5,6.2,59.5,14,4,3.6,1034.72,"0"
11.5,6.2,59.5,14,4,3.6,1034.72,"0"
11.5,6.2,59.5,14,4,3.6,1034.72,"0"
11.5,6.2,59.5,14,4,3.6,1034.72,"0"
11.5,6.2,59.5,9,4,3.6,931.22,"0"
11.5,6.2,59.5,9,4,3.6,931.22,"0"
11.5,6.2,59.5,9,4,3.6,931.22,"0"
11.5,6.2,59.5,19,4,3.6,1138.22,"0"
11.5,6.2,59.5,19,4,3.6,1138.22,"0"
11.5,6.2,59.5,19,4,3.6,1138.22,"0"
11.5,6.2,59.5,24,4,3.6,1241.72,"0"
11.5,6.2,59.5,14,4,3.6,1034.72,"0"
11.5,6.2,59.5,14,4,3.6,1034.72,"0"
11.5,6.2,59.5,19,4,3.6,1138.22,"0"
11.5,6.2,59.5,19,4,3.6,1138.22,"0"
11.5,6.2,59.5,19,4,3.6,1138.22,"0"
11.5,6.2,59.5,24,4,3.6,1241.72,"0"
11.5,6.2,59.5,24,4,3.6,1241.72,"0"
11.5,6.2,59.5,14,4,3.6,1034.72,"0"
11.5,6.2,59.5,24,4,3.6,1241.72,"0"
11.5,6.2,59.5,24,4,3.6,1241.72,"0"
11.5,6.2,59.5,19,4,3.6,1138.22,"0"
11.5,6.2,59.5,9,4,11.6,966.42,"0"
11.5,6.2,59.5,4,4,11.6,862.92,"0"
11.5,6.2,59.5,4,4,11.6,862.92,"0"
11.5,6.2,59.5,4,4,11.6,862.92,"0"
11.5,6.2,59.5,4,4,11.6,862.92,"0"
11.5,6.2,59.5,4,4,11.6,862.92,"0"
11.5,6.2,59.5,4,4,11.6,862.92,"0"
11.5,6.2,59.5,4,4,11.6,862.92,"0"
11.5,6.2,59.5,9,4,11.6,966.42,"0"
11.5,6.2,59.5,9,4,11.6,966.42,"0"
11.5,6.2,59.5,14,4,11.6,1069.92,"0"
11.5,6.2,59.5,4,4,11.6,862.92,"0"
11.5,6.2,59.5,9,4,11.6,966.42,"0"
11.5,6.2,59.5,14,4,11.6,1069.92,"0"
11.5,6.2,59.5,4,19,11.6,1614.42,"1"
11.5,6.2,59.5,4,19,11.6,1614.42,"1"
11.5,6.2,59.5,4,19,11.6,1614.42,"1"
11.5,6.2,59.5,4,19,11.6,1614.42,"1"
11.5,6.2,59.5,4,19,11.6,1614.42,"1"
11.5,6.2,59.5,4,19,11.6,1614.42,"1"
11.5,6.2,59.5,4,19,11.6,1614.42,"1"
11.5,6.2,59.5,29,4,11.6,1380.42,"0"
11.5,6.2,59.5,14,4,11.6,1069.92,"0"
11.5,6.2,59.5,24,4,11.6,1276.92,"0"
11.5,6.2,59.5,19,4,11.6,1173.42,"0"
11.5,6.2,59.5,19,4,11.6,1173.42,"0"
11.5,6.2,59.5,24,4,11.6,1276.92,"0"
11.5,6.2,59.5,19,4,11.6,1173.42,"0"
11.5,6.2,59.5,14,4,11.6,1069.92,"0"
11.5,6.2,59.5,9,4,11.6,966.42,"0"
11.5,6.2,59.5,9,4,11.6,966.42,"0"
11.5,6.2,59.5,9,4,11.6,966.42,"0"
11.5,6.2,59.5,14,4,11.6,1069.92,"0"
11.5,6.2,59.5,19,4,11.6,1173.42,"0"
11.5,6.2,59.5,19,4,11.6,1173.42,"0"
11.5,6.2,59.5,14,4,11.6,1069.92,"0"
11.5,6.2,59.5,24,4,11.6,1276.92,"0"
11.5,6.2,59.5,24,4,11.6,1276.92,"0"
11.5,6.2,59.5,24,4,11.6,1276.92,"0"
11.5,6.2,59.5,24,4,11.6,1276.92,"0"
11.5,6.2,59.5,24,4,11.6,1276.92,"0"
11.5,6.2,59.5,24,4,11.6,1276.92,"0"
11.5,6.2,59.5,19,4,11.6,1173.42,"0"
11.5,6.2,59.5,19,4,11.6,1173.42,"0"
11.5,6.2,59.5,19,4,11.6,1173.42,"0"
11.5,6.2,59.5,24,4,11.6,1276.92,"0"
11.5,6.2,59.5,24,4,11.6,1276.92,"0"
11.5,6.2,59.5,24,4,11.6,1276.92,"0"
11.5,6.2,59.5,24,4,11.6,1276.92,"0"
11.5,6.2,59.5,29,4,11.6,1380.42,"0"
11.5,6.2,59.5,29,4,11.6,1380.42,"0"
11.5,6.2,59.5,29,4,11.6,1380.42,"0"
11.5,6.2,59.5,24,4,11.6,1276.92,"0"
11.5,6.2,59.5,24,4,11.6,1276.92,"0"
11.5,6.2,59.5,19,4,11.6,1173.42,"0"
11.5,6.2,59.5,24,4,11.6,1276.92,"0"
11.5,6.2,59.5,24,4,11.6,1276.92,"0"
11.5,6.2,59.5,24,4,11.6,1276.92,"0"
11.5,6.2,59.5,24,4,11.6,1276.92,"0"
11.5,6.2,59.5,24,9,3.6,1492.22,"1"
11.5,6.2,59.5,9,9,3.6,1181.72,"0"
11.5,6.2,59.5,9,9,3.6,1181.72,"0"
11.5,6.2,59.5,9,9,3.6,1181.72,"0"
11.5,6.2,59.5,14,9,3.6,1285.22,"0"
11.5,6.2,59.5,24,9,3.6,1492.22,"1"
11.5,6.2,59.5,19,9,3.6,1388.72,"0"
11.5,6.2,59.5,19,9,3.6,1388.72,"0"
11.5,6.2,59.5,24,9,3.6,1492.22,"1"
11.5,6.2,59.5,14,14,3.6,1535.72,"1"
11.5,6.2,59.5,9,14,3.6,1432.22,"0"
11.5,6.2,59.5,14,14,3.6,1535.72,"1"
11.5,6.2,59.5,14,14,3.6,1535.72,"1"
11.5,6.2,59.5,9,14,3.6,1432.22,"0"
11.5,6.2,59.5,29,4,3.6,1345.22,"0"
11.5,6.2,59.5,19,4,3.6,1138.22,"0"
11.5,6.2,59.5,19,4,3.6,1138.22,"0"
11.5,6.2,59.5,14,4,3.6,1034.72,"0"
11.5,6.2,59.5,9,4,11.6,966.42,"0"
11.5,6.2,59.5,9,4,11.6,966.42,"0"
11.5,6.2,59.5,9,4,11.6,966.42,"0"
11.5,6.2,59.5,9,4,11.6,966.42,"0"
11.5,6.2,59.5,9,4,11.6,966.42,"0"
11.5,6.2,59.5,9,4,11.6,966.42,"0"
11.5,6.2,59.5,9,4,11.6,966.42,"0"
11.5,6.2,59.5,29,4,3.6,1345.22,"0"
11.5,6.2,59.5,19,4,11.6,1173.42,"0"
11.5,6.2,59.5,19,4,11.6,1173.42,"0"
11.5,6.2,59.5,4,4,11.6,862.92,"0"
11.5,6.2,59.5,4,4,11.6,862.92,"0"
11.5,6.2,59.5,4,4,11.6,862.92,"0"
11.5,6.2,59.5,4,4,11.6,862.92,"0"
11.5,6.2,59.5,4,4,11.6,862.92,"0"
11.5,6.2,59.5,4,4,11.6,862.92,"0"
11.5,6.2,59.5,4,4,11.6,862.92,"0"
11.5,6.2,59.5,4,4,11.6,862.92,"0"
11.5,6.2,59.5,4,4,11.6,862.92,"0"
11.5,6.2,59.5,4,4,11.6,862.92,"0"
11.5,6.2,59.5,4,4,11.6,862.92,"0"
11.5,6.2,59.5,4,4,11.6,862.92,"0"
11.5,6.2,59.5,4,4,11.6,862.92,"0"
11.5,6.2,59.5,4,4,11.6,862.92,"0"
11.5,6.2,59.5,4,4,11.6,862.92,"0"
11.5,6.2,59.5,4,4,11.6,862.92,"0"
11.5,6.2,59.5,4,4,11.6,862.92,"0"
11.5,6.2,59.5,4,4,11.6,862.92,"0"
11.5,6.2,59.5,4,4,11.6,862.92,"0"
11.5,6.2,59.5,4,4,11.6,862.92,"0"
11.5,6.2,59.5,4,4,11.6,862.92,"0"
11.5,6.2,59.5,4,4,11.6,862.92,"0"
11.5,6.2,59.5,4,4,11.6,862.92,"0"
11.5,6.2,59.5,4,4,3.6,827.72,"0"
11.5,6.2,59.5,4,4,3.6,827.72,"0"
11.5,6.2,59.5,4,9,11.6,1113.42,"0"
11.5,6.2,59.5,24,14,11.6,1777.92,"1"
11.5,6.2,59.5,9,14,11.6,1467.42,"1"
11.5,6.2,59.5,19,14,11.6,1674.42,"1"
11.5,6.2,59.5,29,14,11.6,1881.42,"1"
11.5,6.2,59.5,19,19,3.6,1889.72,"1"
11.5,6.2,59.5,29,19,3.6,2096.72,"1"
11.5,6.2,59.5,4,19,3.6,1579.22,"1"
11.5,6.2,59.5,4,4,3.6,827.72,"0"
11.5,6.2,59.5,4,4,3.6,827.72,"0"
11.5,6.2,59.5,4,4,3.6,827.72,"0"
11.5,6.2,59.5,4,4,3.6,827.72,"0"
11.5,6.2,59.5,9,4,3.6,931.22,"0"
11.5,6.2,59.5,9,4,3.6,931.22,"0"
11.5,6.2,59.5,14,4,3.6,1034.72,"0"
11.5,6.2,59.5,4,4,3.6,827.72,"0"
11.5,6.2,59.5,4,4,3.6,827.72,"0"
11.5,6.2,59.5,4,14,3.6,1328.72,"0"
11.5,6.2,59.5,4,4,3.6,827.72,"0"
11.5,6.2,59.5,4,14,3.6,1328.72,"0"
11.5,6.2,59.5,4,14,3.6,1328.72,"0"
11.5,6.2,59.5,4,4,3.6,827.72,"0"
11.5,6.2,59.5,9,4,3.6,931.22,"0"
11.5,6.2,59.5,4,4,3.6,827.72,"0"
11.5,6.2,59.5,9,4,3.6,931.22,"0"
11.5,6.2,59.5,9,4,3.6,931.22,"0"
11.5,6.2,59.5,4,4,3.6,827.72,"0"
11.5,6.2,59.5,4,4,3.6,827.72,"0"
11.5,6.2,59.5,4,4,3.6,827.72,"0"
11.5,6.2,59.5,4,4,3.6,827.72,"0"
11.5,6.2,59.5,4,4,3.6,827.72,"0"
11.5,6.2,59.5,4,4,3.6,827.72,"0"
11.5,6.2,59.5,4,4,11.6,862.92,"0"
11.5,6.2,59.5,4,4,3.6,827.72,"0"
11.5,6.2,59.5,4,4,3.6,827.72,"0"
11.5,6.2,59.5,4,4,3.6,827.72,"0"
11.5,6.2,59.5,4,4,3.6,827.72,"0"
11.5,6.2,59.5,4,4,3.6,827.72,"0"
11.5,6.2,59.5,4,4,3.6,827.72,"0"
11.5,6.2,59.5,4,4,3.6,827.72,"0"
11.5,6.2,59.5,24,14,3.6,1742.72,"1"
11.5,6.2,59.5,29,14,3.6,1846.22,"1"
11.5,6.2,59.5,24,14,3.6,1742.72,"1"
11.5,6.2,59.5,4,9,11.6,1113.42,"0"
11.5,6.2,59.5,4,9,11.6,1113.42,"0"
11.5,6.2,59.5,4,9,11.6,1113.42,"0"
11.5,6.2,59.5,4,9,11.6,1113.42,"0"
11.5,6.2,59.5,4,9,11.6,1113.42,"0"
11.5,6.2,59.5,4,9,11.6,1113.42,"0"
11.5,6.2,59.5,4,9,11.6,1113.42,"0"
11.5,6.2,59.5,4,9,11.6,1113.42,"0"
11.5,6.2,59.5,9,4,11.6,966.42,"0"
11.5,6.2,59.5,4,4,11.6,862.92,"0"
11.5,6.2,59.5,4,9,11.6,1113.42,"0"
11.5,6.2,59.5,4,9,11.6,1113.42,"0"
11.5,6.2,59.5,4,9,11.6,1113.42,"0"
11.5,6.2,59.5,4,9,11.6,1113.42,"0"
11.5,6.2,59.5,4,9,11.6,1113.42,"0"
11.5,6.2,59.5,4,9,11.6,1113.42,"0"
11.5,6.2,59.5,4,9,11.6,1113.42,"0"
11.5,6.2,59.5,4,9,11.6,1113.42,"0"
11.5,6.2,59.5,4,9,11.6,1113.42,"0"
11.5,6.2,59.5,4,9,11.6,1113.42,"0"
11.5,6.2,59.5,4,9,11.6,1113.42,"0"
11.5,6.2,59.5,4,9,11.6,1113.42,"0"
11.5,6.2,59.5,4,9,11.6,1113.42,"0"
11.5,6.2,59.5,4,9,11.6,1113.42,"0"
11.5,6.2,59.5,4,9,11.6,1113.42,"0"
11.5,6.2,59.5,4,9,11.6,1113.42,"0"
11.5,6.2,59.5,14,4,11.6,1069.92,"0"
11.5,6.2,59.5,4,4,11.6,862.92,"0"
11.5,6.2,59.5,4,4,11.6,862.92,"0"
11.5,6.2,59.5,4,4,11.6,862.92,"0"
11.5,6.2,59.5,29,4,3.6,1345.22,"0"
11.5,6.2,59.5,29,4,3.6,1345.22,"0"
11.5,6.2,59.5,14,9,11.6,1320.42,"0"
11.5,6.2,59.5,14,9,11.6,1320.42,"0"
11.5,6.2,59.5,14,9,11.6,1320.42,"0"
11.5,6.2,59.5,24,4,3.6,1241.72,"0"
11.5,6.2,59.5,24,9,3.6,1492.22,"1"
11.5,6.2,59.5,24,9,3.6,1492.22,"1"
11.5,6.2,59.5,9,9,11.6,1216.92,"0"
11.5,6.2,59.5,19,9,11.6,1423.92,"0"
11.5,6.2,59.5,19,14,11.6,1674.42,"1"
11.5,6.2,59.5,14,14,11.6,1570.92,"1"
11.5,6.2,59.5,19,14,11.6,1674.42,"1"
11.5,6.2,59.5,29,14,11.6,1881.42,"1"
11.5,6.2,59.5,24,14,11.6,1777.92,"1"
11.5,6.2,59.5,14,14,11.6,1570.92,"1"
11.5,6.2,59.5,14,14,11.6,1570.92,"1"
11.5,6.2,59.5,9,14,11.6,1467.42,"1"
11.5,6.2,59.5,14,14,11.6,1570.92,"1"
11.5,6.2,59.5,14,14,11.6,1570.92,"1"
11.5,6.2,59.5,4,4,3.6,827.72,"0"
11.5,6.2,59.5,4,4,3.6,827.72,"0"
11.5,6.2,59.5,14,4,3.6,1034.72,"0"
11.5,6.2,59.5,4,4,3.6,827.72,"0"
11.5,6.2,59.5,19,4,3.6,1138.22,"0"
11.5,6.2,59.5,19,4,3.6,1138.22,"0"
11.5,6.2,59.5,24,4,3.6,1241.72,"0"
11.5,6.2,59.5,19,4,3.6,1138.22,"0"
11.5,6.2,59.5,24,4,3.6,1241.72,"0"
11.5,6.2,59.5,14,4,3.6,1034.72,"0"
11.5,6.2,59.5,4,4,3.6,827.72,"0"
11.5,6.2,59.5,9,4,3.6,931.22,"0"
11.5,6.2,59.5,9,4,3.6,931.22,"0"
11.5,6.2,59.5,9,4,3.6,931.22,"0"
11.5,6.2,59.5,24,4,3.6,1241.72,"0"
11.5,6.2,59.5,14,4,3.6,1034.72,"0"
11.5,6.2,59.5,24,4,3.6,1241.72,"0"
11.5,6.2,59.5,29,4,3.6,1345.22,"0"
11.5,6.2,59.5,19,4,3.6,1138.22,"0"
11.5,6.2,59.5,14,4,3.6,1034.72,"0"
11.5,6.2,59.5,19,4,3.6,1138.22,"0"
11.5,6.2,59.5,19,4,3.6,1138.22,"0"
11.5,6.2,59.5,14,4,3.6,1034.72,"0"
11.5,6.2,59.5,19,4,3.6,1138.22,"0"
11.5,6.2,59.5,19,4,3.6,1138.22,"0"
11.5,6.2,59.5,24,4,3.6,1241.72,"0"
11.5,6.2,59.5,24,4,3.6,1241.72,"0"
11.5,6.2,59.5,14,4,3.6,1034.72,"0"
11.5,6.2,59.5,14,4,3.6,1034.72,"0"
11.5,6.2,59.5,24,4,3.6,1241.72,"0"
11.5,6.2,59.5,19,4,3.6,1138.22,"0"
11.5,6.2,59.5,24,4,3.6,1241.72,"0"
11.5,6.2,59.5,24,4,3.6,1241.72,"0"
11.5,6.2,59.5,24,4,3.6,1241.72,"0"
11.5,6.2,59.5,24,4,3.6,1241.72,"0"
11.5,6.2,59.5,19,4,3.6,1138.22,"0"
11.5,6.2,59.5,4,4,3.6,827.72,"0"
11.5,6.2,59.5,19,4,3.6,1138.22,"0"
11.5,6.2,59.5,14,4,3.6,1034.72,"0"
11.5,6.2,59.5,9,4,3.6,931.22,"0"
11.5,6.2,59.5,14,4,3.6,1034.72,"0"
11.5,6.2,59.5,9,4,3.6,931.22,"0"
11.5,6.2,59.5,9,4,3.6,931.22,"0"
11.5,6.2,59.5,4,4,3.6,827.72,"0"
11.5,6.2,59.5,4,4,3.6,827.72,"0"
11.5,6.2,59.5,9,4,3.6,931.22,"0"
11.5,6.2,59.5,9,4,3.6,931.22,"0"
11.5,6.2,59.5,9,4,3.6,931.22,"0"
11.5,6.2,59.5,19,4,3.6,1138.22,"0"
11.5,6.2,59.5,19,4,3.6,1138.22,"0"
11.5,6.2,59.5,19,4,3.6,1138.22,"0"
11.5,6.2,59.5,9,4,3.6,931.22,"0"
11.5,6.2,59.5,9,4,3.6,931.22,"0"
11.5,6.2,59.5,9,4,3.6,931.22,"0"
11.5,6.2,59.5,14,4,3.6,1034.72,"0"
11.5,6.2,59.5,14,4,3.6,1034.72,"0"
11.5,6.2,59.5,19,4,3.6,1138.22,"0"
11.5,6.2,59.5,19,4,3.6,1138.22,"0"
11.5,6.2,59.5,14,4,3.6,1034.72,"0"
11.5,6.2,59.5,19,4,3.6,1138.22,"0"
11.5,6.2,59.5,19,4,3.6,1138.22,"0"
11.5,6.2,59.5,19,4,3.6,1138.22,"0"
11.5,6.2,59.5,19,4,3.6,1138.22,"0"
11.5,6.2,59.5,19,4,3.6,1138.22,"0"
11.5,6.2,59.5,19,4,3.6,1138.22,"0"
11.5,6.2,59.5,24,4,3.6,1241.72,"0"
11.5,6.2,59.5,24,4,3.6,1241.72,"0"
11.5,6.2,59.5,19,4,3.6,1138.22,"0"
11.5,6.2,59.5,19,4,3.6,1138.22,"0"
11.5,6.2,59.5,24,4,3.6,1241.72,"0"
11.5,6.2,59.5,19,4,3.6,1138.22,"0"
11.5,6.2,59.5,19,4,3.6,1138.22,"0"
11.5,6.2,59.5,14,4,3.6,1034.72,"0"
11.5,6.2,59.5,14,4,3.6,1034.72,"0"
11.5,6.2,59.5,14,4,3.6,1034.72,"0"
11.5,6.2,59.5,4,4,3.6,827.72,"0"
11.5,6.2,59.5,9,4,3.6,931.22,"0"
11.5,6.2,59.5,4,4,3.6,827.72,"0"
11.5,6.2,59.5,4,4,3.6,827.72,"0"
11.5,6.2,59.5,4,4,3.6,827.72,"0"
11.5,6.2,59.5,4,4,3.6,827.72,"0"
11.5,6.2,59.5,4,4,3.6,827.72,"0"
11.5,6.2,59.5,4,4,3.6,827.72,"0"
11.5,6.2,59.5,4,4,3.6,827.72,"0"
11.5,6.2,59.5,4,19,3.6,1583.18,"1"
11.5,6.2,59.5,4,4,3.6,827.72,"0"
11.5,6.2,59.5,4,4,3.6,827.72,"0"
11.5,6.2,59.5,4,4,3.6,827.72,"0"
11.5,6.2,59.5,4,4,3.6,827.72,"0"
11.5,6.2,59.5,4,4,3.6,827.72,"0"
11.5,6.2,59.5,4,4,3.6,827.72,"0"
11.5,6.2,59.5,4,4,3.6,827.72,"0"
11.5,6.2,59.5,4,4,3.6,827.72,"0"
11.5,6.2,59.5,4,4,3.6,827.72,"0"
11.5,6.2,59.5,4,4,3.6,827.72,"0"
11.5,6.2,59.5,4,4,3.6,827.72,"0"
11.5,6.2,59.5,4,4,3.6,827.72,"0"
11.5,6.2,59.5,4,4,3.6,827.72,"0"
11.5,6.2,59.5,4,4,3.6,827.72,"0"
11.5,6.2,59.5,4,4,3.6,827.72,"0"
11.5,6.2,59.5,9,4,11.6,966.42,"0"
11.5,6.2,59.5,14,4,11.6,1069.92,"0"
11.5,6.2,59.5,14,4,11.6,1069.92,"0"
11.5,6.2,59.5,9,4,11.6,966.42,"0"
11.5,6.2,59.5,19,4,11.6,1173.42,"0"
11.5,6.2,59.5,14,4,11.6,1069.92,"0"
11.5,6.2,59.5,9,9,11.6,1216.92,"0"
11.5,6.2,59.5,4,9,11.6,1113.42,"0"
11.5,6.2,59.5,9,9,11.6,1216.92,"0"
11.5,6.2,59.5,19,4,11.6,1173.42,"0"
11.5,6.2,59.5,14,4,11.6,1069.92,"0"
11.5,6.2,59.5,19,4,11.6,1173.42,"0"
11.5,6.2,59.5,19,4,11.6,1173.42,"0"
11.5,6.2,59.5,19,4,11.6,1173.42,"0"
11.5,6.2,59.5,14,4,11.6,1069.92,"0"
11.5,6.2,59.5,19,4,11.6,1173.42,"0"
11.5,6.2,59.5,19,4,11.6,1173.42,"0"
11.5,6.2,59.5,4,19,11.6,1633.34,"1"
11.5,6.2,59.5,4,4,11.6,862.92,"0"
11.5,6.2,59.5,4,4,11.6,862.92,"0"
11.5,6.2,59.5,4,14,11.6,1363.92,"0"
11.5,6.2,59.5,4,14,11.6,1363.92,"0"
11.5,6.2,59.5,19,19,3.6,1889.72,"1"
11.5,6.2,59.5,24,19,3.6,1993.22,"1"
11.5,6.2,59.5,24,19,3.6,1993.22,"1"
11.5,6.2,59.5,24,19,3.6,1993.22,"1"
11.5,6.2,59.5,19,19,11.6,1924.92,"1"
11.5,6.2,59.5,19,19,3.6,1889.72,"1"
11.5,6.2,59.5,19,19,3.6,1889.72,"1"
11.5,6.2,59.5,9,4,11.6,966.42,"0"
11.5,6.2,59.5,14,4,11.6,1069.92,"0"
11.5,6.2,59.5,14,4,11.6,1069.92,"0"
11.5,6.2,59.5,14,4,11.6,1069.92,"0"
11.5,6.2,59.5,14,4,11.6,1069.92,"0"
11.5,6.2,59.5,14,4,11.6,1069.92,"0"
11.5,6.2,59.5,14,4,11.6,1069.92,"0"
11.5,6.2,59.5,9,4,11.6,966.42,"0"
11.5,6.2,59.5,29,4,11.6,1380.42,"0"
11.5,6.2,59.5,29,4,11.6,1380.42,"0"
11.5,6.2,59.5,14,4,3.6,1034.72,"0"
11.5,6.2,59.5,19,4,3.6,1138.22,"0"
11.5,6.2,59.5,19,4,3.6,1138.22,"0"
11.5,6.2,59.5,19,4,11.6,1173.42,"0"
11.5,6.2,59.5,14,4,11.6,1069.92,"0"
11.5,6.2,59.5,9,4,11.6,966.42,"0"
11.5,6.2,59.5,9,4,11.6,966.42,"0"
11.5,6.2,59.5,9,4,11.6,966.42,"0"
11.5,6.2,59.5,9,4,11.6,966.42,"0"
11.5,6.2,59.5,4,4,11.6,862.92,"0"
11.5,6.2,59.5,4,4,11.6,862.92,"0"
11.5,6.2,59.5,14,4,11.6,1069.92,"0"
11.5,6.2,59.5,9,4,11.6,966.42,"0"
11.5,6.2,59.5,14,4,3.6,1034.72,"0"
11.5,6.2,59.5,4,4,3.6,827.72,"0"
11.5,6.2,59.5,9,4,3.6,931.22,"0"
11.5,6.2,59.5,19,19,11.6,1924.92,"1"
11.5,6.2,59.5,9,19,11.6,1717.92,"1"
11.5,6.2,59.5,9,19,11.6,1717.92,"1"
11.5,6.2,59.5,14,19,11.6,1821.42,"1"
11.5,6.2,59.5,9,19,11.6,1717.92,"1"
11.5,6.2,59.5,19,19,11.6,1924.92,"1"
11.5,6.2,59.5,19,19,11.6,1924.92,"1"
11.5,6.2,59.5,14,19,11.6,1821.42,"1"
11.5,6.2,59.5,14,19,11.6,1821.42,"1"
11.5,6.2,59.5,19,19,11.6,1924.92,"1"
11.5,6.2,59.5,14,19,11.6,1821.42,"1"
11.5,6.2,59.5,9,19,11.6,1717.92,"1"
11.5,6.2,59.5,19,19,11.6,1924.92,"1"
11.5,6.2,59.5,4,9,11.6,1113.42,"0"
11.5,6.2,59.5,4,4,11.6,862.92,"0"
11.5,6.2,59.5,4,4,11.6,862.92,"0"
11.5,6.2,59.5,4,4,11.6,862.92,"0"
11.5,6.2,59.5,4,4,11.6,862.92,"0"
11.5,6.2,59.5,4,4,11.6,862.92,"0"
11.5,6.2,59.5,4,4,11.6,862.92,"0"
11.5,6.2,59.5,19,9,11.6,1423.92,"0"
11.5,6.2,28.2,4,24,15.9,1696.04,"1"
11.5,6.2,28.2,4,24,15.9,1696.04,"1"
11.5,6.2,28.2,4,24,15.9,1696.04,"1"
11.5,6.2,28.2,19,19,4.5,1705.88,"1"
11.5,6.2,28.2,9,4,15.9,797.54,"0"
11.5,6.2,28.2,4,4,15.9,694.04,"0"
11.5,6.2,28.2,4,4,15.9,694.04,"0"
11.5,6.2,28.2,4,4,15.9,694.04,"0"
11.5,6.2,28.2,4,4,15.9,694.04,"0"
11.5,6.2,28.2,4,4,15.9,694.04,"0"
11.5,6.2,28.2,4,4,15.9,694.04,"0"
11.5,6.2,28.2,4,4,15.9,694.04,"0"
11.5,6.2,28.2,4,4,15.9,694.04,"0"
11.5,6.2,28.2,4,4,15.9,694.04,"0"
11.5,6.2,28.2,9,4,15.9,797.54,"0"
11.5,6.2,28.2,4,4,15.9,694.04,"0"
11.5,6.2,28.2,9,14,15.9,1298.54,"0"
11.5,6.2,28.2,4,14,15.9,1195.04,"0"
11.5,6.2,28.2,4,14,15.9,1195.04,"0"
11.5,6.2,28.2,4,14,15.9,1195.04,"0"
11.5,6.2,28.2,4,14,15.9,1195.04,"0"
11.5,6.2,28.2,4,14,15.9,1195.04,"0"
11.5,6.2,28.2,9,14,15.9,1298.54,"0"
11.5,6.2,28.2,4,19,4.5,1395.38,"0"
11.5,6.2,28.2,4,19,4.5,1395.38,"0"
11.5,6.2,28.2,9,14,15.9,1298.54,"0"
11.5,6.2,28.2,9,14,15.9,1298.54,"0"
11.5,6.2,28.2,9,14,15.9,1298.54,"0"
11.5,6.2,28.2,4,19,15.9,1445.54,"0"
11.5,6.2,28.2,4,14,4.5,1144.88,"0"
11.5,6.2,28.2,4,14,4.5,1144.88,"0"
11.5,6.2,28.2,4,14,4.5,1144.88,"0"
11.5,6.2,28.2,4,14,4.5,1144.88,"0"
11.5,6.2,28.2,4,19,4.5,1395.38,"0"
11.5,6.2,28.2,4,19,4.5,1395.38,"0"
11.5,6.2,28.2,4,19,4.5,1395.38,"0"
11.5,6.2,28.2,9,19,15.9,1549.04,"1"
11.5,6.2,28.2,14,4,15.9,901.04,"0"
11.5,6.2,28.2,14,4,15.9,901.04,"0"
11.5,6.2,28.2,4,4,15.9,694.04,"0"
11.5,6.2,28.2,4,4,15.9,694.04,"0"
11.5,6.2,28.2,9,4,15.9,797.54,"0"
11.5,6.2,28.2,9,4,15.9,797.54,"0"
11.5,6.2,28.2,4,14,15.9,1195.04,"0"
11.5,6.2,28.2,4,4,15.9,694.04,"0"
11.5,6.2,28.2,4,4,15.9,694.04,"0"
11.5,6.2,28.2,4,14,15.9,1195.04,"0"
11.5,6.2,28.2,14,19,15.9,1652.54,"1"
11.5,6.2,28.2,14,19,15.9,1652.54,"1"
11.5,6.2,28.2,9,4,13.1,785.22,"0"
11.5,6.2,28.2,9,4,13.1,785.22,"0"
11.5,6.2,28.2,9,4,13.1,785.22,"0"
11.5,6.2,28.2,9,4,13.1,785.22,"0"
11.5,6.2,28.2,4,4,13.1,681.72,"0"
11.5,6.2,28.2,9,4,13.1,785.22,"0"
11.5,6.2,28.2,4,4,13.1,681.72,"0"
11.5,6.2,28.2,9,4,13.1,785.22,"0"
11.5,6.2,28.2,9,4,13.1,785.22,"0"
11.5,6.2,28.2,9,19,13.1,1536.72,"1"
11.5,6.2,28.2,14,4,13.1,888.72,"0"
11.5,6.2,28.2,14,4,13.1,888.72,"0"
11.5,6.2,28.2,19,4,13.1,992.22,"0"
11.5,6.2,28.2,14,4,13.1,888.72,"0"
11.5,6.2,28.2,9,4,13.1,785.22,"0"
11.5,6.2,28.2,14,4,13.1,888.72,"0"
11.5,6.2,28.2,9,4,13.1,785.22,"0"
11.5,6.2,28.2,14,4,13.1,888.72,"0"
11.5,6.2,28.2,14,4,13.1,888.72,"0"
11.5,6.2,28.2,9,4,13.1,785.22,"0"
11.5,6.2,28.2,9,4,13.1,785.22,"0"
11.5,6.2,28.2,9,19,13.1,1536.72,"1"
11.5,6.2,28.2,9,19,13.1,1536.72,"1"
11.5,6.2,28.2,4,19,13.1,1433.22,"0"
11.5,6.2,28.2,14,19,13.1,1640.22,"1"
11.5,6.2,28.2,9,19,13.1,1536.72,"1"
11.5,6.2,28.2,4,19,13.1,1433.22,"0"
11.5,6.2,28.2,4,19,13.1,1433.22,"0"
11.5,6.2,28.2,9,19,13.1,1536.72,"1"
11.5,6.2,28.2,4,24,40.5,1804.28,"1"
11.5,6.2,28.2,4,19,40.5,1553.78,"1"
11.5,6.2,28.2,4,19,40.5,1553.78,"1"
11.5,6.2,28.2,4,19,40.5,1553.78,"1"
11.5,6.2,28.2,19,19,13.1,1743.72,"1"
11.5,6.2,28.2,9,19,13.1,1536.72,"1"
11.5,6.2,28.2,14,19,13.1,1640.22,"1"
11.5,6.2,28.2,14,19,13.1,1640.22,"1"
11.5,6.2,28.2,14,4,13.1,888.72,"0"
11.5,6.2,28.2,9,4,13.1,785.22,"0"
11.5,6.2,28.2,14,4,13.1,888.72,"0"
11.5,6.2,28.2,9,4,13.1,785.22,"0"
11.5,6.2,28.2,19,4,13.1,992.22,"0"
11.5,6.2,28.2,19,4,13.1,992.22,"0"
11.5,6.2,28.2,14,4,13.1,888.72,"0"
11.5,6.2,28.2,19,4,13.1,992.22,"0"
11.5,6.2,28.2,19,4,13.1,992.22,"0"
11.5,6.2,28.2,14,4,13.1,888.72,"0"
11.5,6.2,28.2,19,4,13.1,992.22,"0"
11.5,6.2,28.2,29,4,13.1,1199.22,"0"
11.5,6.2,28.2,24,4,13.1,1095.72,"0"
11.5,6.2,28.2,29,4,13.1,1199.22,"0"
11.5,6.2,28.2,29,4,13.1,1199.22,"0"
11.5,6.2,28.2,29,4,13.1,1199.22,"0"
11.5,6.2,28.2,29,4,13.1,1199.22,"0"
11.5,6.2,28.2,29,4,13.1,1199.22,"0"
11.5,6.2,28.2,9,4,40.5,905.78,"0"
11.5,6.2,28.2,9,4,40.5,905.78,"0"
11.5,6.2,28.2,4,4,40.5,802.28,"0"
11.5,6.2,28.2,9,4,40.5,905.78,"0"
11.5,6.2,28.2,19,4,40.5,1112.78,"0"
11.5,6.2,28.2,29,4,40.5,1319.78,"0"
11.5,6.2,28.2,4,4,40.5,802.28,"0"
11.5,6.2,28.2,4,4,40.5,802.28,"0"
11.5,6.2,28.2,4,4,40.5,802.28,"0"
11.5,6.2,28.2,4,4,40.5,802.28,"0"
11.5,6.2,28.2,4,4,40.5,802.28,"0"
11.5,6.2,28.2,9,4,40.5,905.78,"0"
11.5,6.2,28.2,4,4,40.5,802.28,"0"
11.5,6.2,28.2,4,4,40.5,802.28,"0"
11.5,6.2,28.2,4,4,40.5,802.28,"0"
11.5,6.2,28.2,4,4,40.5,802.28,"0"
11.5,6.2,28.2,4,4,40.5,802.28,"0"
11.5,6.2,28.2,9,4,40.5,905.78,"0"
11.5,6.2,28.2,14,4,13.1,888.72,"0"
11.5,6.2,28.2,14,4,13.1,888.72,"0"
11.5,6.2,28.2,14,4,13.1,888.72,"0"
11.5,6.2,28.2,14,4,13.1,888.72,"0"
11.5,6.2,28.2,9,9,13.1,1035.72,"0"
11.5,6.2,28.2,4,19,13.1,1433.22,"0"
11.5,6.2,28.2,24,4,13.1,1095.72,"0"
11.5,6.2,28.2,29,4,13.1,1199.22,"0"
11.5,6.2,28.2,29,4,13.1,1199.22,"0"
11.5,6.2,28.2,29,4,13.1,1199.22,"0"
11.5,6.2,28.2,29,4,13.1,1199.22,"0"
11.5,6.2,28.2,29,4,13.1,1199.22,"0"
11.5,6.2,28.2,14,4,40.5,1009.28,"0"
11.5,6.2,28.2,9,4,40.5,905.78,"0"
11.5,6.2,28.2,4,4,40.5,802.28,"0"
11.5,6.2,28.2,19,4,40.5,1112.78,"0"
11.5,6.2,28.2,24,4,40.5,1216.28,"0"
11.5,6.2,28.2,24,4,40.5,1216.28,"0"
11.5,6.2,28.2,19,4,40.5,1112.78,"0"
11.5,6.2,28.2,14,4,40.5,1009.28,"0"
11.5,6.2,28.2,9,14,13.1,1286.22,"0"
11.5,6.2,28.2,4,14,13.1,1182.72,"0"
11.5,6.2,28.2,4,14,13.1,1182.72,"0"
11.5,6.2,28.2,9,14,13.1,1286.22,"0"
11.5,6.2,28.2,4,14,13.1,1182.72,"0"
11.5,6.2,28.2,4,14,13.1,1182.72,"0"
11.5,6.2,28.2,4,14,40.5,1303.28,"0"
11.5,6.2,28.2,4,24,40.5,1804.28,"1"
11.5,6.2,28.2,4,24,40.5,1804.28,"1"
11.5,6.2,28.2,4,14,40.5,1303.28,"0"
11.5,6.2,28.2,9,19,40.5,1657.28,"1"
11.5,6.2,28.2,9,19,40.5,1657.28,"1"
11.5,6.2,28.2,9,19,40.5,1657.28,"1"
11.5,6.2,28.2,9,9,40.5,1156.28,"0"
11.5,6.2,28.2,9,19,40.5,1657.28,"1"
11.5,6.2,28.2,14,19,40.5,1760.78,"1"
11.5,6.2,28.2,4,4,13.1,681.72,"0"
11.5,6.2,28.2,4,4,13.1,681.72,"0"
11.5,6.2,28.2,4,19,40.5,1553.78,"1"
11.5,6.2,28.2,4,19,40.5,1553.78,"1"
11.5,6.2,28.2,4,19,40.5,1553.78,"1"
11.5,6.2,28.2,4,14,40.5,1303.28,"0"
11.5,6.2,28.2,4,19,40.5,1553.78,"1"
11.5,6.2,28.2,4,19,40.5,1553.78,"1"
11.5,6.2,28.2,4,9,40.5,1052.78,"0"
11.5,6.2,28.2,4,19,40.5,1553.78,"1"
11.5,6.2,28.2,24,24,40.5,2218.28,"1"
11.5,6.2,28.2,14,24,40.5,2011.28,"1"
11.5,6.2,28.2,9,9,40.5,1156.28,"0"
11.5,6.2,28.2,14,9,40.5,1259.78,"0"
11.5,6.2,28.2,14,9,40.5,1259.78,"0"
11.5,6.2,28.2,14,9,40.5,1259.78,"0"
11.5,6.2,28.2,14,9,40.5,1259.78,"0"
11.5,6.2,28.2,14,9,40.5,1259.78,"0"
11.5,6.2,28.2,9,9,40.5,1156.28,"0"
11.5,6.2,28.2,9,9,40.5,1156.28,"0"
11.5,6.2,28.2,14,9,40.5,1259.78,"0"
11.5,6.2,28.2,9,9,40.5,1156.28,"0"
11.5,6.2,28.2,14,9,40.5,1259.78,"0"
11.5,6.2,28.2,14,9,40.5,1259.78,"0"
11.5,6.2,28.2,9,9,40.5,1156.28,"0"
11.5,6.2,28.2,9,9,40.5,1156.28,"0"
11.5,6.2,28.2,14,9,40.5,1259.78,"0"
11.5,6.2,28.2,9,9,40.5,1156.28,"0"
11.5,6.2,28.2,4,19,40.5,1553.78,"1"
11.5,6.2,28.2,4,19,40.5,1553.78,"1"
11.5,6.2,28.2,4,19,40.5,1553.78,"1"
11.5,6.2,28.2,4,19,40.5,1553.78,"1"
11.5,6.2,28.2,4,19,40.5,1553.78,"1"
11.5,6.2,28.2,4,19,40.5,1553.78,"1"
11.5,6.2,28.2,4,19,40.5,1553.78,"1"
11.5,6.2,28.2,4,24,40.5,1804.28,"1"
11.5,6.2,28.2,4,9,40.5,1052.78,"0"
11.5,6.2,28.2,9,24,40.5,1907.78,"1"
11.5,6.2,28.2,4,24,40.5,1804.28,"1"
11.5,6.2,28.2,4,4,40.5,802.28,"0"
11.5,6.2,28.2,4,29,40.5,2054.78,"1"
11.5,6.2,28.2,4,14,13.1,1187.27,"0"
11.5,6.2,28.2,4,24,40.5,1804.28,"1"
11.5,6.2,28.2,4,14,40.5,1312.12,"0"
11.5,6.2,28.2,4,14,40.5,1312.12,"0"
11.5,6.2,28.2,4,14,40.5,1303.28,"0"
11.5,6.2,28.2,4,14,40.5,1312.12,"0"
11.5,6.2,28.2,4,14,40.5,1312.12,"0"
11.5,6.2,28.2,4,14,40.5,1312.12,"0"
11.5,6.2,28.2,4,4,40.5,810.3,"0"
11.5,6.2,28.2,4,14,40.5,1312.12,"0"
11.5,6.2,28.2,4,14,40.5,1312.12,"0"
11.5,6.2,28.2,4,19,40.5,1553.78,"1"
11.5,6.2,28.2,4,19,40.5,1553.78,"1"
11.5,6.2,28.2,4,19,40.5,1553.78,"1"
11.5,6.2,28.2,4,19,40.5,1553.78,"1"
11.5,6.2,28.2,4,19,40.5,1553.78,"1"
11.5,6.2,28.2,4,19,40.5,1553.78,"1"
11.5,6.2,28.2,4,24,40.5,1804.28,"1"
11.5,6.2,28.2,4,4,40.5,802.28,"0"
11.5,6.2,28.2,4,4,40.5,802.28,"0"
11.5,6.2,28.2,4,4,40.5,802.28,"0"
11.5,6.2,28.2,4,4,40.5,802.28,"0"
11.5,6.2,28.2,4,24,40.5,1804.28,"1"
11.5,6.2,28.2,4,4,40.5,802.28,"0"
11.5,6.2,28.2,4,24,40.5,1804.28,"1"
11.5,6.2,28.2,4,24,40.5,1804.28,"1"
11.5,6.2,28.2,4,4,40.5,802.28,"0"
11.5,6.2,28.2,4,19,40.5,1553.78,"1"
11.5,6.2,28.2,4,4,40.5,802.28,"0"
11.5,6.2,28.2,4,4,40.5,802.28,"0"
11.5,6.2,28.2,4,19,13.1,1433.22,"0"
11.5,6.2,28.2,9,24,40.5,1907.78,"1"
11.5,6.2,28.2,19,24,40.5,2114.78,"1"
11.5,6.2,28.2,14,24,13.1,1890.72,"1"
11.5,6.2,28.2,4,24,13.1,1683.72,"1"
11.5,6.2,28.2,9,24,13.1,1787.22,"1"
11.5,6.2,28.2,4,24,13.1,1683.72,"1"
11.5,6.2,28.2,4,24,13.1,1683.72,"1"
11.5,6.2,28.2,4,19,13.1,1433.22,"0"
11.5,6.2,28.2,4,19,13.1,1433.22,"0"
11.5,6.2,28.2,9,19,13.1,1536.72,"1"
11.5,6.2,28.2,19,19,13.1,1743.72,"1"
11.5,6.2,28.2,9,19,13.1,1536.72,"1"
11.5,6.2,28.2,14,19,13.1,1640.22,"1"
11.5,6.2,28.2,9,19,13.1,1536.72,"1"
11.5,6.2,28.2,14,19,13.1,1640.22,"1"
11.5,6.2,28.2,4,19,13.1,1433.22,"0"
11.5,6.2,28.2,9,19,13.1,1536.72,"1"
11.5,6.2,28.2,9,19,13.1,1536.72,"1"
11.5,6.2,28.2,24,19,13.1,1847.22,"1"
11.5,6.2,28.2,29,19,13.1,1950.72,"1"
11.5,6.2,28.2,4,24,40.5,1804.28,"1"
11.5,6.2,28.2,4,14,40.5,1303.28,"0"
11.5,6.2,28.2,4,14,40.5,1303.28,"0"
11.5,6.2,28.2,4,19,40.5,1553.78,"1"
11.5,6.2,28.2,4,19,40.5,1553.78,"1"
11.5,6.2,28.2,4,19,40.5,1553.78,"1"
11.5,6.2,28.2,4,19,40.5,1553.78,"1"
11.5,6.2,28.2,4,24,40.5,1804.28,"1"
11.5,6.2,28.2,4,24,40.5,1804.28,"1"
11.5,6.2,28.2,19,19,13.1,1743.72,"1"
11.5,6.2,28.2,14,19,13.1,1640.22,"1"
11.5,6.2,28.2,14,19,13.1,1640.22,"1"
11.5,6.2,28.2,4,19,13.1,1433.22,"0"
11.5,6.2,28.2,24,19,13.1,1847.22,"1"
11.5,6.2,28.2,14,19,13.1,1640.22,"1"
11.5,6.2,28.2,14,19,13.1,1640.22,"1"
11.5,6.2,28.2,9,19,13.1,1536.72,"1"
11.5,6.2,28.2,4,19,13.1,1433.22,"0"
11.5,6.2,28.2,4,19,13.1,1433.22,"0"
11.5,6.2,28.2,14,19,13.1,1640.22,"1"
11.5,6.2,28.2,14,19,13.1,1640.22,"1"
11.5,6.2,28.2,4,19,13.1,1433.22,"0"
11.5,6.2,28.2,9,19,13.1,1536.72,"1"
11.5,6.2,28.2,4,19,13.1,1433.22,"0"
11.5,6.2,28.2,14,19,13.1,1640.22,"1"
11.5,6.2,28.2,14,19,13.1,1640.22,"1"
11.5,6.2,28.2,19,19,13.1,1743.72,"1"
11.5,6.2,28.2,9,19,13.1,1536.72,"1"
11.5,6.2,28.2,14,19,13.1,1640.22,"1"
11.5,6.2,28.2,14,19,13.1,1640.22,"1"
11.5,6.2,28.2,4,24,40.5,1804.28,"1"
11.5,6.2,28.2,9,14,40.5,1406.78,"0"
11.5,6.2,28.2,9,14,40.5,1406.78,"0"
11.5,6.2,28.2,9,14,40.5,1406.78,"0"
11.5,6.2,28.2,9,14,40.5,1406.78,"0"
11.5,6.2,28.2,9,14,40.5,1406.78,"0"
11.5,6.2,28.2,9,14,40.5,1406.78,"0"
11.5,6.2,28.2,29,4,13.1,1199.22,"0"
11.5,6.2,28.2,29,4,13.1,1199.22,"0"
11.5,6.2,28.2,29,4,13.1,1199.22,"0"
11.5,6.2,28.2,29,4,13.1,1199.22,"0"
11.5,6.2,28.2,24,4,13.1,1095.72,"0"
11.5,6.2,28.2,29,4,13.1,1199.22,"0"
11.5,6.2,28.2,24,4,13.1,1095.72,"0"
11.5,6.2,28.2,29,4,13.1,1199.22,"0"
11.5,6.2,28.2,29,4,13.1,1199.22,"0"
11.5,6.2,28.2,29,4,13.1,1199.22,"0"
11.5,6.2,28.2,29,4,13.1,1199.22,"0"
11.5,6.2,28.2,29,4,13.1,1199.22,"0"
11.5,6.2,28.2,29,4,13.1,1199.22,"0"
11.5,6.2,28.2,29,4,13.1,1199.22,"0"
11.5,6.2,28.2,29,4,13.1,1199.22,"0"
11.5,6.2,28.2,29,4,13.1,1199.22,"0"
11.5,6.2,28.2,29,4,13.1,1199.22,"0"
11.5,6.2,28.2,29,4,13.1,1199.22,"0"
11.5,6.2,28.2,29,4,13.1,1199.22,"0"
11.5,6.2,28.2,29,4,13.1,1199.22,"0"
11.5,6.2,28.2,29,4,13.1,1199.22,"0"
11.5,6.2,28.2,29,4,13.1,1199.22,"0"
11.5,6.2,28.2,29,4,13.1,1199.22,"0"
11.5,6.2,28.2,29,4,13.1,1199.22,"0"
11.5,6.2,28.2,29,4,13.1,1199.22,"0"
11.5,6.2,28.2,29,4,13.1,1199.22,"0"
11.5,6.2,28.2,29,4,13.1,1199.22,"0"
11.5,6.2,28.2,29,4,13.1,1199.22,"0"
11.5,6.2,28.2,29,4,13.1,1199.22,"0"
11.5,6.2,28.2,29,4,13.1,1199.22,"0"
11.5,6.2,28.2,29,4,13.1,1199.22,"0"
11.5,6.2,28.2,29,4,13.1,1199.22,"0"
11.5,6.2,28.2,29,4,13.1,1199.22,"0"
11.5,6.2,28.2,4,19,40.5,1553.78,"1"
11.5,6.2,28.2,4,19,40.5,1553.78,"1"
11.5,6.2,28.2,4,19,40.5,1553.78,"1"
11.5,6.2,28.2,4,19,40.5,1553.78,"1"
11.5,6.2,28.2,4,19,40.5,1553.78,"1"
11.5,6.2,28.2,4,19,40.5,1553.78,"1"
11.5,6.2,28.2,4,19,40.5,1553.78,"1"
11.5,6.2,28.2,4,19,40.5,1553.78,"1"
11.5,6.2,28.2,4,19,40.5,1553.78,"1"
11.5,6.2,28.2,4,19,40.5,1553.78,"1"
11.5,6.2,28.2,4,19,40.5,1553.78,"1"
11.5,6.2,28.2,4,19,40.5,1553.78,"1"
11.5,6.2,28.2,4,19,40.5,1553.78,"1"
11.5,6.2,28.2,4,19,40.5,1553.78,"1"
11.5,6.2,28.2,4,19,40.5,1553.78,"1"
11.5,6.2,28.2,4,19,40.5,1553.78,"1"
11.5,6.2,28.2,4,19,40.5,1553.78,"1"
11.5,6.2,28.2,4,19,40.5,1553.78,"1"
11.5,6.2,28.2,4,19,40.5,1553.78,"1"
11.5,6.2,28.2,4,19,40.5,1553.78,"1"
11.5,6.2,28.2,4,19,40.5,1553.78,"1"
11.5,6.2,28.2,4,19,40.5,1553.78,"1"
11.5,6.2,28.2,4,19,13.1,1433.22,"0"
11.5,6.2,28.2,4,19,13.1,1433.22,"0"
11.5,6.2,28.2,4,19,13.1,1433.22,"0"
11.5,6.2,28.2,4,19,13.1,1433.22,"0"
11.5,6.2,28.2,4,19,13.1,1433.22,"0"
11.5,6.2,28.2,4,19,13.1,1433.22,"0"
11.5,6.2,28.2,4,19,13.1,1433.22,"0"
11.5,6.2,28.2,4,14,13.1,1182.72,"0"
11.5,6.2,28.2,4,19,13.1,1433.22,"0"
11.5,6.2,28.2,4,14,13.1,1182.72,"0"
11.5,6.2,28.2,4,14,40.5,1303.28,"0"
11.5,6.2,28.2,4,14,40.5,1303.28,"0"
11.5,6.2,28.2,4,19,13.1,1433.22,"0"
11.5,6.2,28.2,4,14,13.1,1182.72,"0"
11.5,6.2,28.2,4,14,13.1,1182.72,"0"
11.5,6.2,28.2,4,19,13.1,1433.22,"0"
11.5,6.2,28.2,19,4,40.5,1112.78,"0"
11.5,6.2,28.2,24,4,40.5,1216.28,"0"
11.5,6.2,28.2,19,4,40.5,1112.78,"0"
11.5,6.2,28.2,19,4,40.5,1112.78,"0"
11.5,6.2,28.2,19,4,40.5,1112.78,"0"
11.5,6.2,28.2,19,4,40.5,1112.78,"0"
11.5,6.2,28.2,19,4,40.5,1112.78,"0"
11.5,6.2,28.2,14,4,40.5,1009.28,"0"
11.5,6.2,28.2,19,4,40.5,1112.78,"0"
11.5,6.2,28.2,14,4,40.5,1009.28,"0"
11.5,6.2,28.2,14,4,40.5,1009.28,"0"
11.5,6.2,28.2,19,4,40.5,1112.78,"0"
11.5,6.2,28.2,19,4,40.5,1112.78,"0"
11.5,6.2,28.2,19,4,40.5,1112.78,"0"
11.5,6.2,28.2,19,4,40.5,1112.78,"0"
11.5,6.2,28.2,24,4,40.5,1216.28,"0"
11.5,6.2,28.2,19,4,40.5,1112.78,"0"
11.5,6.2,28.2,24,4,40.5,1216.28,"0"
11.5,6.2,28.2,24,4,40.5,1216.28,"0"
11.5,6.2,28.2,19,4,40.5,1112.78,"0"
11.5,6.2,28.2,14,4,40.5,1009.28,"0"
11.5,6.2,28.2,9,4,40.5,905.78,"0"
11.5,6.2,28.2,14,4,40.5,1009.28,"0"
11.5,6.2,28.2,14,4,40.5,1009.28,"0"
11.5,6.2,28.2,19,4,40.5,1112.78,"0"
11.5,6.2,28.2,19,4,40.5,1112.78,"0"
11.5,6.2,28.2,14,4,40.5,1009.28,"0"
11.5,6.2,28.2,19,4,40.5,1112.78,"0"
11.5,6.2,28.2,19,4,40.5,1112.78,"0"
11.5,6.2,28.2,14,4,40.5,1009.28,"0"
11.5,6.2,28.2,19,4,40.5,1112.78,"0"
11.5,6.2,28.2,19,19,13.1,1743.72,"1"
11.5,6.2,28.2,24,19,13.1,1847.22,"1"
11.5,6.2,28.2,14,19,13.1,1640.22,"1"
11.5,6.2,28.2,24,19,13.1,1847.22,"1"
11.5,6.2,28.2,14,19,13.1,1640.22,"1"
11.5,6.2,28.2,24,19,13.1,1847.22,"1"
11.5,6.2,28.2,19,19,13.1,1743.72,"1"
11.5,6.2,28.2,19,19,13.1,1743.72,"1"
11.5,6.2,28.2,29,19,13.1,1950.72,"1"
11.5,6.2,28.2,24,19,13.1,1847.22,"1"
11.5,6.2,28.2,29,19,13.1,1950.72,"1"
11.5,6.2,28.2,24,19,13.1,1847.22,"1"
11.5,6.2,28.2,19,19,13.1,1743.72,"1"
11.5,6.2,28.2,19,19,13.1,1743.72,"1"
11.5,6.2,28.2,14,19,40.5,1760.78,"1"
11.5,6.2,28.2,24,19,13.1,1847.22,"1"
11.5,6.2,28.2,19,19,13.1,1743.72,"1"
11.5,6.2,28.2,19,19,13.1,1743.72,"1"
11.5,6.2,28.2,14,19,13.1,1640.22,"1"
11.5,6.2,28.2,14,19,13.1,1640.22,"1"
11.5,6.2,28.2,24,19,13.1,1847.22,"1"
11.5,6.2,28.2,29,19,13.1,1950.72,"1"
11.5,6.2,28.2,19,19,13.1,1743.72,"1"
11.5,6.2,28.2,14,9,40.5,1259.78,"0"
11.5,6.2,28.2,19,4,40.5,1112.78,"0"
11.5,6.2,28.2,14,9,40.5,1259.78,"0"
11.5,6.2,28.2,14,9,40.5,1259.78,"0"
11.5,6.2,28.2,14,9,40.5,1259.78,"0"
11.5,6.2,28.2,14,9,40.5,1259.78,"0"
11.5,6.2,28.2,14,9,40.5,1259.78,"0"
11.5,6.2,28.2,4,4,40.5,802.28,"0"
11.5,6.2,28.2,19,9,40.5,1363.28,"0"
11.5,6.2,28.2,14,9,40.5,1259.78,"0"
11.5,6.2,28.2,19,9,40.5,1363.28,"0"
11.5,6.2,28.2,19,9,40.5,1363.28,"0"
11.5,6.2,28.2,19,9,40.5,1363.28,"0"
11.5,6.2,28.2,19,9,40.5,1363.28,"0"
11.5,6.2,28.2,14,9,40.5,1259.78,"0"
11.5,6.2,28.2,9,9,40.5,1156.28,"0"
11.5,6.2,28.2,4,4,40.5,802.28,"0"
11.5,6.2,28.2,4,4,40.5,802.28,"0"
11.5,6.2,28.2,9,4,40.5,905.78,"0"
11.5,6.2,28.2,4,4,40.5,802.28,"0"
11.5,6.2,28.2,4,4,40.5,802.28,"0"
11.5,6.2,28.2,4,4,40.5,802.28,"0"
11.5,6.2,28.2,19,4,40.5,1112.78,"0"
11.5,6.2,28.2,19,4,40.5,1112.78,"0"
11.5,6.2,28.2,14,4,40.5,1009.28,"0"
11.5,6.2,28.2,14,4,40.5,1009.28,"0"
11.5,6.2,28.2,9,4,40.5,905.78,"0"
11.5,6.2,28.2,4,4,40.5,802.28,"0"
11.5,6.2,28.2,4,4,40.5,802.28,"0"
11.5,6.2,28.2,9,4,40.5,905.78,"0"
11.5,6.2,28.2,9,4,40.5,905.78,"0"
11.5,6.2,28.2,14,4,40.5,1009.28,"0"
11.5,6.2,28.2,14,4,40.5,1009.28,"0"
11.5,6.2,28.2,24,4,40.5,1216.28,"0"
11.5,6.2,28.2,24,4,40.5,1216.28,"0"
11.5,6.2,28.2,24,4,40.5,1216.28,"0"
11.5,6.2,28.2,24,4,40.5,1216.28,"0"
11.5,6.2,28.2,19,4,40.5,1112.78,"0"
11.5,6.2,28.2,19,4,40.5,1112.78,"0"
11.5,6.2,28.2,14,4,40.5,1009.28,"0"
11.5,6.2,28.2,14,4,40.5,1009.28,"0"
11.5,6.2,28.2,19,4,40.5,1112.78,"0"
11.5,6.2,28.2,19,4,40.5,1112.78,"0"
11.5,6.2,28.2,14,9,40.5,1259.78,"0"
11.5,6.2,28.2,14,9,40.5,1259.78,"0"
11.5,6.2,28.2,14,14,40.5,1510.28,"1"
11.5,6.2,28.2,14,14,40.5,1510.28,"1"
11.5,6.2,28.2,14,14,40.5,1510.28,"1"
11.5,6.2,28.2,14,14,40.5,1510.28,"1"
11.5,6.2,28.2,14,14,40.5,1510.28,"1"
11.5,6.2,28.2,14,14,40.5,1510.28,"1"
11.5,6.2,28.2,14,14,40.5,1510.28,"1"
11.5,6.2,28.2,9,14,40.5,1406.78,"0"
11.5,6.2,28.2,14,19,40.5,1760.78,"1"
11.5,6.2,28.2,29,19,40.5,2071.28,"1"
11.5,6.2,28.2,29,19,40.5,2071.28,"1"
11.5,6.2,28.2,29,19,40.5,2071.28,"1"
11.5,6.2,28.2,29,19,40.5,2071.28,"1"
11.5,6.2,28.2,24,19,40.5,1967.78,"1"
11.5,6.2,28.2,24,19,40.5,1967.78,"1"
11.5,6.2,28.2,14,19,40.5,1760.78,"1"
11.5,6.2,28.2,14,19,40.5,1760.78,"1"
11.5,6.2,28.2,9,19,40.5,1657.28,"1"
11.5,6.2,28.2,24,14,40.5,1717.28,"1"
11.5,6.2,28.2,9,14,40.5,1406.78,"0"
11.5,6.2,28.2,14,14,40.5,1510.28,"1"
11.5,6.2,28.2,19,14,40.5,1613.78,"1"
11.5,6.2,28.2,14,14,40.5,1510.28,"1"
11.5,6.2,28.2,19,14,40.5,1613.78,"1"
11.5,6.2,28.2,4,4,11.6,675.12,"0"
11.5,6.2,28.2,14,4,11.6,882.12,"0"
11.5,6.2,28.2,9,4,11.6,778.62,"0"
11.5,6.2,28.2,9,4,11.6,778.62,"0"
11.5,6.2,28.2,4,9,3.6,890.42,"0"
11.5,6.2,28.2,9,9,3.6,993.92,"0"
11.5,6.2,28.2,4,9,11.6,925.62,"0"
11.5,6.2,28.2,4,4,11.6,675.12,"0"
11.5,6.2,28.2,4,4,11.6,675.12,"0"
11.5,6.2,28.2,4,9,11.6,925.62,"0"
11.5,6.2,28.2,4,9,11.6,925.62,"0"
11.5,6.2,28.2,4,9,11.6,925.62,"0"
9.2,17.6,68.4,14,24,16.1,2296.27,"1"
9.2,17.6,68.4,4,24,16.1,1973.27,"1"
9.2,17.6,68.4,4,24,16.1,1973.27,"1"
9.2,17.6,68.4,4,24,16.1,1973.27,"1"
9.2,17.6,68.4,14,24,16.1,2296.27,"1"
9.2,17.6,68.4,4,19,4.8,1747.12,"1"
9.2,17.6,68.4,4,19,16.1,1809.27,"1"
9.2,17.6,68.4,4,19,16.1,1809.27,"1"
9.2,17.6,68.4,4,19,16.1,1809.27,"1"
9.2,17.6,68.4,4,19,16.1,1809.27,"1"
9.2,17.6,68.4,4,19,16.1,1809.27,"1"
9.2,17.6,68.4,4,19,16.1,1809.27,"1"
9.2,17.6,68.4,4,19,16.1,1809.27,"1"
9.2,17.6,68.4,4,19,16.1,1809.27,"1"
9.2,17.6,68.4,4,19,16.1,1809.27,"1"
9.2,17.6,68.4,4,19,16.1,1809.27,"1"
9.2,17.6,68.4,19,4,16.1,1801.77,"1"
9.2,17.6,68.4,4,24,16.1,1973.27,"1"
9.2,17.6,68.4,4,24,16.1,1973.27,"1"
9.2,17.6,68.4,4,24,16.1,1973.27,"1"
9.2,17.6,68.4,4,24,16.1,1973.27,"1"
9.2,17.6,68.4,4,24,16.1,1973.27,"1"
9.2,17.6,68.4,9,24,16.1,2134.77,"1"
9.2,17.6,68.4,19,24,16.1,2457.77,"1"
9.2,17.6,68.4,24,4,16.1,1963.27,"1"
9.2,17.6,68.4,19,4,16.1,1801.77,"1"
9.2,17.6,68.4,19,4,16.1,1801.77,"1"
9.2,17.6,68.4,19,4,16.1,1801.77,"1"
9.2,17.6,68.4,9,4,16.1,1478.77,"1"
9.2,17.6,68.4,4,24,16.1,1973.27,"1"
9.2,17.6,68.4,4,24,16.1,1973.27,"1"
9.2,17.6,68.4,4,24,16.1,1973.27,"1"
9.2,17.6,68.4,4,24,16.1,1973.27,"1"
9.2,17.6,68.4,4,29,16.1,2137.27,"1"
9.2,17.6,68.4,4,29,16.1,2137.27,"1"
9.2,17.6,68.4,4,29,16.1,2137.27,"1"
9.2,17.6,68.4,4,29,16.1,2137.27,"1"
9.2,17.6,68.4,4,29,16.1,2137.27,"1"
9.2,17.6,68.4,4,29,16.1,2137.27,"1"
9.2,17.6,68.4,4,29,16.1,2137.27,"1"
9.2,17.6,68.4,4,29,16.1,2137.27,"1"
9.2,17.6,68.4,4,29,16.1,2137.27,"1"
9.2,17.6,68.4,4,29,16.1,2137.27,"1"
9.2,17.6,68.4,4,24,16.1,1973.27,"1"
9.2,17.6,68.4,4,24,16.1,1973.27,"1"
9.2,17.6,68.4,4,24,16.1,1973.27,"1"
9.2,17.6,68.4,4,24,16.1,1973.27,"1"
9.2,17.6,68.4,4,19,4.8,1747.12,"1"
9.2,17.6,68.4,4,19,4.8,1747.12,"1"
9.2,17.6,68.4,4,19,4.8,1747.12,"1"
9.2,17.6,68.4,4,19,4.8,1747.12,"1"
9.2,17.6,68.4,4,19,4.8,1747.12,"1"
9.2,17.6,68.4,4,19,16.1,1809.27,"1"
9.2,17.6,68.4,4,19,16.1,1809.27,"1"
9.2,17.6,68.4,4,19,16.1,1809.27,"1"
9.2,17.6,68.4,4,19,16.1,1809.27,"1"
9.2,17.6,68.4,4,19,16.1,1809.27,"1"
9.2,17.6,68.4,4,19,16.1,1809.27,"1"
9.2,17.6,68.4,4,4,16.1,1317.27,"0"
9.2,17.6,68.4,4,4,16.1,1317.27,"0"
9.2,17.6,68.4,4,4,16.1,1317.27,"0"
9.2,17.6,68.4,4,4,16.1,1317.27,"0"
9.2,17.6,68.4,4,4,16.1,1317.27,"0"
9.2,17.6,68.4,4,4,16.1,1317.27,"0"
9.2,17.6,68.4,4,14,16.1,1645.27,"1"
9.2,17.6,68.4,9,4,4.8,1416.62,"0"
9.2,17.6,68.4,9,4,4.8,1416.62,"0"
9.2,17.6,68.4,9,14,16.1,1806.77,"1"
9.2,17.6,68.4,9,14,16.1,1806.77,"1"
9.2,17.6,68.4,9,9,16.1,1642.77,"1"
9.2,17.6,68.4,9,9,16.1,1642.77,"1"
9.2,17.6,68.4,9,9,16.1,1642.77,"1"
9.2,17.6,68.4,4,14,16.1,1645.27,"1"
9.2,17.6,68.4,4,14,16.1,1645.27,"1"
9.2,17.6,68.4,4,14,16.1,1645.27,"1"
9.2,17.6,68.4,4,14,16.1,1645.27,"1"
9.2,17.6,68.4,4,14,16.1,1645.27,"1"
9.2,17.6,68.4,4,14,16.1,1645.27,"1"
9.2,17.6,68.4,4,14,16.1,1645.27,"1"
9.2,17.6,68.4,4,14,16.1,1645.27,"1"
9.2,17.6,68.4,4,14,16.1,1645.27,"1"
9.2,17.6,68.4,4,14,16.1,1645.27,"1"
9.2,17.6,68.4,4,14,16.1,1645.27,"1"
9.2,17.6,68.4,9,19,16.1,1970.77,"1"
9.2,17.6,68.4,14,19,16.1,2132.27,"1"
9.2,17.6,68.4,4,24,16.1,1973.27,"1"
9.2,17.6,68.4,4,24,16.1,1973.27,"1"
9.2,17.6,68.4,4,24,16.1,1973.27,"1"
9.2,17.6,68.4,4,24,16.1,1973.27,"1"
9.2,17.6,68.4,4,24,16.1,1973.27,"1"
9.2,17.6,68.4,4,24,16.1,1973.27,"1"
9.2,17.6,68.4,4,24,16.1,1973.27,"1"
9.2,17.6,68.4,4,24,16.1,1973.27,"1"
9.2,17.6,68.4,4,24,16.1,1973.27,"1"
9.2,17.6,68.4,4,24,16.1,1973.27,"1"
9.2,17.6,68.4,4,24,16.1,1973.27,"1"
9.2,17.6,68.4,4,24,16.1,1973.27,"1"
9.2,17.6,68.4,9,24,16.1,2134.77,"1"
9.2,17.6,68.4,4,24,16.1,1973.27,"1"
9.2,17.6,68.4,4,24,16.1,1973.27,"1"
9.2,17.6,68.4,4,24,16.1,1973.27,"1"
9.2,17.6,68.4,4,14,16.1,1645.27,"1"
9.2,17.6,68.4,4,14,16.1,1645.27,"1"
9.2,17.6,68.4,4,14,16.1,1645.27,"1"
9.2,17.6,68.4,4,14,16.1,1645.27,"1"
9.2,17.6,68.4,9,14,16.1,1806.77,"1"
9.2,17.6,68.4,4,14,16.1,1645.27,"1"
9.2,17.6,68.4,4,14,16.1,1645.27,"1"
9.2,17.6,68.4,4,14,16.1,1645.27,"1"
9.2,17.6,68.4,4,24,16.1,1973.27,"1"
9.2,17.6,68.4,4,24,16.1,1973.27,"1"
9.2,17.6,68.4,4,19,16.1,1809.27,"1"
9.2,17.6,68.4,4,19,16.1,1809.27,"1"
9.2,17.6,68.4,4,19,16.1,1809.27,"1"
9.2,17.6,68.4,4,19,16.1,1809.27,"1"
9.2,17.6,68.4,9,14,16.1,1806.77,"1"
9.2,17.6,68.4,4,14,16.1,1645.27,"1"
9.2,17.6,68.4,4,24,16.1,1973.27,"1"
9.2,17.6,68.4,4,24,16.1,1973.27,"1"
9.2,17.6,68.4,4,24,16.1,1973.27,"1"
9.2,17.6,68.4,29,4,16.1,2082.97,"1"
9.2,17.6,68.4,24,19,16.1,2455.27,"1"
9.2,17.6,68.4,9,19,16.1,1970.77,"1"
9.2,17.6,68.4,9,19,16.1,1970.77,"1"
9.2,17.6,68.4,14,19,16.1,2132.27,"1"
9.2,17.6,68.4,14,19,16.1,2132.27,"1"
9.2,17.6,68.4,14,19,16.1,2132.27,"1"
9.2,17.6,68.4,14,19,16.1,2132.27,"1"
9.2,17.6,68.4,24,19,16.1,2455.27,"1"
9.2,17.6,68.4,24,19,16.1,2455.27,"1"
9.2,17.6,68.4,14,4,16.1,1640.27,"1"
9.2,17.6,68.4,14,14,16.1,1968.27,"1"
9.2,17.6,68.4,9,14,16.1,1806.77,"1"
9.2,17.6,68.4,9,4,16.1,1478.77,"1"
9.2,17.6,68.4,9,24,16.1,2134.77,"1"
9.2,17.6,68.4,9,24,16.1,2134.77,"1"
9.2,17.6,68.4,9,24,16.1,2134.77,"1"
9.2,17.6,68.4,14,4,16.1,1640.27,"1"
9.2,17.6,68.4,24,19,16.1,2455.27,"1"
9.2,17.6,68.4,9,19,16.1,1970.77,"1"
9.2,17.6,68.4,14,19,16.1,2132.27,"1"
9.2,17.6,68.4,4,19,16.1,1809.27,"1"
9.2,17.6,68.4,4,19,16.1,1809.27,"1"
9.2,17.6,68.4,4,19,16.1,1809.27,"1"
9.2,17.6,68.4,24,19,16.1,2455.27,"1"
9.2,17.6,68.4,9,9,16.1,1642.77,"1"
9.2,17.6,68.4,24,4,16.1,1963.27,"1"
9.2,17.6,68.4,9,4,16.1,1478.77,"1"
9.2,17.6,68.4,9,4,16.1,1478.77,"1"
9.2,17.6,68.4,9,4,16.1,1478.77,"1"
9.2,17.6,68.4,9,4,16.1,1478.77,"1"
9.2,17.6,68.4,9,4,16.1,1478.77,"1"
9.2,17.6,68.4,14,4,16.1,1640.27,"1"
9.2,17.6,68.4,14,4,16.1,1640.27,"1"
9.2,17.6,68.4,4,19,16.1,1809.27,"1"
9.2,17.6,68.4,4,19,16.1,1809.27,"1"
9.2,17.6,68.4,19,9,16.1,1965.77,"1"
9.2,17.6,68.4,19,9,16.1,1965.77,"1"
9.2,17.6,68.4,19,9,16.1,1965.77,"1"
9.2,17.6,68.4,4,19,16.1,1809.27,"1"
9.2,17.6,68.4,4,19,16.1,1809.27,"1"
9.2,17.6,68.4,4,19,16.1,1809.27,"1"
9.2,17.6,68.4,4,19,16.1,1809.27,"1"
9.2,17.6,68.4,9,14,16.1,1806.77,"1"
9.2,17.6,68.4,4,4,16.1,1317.27,"0"
9.2,17.6,68.4,9,4,16.1,1478.77,"1"
9.2,17.6,68.4,4,4,16.1,1317.27,"0"
9.2,17.6,68.4,24,14,16.1,2291.27,"1"
9.2,17.6,68.4,24,9,16.1,2127.27,"1"
9.2,17.6,68.4,29,19,16.1,2616.77,"1"
9.2,17.6,68.4,29,19,16.1,2616.77,"1"
9.2,17.6,68.4,24,19,16.1,2455.27,"1"
9.2,17.6,68.4,24,19,16.1,2455.27,"1"
9.2,17.6,68.4,29,9,16.1,2288.77,"1"
9.2,17.6,68.4,4,19,16.1,1809.27,"1"
9.2,17.6,68.4,19,19,16.1,2293.77,"1"
9.2,17.6,68.4,19,19,16.1,2293.77,"1"
9.2,17.6,68.4,14,19,16.1,2132.27,"1"
9.2,17.6,68.4,9,19,16.1,1970.77,"1"
9.2,17.6,68.4,4,19,16.1,1809.27,"1"
9.2,17.6,68.4,9,19,16.1,1970.77,"1"
9.2,17.6,68.4,4,19,16.1,1809.27,"1"
9.2,17.6,68.4,4,19,16.1,1809.27,"1"
9.2,17.6,68.4,4,19,16.1,1809.27,"1"
9.2,17.6,68.4,9,19,16.1,1970.77,"1"
9.2,17.6,68.4,19,19,16.1,2293.77,"1"
9.2,17.6,68.4,14,19,16.1,2132.27,"1"
9.2,17.6,68.4,9,19,16.1,1970.77,"1"
9.2,17.6,68.4,14,14,16.1,1968.27,"1"
9.2,17.6,68.4,9,19,16.1,1970.77,"1"
9.2,17.6,68.4,9,19,16.1,1970.77,"1"
9.2,17.6,68.4,9,19,16.1,1970.77,"1"
9.2,17.6,68.4,9,19,16.1,1970.77,"1"
9.2,17.6,68.4,9,19,16.1,1970.77,"1"
9.2,17.6,68.4,9,19,16.1,1970.77,"1"
9.2,17.6,68.4,14,19,16.1,2132.27,"1"
9.2,17.6,68.4,9,19,16.1,1970.77,"1"
9.2,17.6,68.4,14,19,16.1,2132.27,"1"
9.2,17.6,68.4,14,14,16.1,1968.27,"1"
9.2,17.6,68.4,24,14,16.1,2291.27,"1"
9.2,17.6,68.4,24,14,16.1,2291.27,"1"
9.2,17.6,68.4,29,14,16.1,2452.77,"1"
9.2,17.6,68.4,24,14,16.1,2291.27,"1"
9.2,17.6,68.4,24,14,16.1,2291.27,"1"
9.2,17.6,68.4,29,4,16.1,2124.77,"1"
9.2,17.6,68.4,24,4,16.1,1963.27,"1"
9.2,17.6,68.4,29,4,16.1,2124.77,"1"
9.2,17.6,68.4,24,4,16.1,1963.27,"1"
9.2,17.6,68.4,29,4,16.1,2124.77,"1"
9.2,17.6,68.4,9,14,16.1,1806.77,"1"
9.2,17.6,68.4,9,14,16.1,1806.77,"1"
9.2,17.6,68.4,14,4,16.1,1622.12,"1"
9.2,17.6,68.4,24,4,16.1,1945.12,"1"
9.2,17.6,68.4,4,14,16.1,1645.27,"1"
9.2,17.6,68.4,9,4,16.1,1460.62,"1"
9.2,17.6,68.4,19,29,16.1,2621.77,"1"
9.2,17.6,68.4,24,29,16.1,2783.27,"1"
9.2,17.6,68.4,4,14,16.1,1645.27,"1"
9.2,17.6,68.4,4,14,16.1,1645.27,"1"
9.2,17.6,68.4,4,14,16.1,1645.27,"1"
9.2,17.6,68.4,4,14,16.1,1645.27,"1"
9.2,17.6,68.4,4,14,16.1,1645.27,"1"
9.2,17.6,68.4,4,24,16.1,1973.27,"1"
9.2,17.6,68.4,4,24,16.1,1973.27,"1"
9.2,17.6,68.4,4,24,16.1,1973.27,"1"
9.2,17.6,68.4,4,24,16.1,1973.27,"1"
9.2,17.6,68.4,4,24,16.1,1973.27,"1"
9.2,17.6,68.4,4,14,16.1,1645.27,"1"
9.2,17.6,68.4,9,14,16.1,1806.77,"1"
9.2,17.6,68.4,9,14,16.1,1806.77,"1"
9.2,17.6,68.4,9,14,16.1,1806.77,"1"
9.2,17.6,68.4,9,14,16.1,1806.77,"1"
9.2,17.6,68.4,9,14,16.1,1806.77,"1"
9.2,17.6,68.4,9,14,16.1,1806.77,"1"
9.2,17.6,68.4,9,14,16.1,1806.77,"1"
9.2,17.6,68.4,9,14,16.1,1806.77,"1"
9.2,17.6,68.4,9,14,16.1,1806.77,"1"
9.2,17.6,68.4,9,14,16.1,1806.77,"1"
9.2,17.6,68.4,9,14,16.1,1806.77,"1"
9.2,17.6,68.4,29,4,16.1,2124.77,"1"
9.2,17.6,68.4,24,4,16.1,1963.27,"1"
9.2,17.6,68.4,4,14,16.1,1645.27,"1"
9.2,17.6,68.4,4,14,16.1,1645.27,"1"
9.2,17.6,68.4,4,14,16.1,1645.27,"1"
9.2,17.6,68.4,14,14,16.1,1968.27,"1"
9.2,17.6,68.4,19,14,16.1,2129.77,"1"
9.2,17.6,68.4,4,4,16.1,1317.27,"0"
9.2,17.6,68.4,4,4,16.1,1317.27,"0"
9.2,17.6,68.4,4,4,16.1,1317.27,"0"
9.2,17.6,68.4,4,4,16.1,1317.27,"0"
9.2,17.6,68.4,4,4,16.1,1317.27,"0"
9.2,17.6,68.4,9,4,16.1,1478.77,"1"
9.2,17.6,68.4,9,4,16.1,1478.77,"1"
9.2,17.6,68.4,19,4,16.1,1801.77,"1"
9.2,17.6,68.4,24,4,16.1,1963.27,"1"
9.2,17.6,68.4,9,4,16.1,1478.77,"1"
9.2,17.6,68.4,4,4,16.1,1317.27,"0"
9.2,17.6,68.4,9,9,16.1,1642.77,"1"
9.2,17.6,68.4,4,9,16.1,1481.27,"1"
9.2,17.6,68.4,4,9,16.1,1481.27,"1"
9.2,17.6,68.4,9,9,16.1,1642.77,"1"
9.2,17.6,68.4,4,9,16.1,1481.27,"1"
9.2,17.6,68.4,4,9,16.1,1481.27,"1"
9.2,17.6,68.4,4,19,16.1,1809.27,"1"
9.2,17.6,68.4,4,9,16.1,1481.27,"1"
9.2,17.6,68.4,4,9,16.1,1481.27,"1"
9.2,17.6,68.4,4,19,16.1,1809.27,"1"
9.2,17.6,68.4,24,4,16.1,1963.27,"1"
9.2,17.6,68.4,9,9,16.1,1642.77,"1"
9.2,17.6,68.4,9,9,16.1,1642.77,"1"
9.2,17.6,68.4,14,4,4.8,1578.12,"1"
9.2,17.6,68.4,4,4,4.8,1255.12,"0"
9.2,17.6,68.4,9,4,4.8,1416.62,"0"
9.2,17.6,68.4,24,9,16.1,2127.27,"1"
9.2,17.6,68.4,14,9,16.1,1804.27,"1"
9.2,17.6,68.4,4,19,16.1,1809.27,"1"
9.2,17.6,68.4,9,9,16.1,1642.77,"1"
9.2,17.6,68.4,9,9,16.1,1642.77,"1"
9.2,17.6,68.4,4,9,16.1,1481.27,"1"
9.2,17.6,68.4,4,19,16.1,1809.27,"1"
9.2,17.6,68.4,4,19,16.1,1809.27,"1"
9.2,17.6,68.4,4,19,16.1,1809.27,"1"
9.2,17.6,68.4,4,4,16.1,1317.27,"0"
9.2,17.6,68.4,4,4,16.1,1317.27,"0"
9.2,17.6,68.4,4,4,16.1,1317.27,"0"
9.2,17.6,68.4,4,4,16.1,1317.27,"0"
9.2,17.6,68.4,4,4,16.1,1317.27,"0"
9.2,17.6,68.4,4,19,16.1,1809.27,"1"
9.2,17.6,68.4,4,19,16.1,1809.27,"1"
9.2,17.6,68.4,4,19,16.1,1809.27,"1"
9.2,17.6,68.4,4,19,16.1,1809.27,"1"
9.2,17.6,68.4,4,19,16.1,1809.27,"1"
9.2,17.6,68.4,14,9,16.1,1804.27,"1"
9.2,17.6,68.4,19,9,16.1,1965.77,"1"
9.2,17.6,68.4,19,9,16.1,1965.77,"1"
9.2,17.6,68.4,14,9,16.1,1804.27,"1"
9.2,17.6,68.4,14,9,16.1,1804.27,"1"
9.2,17.6,68.4,29,9,16.1,2288.77,"1"
9.2,17.6,68.4,29,9,16.1,2288.77,"1"
9.2,17.6,68.4,14,9,16.1,1804.27,"1"
9.2,17.6,68.4,14,4,16.1,1640.27,"1"
9.2,17.6,68.4,14,4,16.1,1640.27,"1"
9.2,17.6,68.4,14,9,16.1,1804.27,"1"
9.2,17.6,68.4,4,14,16.1,1645.27,"1"
9.2,17.6,68.4,4,14,16.1,1645.27,"1"
9.2,17.6,68.4,4,14,16.1,1645.27,"1"
9.2,17.6,68.4,19,19,4.8,2231.62,"1"
9.2,17.6,68.4,24,19,4.8,2393.12,"1"
9.2,17.6,68.4,24,19,4.8,2393.12,"1"
9.2,17.6,68.4,19,19,4.8,2231.62,"1"
9.2,17.6,68.4,19,19,4.8,2231.62,"1"
9.2,17.6,68.4,19,19,4.8,2231.62,"1"
9.2,17.6,68.4,19,19,4.8,2231.62,"1"
9.2,17.6,68.4,19,19,4.8,2231.62,"1"
9.2,17.6,68.4,19,4,4.8,1739.62,"1"
9.2,17.6,68.4,19,19,4.8,2231.62,"1"
9.2,17.6,68.4,19,19,4.8,2231.62,"1"
9.2,17.6,68.4,19,19,4.8,2231.62,"1"
9.2,17.6,68.4,19,19,4.8,2231.62,"1"
9.2,17.6,68.4,19,19,4.8,2231.62,"1"
9.2,17.6,68.4,19,19,4.8,2231.62,"1"
9.2,17.6,68.4,14,19,16.1,2132.27,"1"
9.2,17.6,68.4,14,19,16.1,2132.27,"1"
9.2,17.6,68.4,24,9,16.1,2127.27,"1"
9.2,17.6,68.4,19,4,4.8,1739.62,"1"
9.2,17.6,68.4,19,9,4.8,1903.62,"1"
9.2,17.6,68.4,19,9,16.1,1965.77,"1"
9.2,17.6,68.4,19,9,16.1,1965.77,"1"
9.2,17.6,68.4,19,9,16.1,1965.77,"1"
9.2,17.6,68.4,19,9,4.8,1903.62,"1"
9.2,17.6,68.4,4,4,8.5,1275.47,"0"
9.2,17.6,68.4,4,24,8.5,1931.47,"1"
9.2,17.6,68.4,4,4,8.5,1275.47,"0"
9.2,17.6,68.4,4,4,8.5,1275.47,"0"
9.2,17.6,68.4,4,4,8.5,1275.47,"0"
9.2,17.6,68.4,4,4,2.9,1244.67,"0"
9.2,17.6,68.4,14,9,8.5,1762.47,"1"
9.2,17.6,68.4,4,9,8.5,1439.47,"0"
9.2,17.6,68.4,9,9,8.5,1600.97,"1"
9.2,17.6,68.4,9,9,8.5,1600.97,"1"
9.2,17.6,68.4,9,9,2.9,1570.17,"1"
9.2,17.6,68.4,9,9,8.5,1600.97,"1"
9.2,17.6,68.4,9,9,8.5,1600.97,"1"
9.2,17.6,68.4,4,9,8.5,1439.47,"0"
9.2,17.6,68.4,4,9,8.5,1439.47,"0"
9.2,17.6,68.4,4,9,8.5,1439.47,"0"
9.2,17.6,68.4,4,9,8.5,1439.47,"0"
9.2,17.6,68.4,24,4,8.5,1921.47,"1"
9.2,17.6,68.4,19,4,8.5,1759.97,"1"
9.2,17.6,68.4,24,4,8.5,1921.47,"1"
9.2,17.6,68.4,19,4,8.5,1759.97,"1"
9.2,17.6,68.4,24,4,8.5,1921.47,"1"
9.2,17.6,68.4,24,4,8.5,1921.47,"1"
9.2,17.6,68.4,19,4,8.5,1759.97,"1"
9.2,17.6,68.4,24,4,8.5,1921.47,"1"
9.2,17.6,68.4,29,4,8.5,2082.97,"1"
9.2,17.6,68.4,29,4,8.5,2082.97,"1"
9.2,17.6,68.4,29,4,8.5,2082.97,"1"
9.2,17.6,68.4,24,4,8.5,1921.47,"1"
9.2,17.6,68.4,24,4,8.5,1921.47,"1"
9.2,17.6,68.4,24,14,8.5,2249.47,"1"
9.2,17.6,68.4,24,14,8.5,2249.47,"1"
9.2,17.6,68.4,24,14,8.5,2249.47,"1"
9.2,17.6,68.4,24,14,8.5,2249.47,"1"
9.2,17.6,68.4,24,14,8.5,2249.47,"1"
9.2,17.6,68.4,19,14,8.5,2087.97,"1"
9.2,17.6,68.4,24,14,8.5,2249.47,"1"
9.2,17.6,68.4,24,4,8.5,1921.47,"1"
9.2,17.6,68.4,19,4,8.5,1759.97,"1"
9.2,17.6,68.4,29,4,8.5,2082.97,"1"
9.2,17.6,68.4,29,4,8.5,2082.97,"1"
9.2,17.6,68.4,29,4,8.5,2082.97,"1"
9.2,17.6,68.4,29,4,8.5,2082.97,"1"
9.2,17.6,68.4,29,4,8.5,2082.97,"1"
9.2,17.6,68.4,29,4,8.5,2082.97,"1"
9.2,17.6,68.4,29,4,8.5,2082.97,"1"
9.2,17.6,68.4,29,4,8.5,2082.97,"1"
9.2,17.6,68.4,29,4,8.5,2082.97,"1"
9.2,17.6,68.4,24,4,8.5,1921.47,"1"
9.2,17.6,68.4,24,4,8.5,1921.47,"1"
9.2,17.6,68.4,24,4,8.5,1921.47,"1"
9.2,17.6,68.4,24,4,8.5,1921.47,"1"
9.2,17.6,68.4,14,4,8.5,1598.47,"1"
9.2,17.6,68.4,29,9,2.9,2216.17,"1"
9.2,17.6,68.4,24,9,8.5,2085.47,"1"
9.2,17.6,68.4,24,9,2.9,2054.67,"1"
9.2,17.6,68.4,24,9,2.9,2054.67,"1"
9.2,17.6,68.4,9,4,8.5,1436.97,"0"
9.2,17.6,68.4,19,4,8.5,1759.97,"1"
9.2,17.6,68.4,14,4,8.5,1598.47,"1"
9.2,17.6,68.4,9,4,8.5,1436.97,"0"
9.2,17.6,68.4,14,4,8.5,1598.47,"1"
9.2,17.6,68.4,9,4,8.5,1436.97,"0"
9.2,17.6,68.4,14,4,8.5,1598.47,"1"
9.2,17.6,68.4,14,4,8.5,1598.47,"1"
9.2,17.6,68.4,14,4,8.5,1598.47,"1"
9.2,17.6,68.4,19,4,38.8,1926.62,"1"
9.2,17.6,68.4,9,4,38.8,1603.62,"1"
9.2,17.6,68.4,9,4,38.8,1603.62,"1"
9.2,17.6,68.4,9,4,38.8,1603.62,"1"
9.2,17.6,68.4,14,4,38.8,1765.12,"1"
9.2,17.6,68.4,9,4,38.8,1603.62,"1"
9.2,17.6,68.4,9,4,38.8,1603.62,"1"
9.2,17.6,68.4,9,4,38.8,1603.62,"1"
9.2,17.6,68.4,9,4,38.8,1603.62,"1"
9.2,17.6,68.4,9,4,38.8,1603.62,"1"
9.2,17.6,68.4,9,4,38.8,1603.62,"1"
9.2,17.6,68.4,9,4,38.8,1603.62,"1"
9.2,17.6,68.4,9,4,38.8,1603.62,"1"
9.2,17.6,68.4,9,4,38.8,1603.62,"1"
9.2,17.6,68.4,9,4,38.8,1603.62,"1"
9.2,17.6,68.4,9,4,38.8,1603.62,"1"
9.2,17.6,68.4,9,4,38.8,1603.62,"1"
9.2,17.6,68.4,9,4,38.8,1603.62,"1"
9.2,17.6,68.4,9,4,38.8,1603.62,"1"
9.2,17.6,68.4,14,4,38.8,1765.12,"1"
9.2,17.6,68.4,9,4,38.8,1603.62,"1"
9.2,17.6,68.4,4,4,38.8,1442.12,"0"
9.2,17.6,68.4,4,4,38.8,1442.12,"0"
9.2,17.6,68.4,9,4,38.8,1603.62,"1"
9.2,17.6,68.4,9,4,38.8,1603.62,"1"
9.2,17.6,68.4,9,4,38.8,1603.62,"1"
9.2,17.6,68.4,9,4,38.8,1603.62,"1"
9.2,17.6,68.4,9,4,38.8,1603.62,"1"
9.2,17.6,68.4,9,4,38.8,1603.62,"1"
9.2,17.6,68.4,9,4,38.8,1603.62,"1"
9.2,17.6,68.4,4,4,38.8,1442.12,"0"
9.2,17.6,68.4,9,4,38.8,1603.62,"1"
9.2,17.6,68.4,9,4,38.8,1603.62,"1"
9.2,17.6,68.4,9,4,38.8,1603.62,"1"
9.2,17.6,68.4,9,4,38.8,1603.62,"1"
9.2,17.6,68.4,9,4,38.8,1603.62,"1"
9.2,17.6,68.4,9,4,38.8,1603.62,"1"
9.2,17.6,68.4,9,4,38.8,1603.62,"1"
9.2,17.6,68.4,9,4,38.8,1603.62,"1"
9.2,17.6,68.4,9,4,38.8,1603.62,"1"
9.2,17.6,68.4,14,4,38.8,1765.12,"1"
9.2,17.6,68.4,14,4,38.8,1765.12,"1"
9.2,17.6,68.4,14,4,38.8,1765.12,"1"
9.2,17.6,68.4,19,4,38.8,1926.62,"1"
9.2,17.6,68.4,19,4,38.8,1926.62,"1"
9.2,17.6,68.4,19,4,38.8,1926.62,"1"
9.2,17.6,68.4,14,4,38.8,1765.12,"1"
9.2,17.6,68.4,9,4,38.8,1603.62,"1"
9.2,17.6,68.4,14,4,38.8,1765.12,"1"
9.2,17.6,68.4,19,4,38.8,1926.62,"1"
9.2,17.6,68.4,24,4,38.8,2088.12,"1"
9.2,17.6,68.4,19,4,38.8,1926.62,"1"
9.2,17.6,68.4,19,4,38.8,1926.62,"1"
9.2,17.6,68.4,19,4,38.8,1926.62,"1"
9.2,17.6,68.4,9,4,38.8,1603.62,"1"
9.2,17.6,68.4,9,19,38.8,2095.62,"1"
9.2,17.6,68.4,9,19,38.8,2095.62,"1"
9.2,17.6,68.4,9,19,38.8,2095.62,"1"
9.2,17.6,68.4,9,19,38.8,2095.62,"1"
9.2,17.6,68.4,4,19,38.8,1934.12,"1"
9.2,17.6,68.4,9,19,38.8,2095.62,"1"
9.2,17.6,68.4,9,4,38.8,1603.62,"1"
9.2,17.6,68.4,9,4,38.8,1603.62,"1"
9.2,17.6,68.4,9,4,38.8,1603.62,"1"
9.2,17.6,68.4,9,4,38.8,1603.62,"1"
9.2,17.6,68.4,14,4,38.8,1765.12,"1"
9.2,17.6,68.4,9,19,38.8,2095.62,"1"
9.2,17.6,68.4,14,19,38.8,2257.12,"1"
9.2,17.6,68.4,9,19,38.8,2095.62,"1"
9.2,17.6,68.4,9,19,38.8,2095.62,"1"
9.2,17.6,68.4,9,19,38.8,2095.62,"1"
9.2,17.6,68.4,4,19,38.8,1934.12,"1"
9.2,17.6,68.4,9,19,38.8,2095.62,"1"
9.2,17.6,68.4,9,4,38.8,1603.62,"1"
9.2,17.6,68.4,9,4,38.8,1603.62,"1"
9.2,17.6,68.4,4,4,38.8,1442.12,"0"
9.2,17.6,68.4,9,4,38.8,1603.62,"1"
9.2,17.6,68.4,9,4,38.8,1603.62,"1"
9.2,17.6,68.4,9,4,38.8,1603.62,"1"
9.2,17.6,68.4,4,4,38.8,1442.12,"0"
9.2,17.6,68.4,4,4,38.8,1442.12,"0"
9.2,17.6,68.4,4,4,38.8,1442.12,"0"
9.2,17.6,68.4,4,4,38.8,1442.12,"0"
9.2,17.6,68.4,4,4,38.8,1442.12,"0"
9.2,17.6,68.4,4,4,38.8,1442.12,"0"
9.2,17.6,68.4,4,4,38.8,1442.12,"0"
9.2,17.6,68.4,4,4,38.8,1442.12,"0"
9.2,17.6,68.4,4,4,38.8,1442.12,"0"
9.2,17.6,68.4,4,4,38.8,1442.12,"0"
9.2,17.6,68.4,4,4,38.8,1442.12,"0"
9.2,17.6,68.4,4,4,38.8,1442.12,"0"
9.2,17.6,68.4,4,4,38.8,1442.12,"0"
9.2,17.6,68.4,4,4,38.8,1442.12,"0"
9.2,17.6,68.4,4,4,38.8,1442.12,"0"
9.2,17.6,68.4,9,4,38.8,1603.62,"1"
9.2,17.6,68.4,14,4,38.8,1765.12,"1"
9.2,17.6,68.4,9,4,38.8,1603.62,"1"
9.2,17.6,68.4,9,4,38.8,1603.62,"1"
9.2,17.6,68.4,9,4,38.8,1603.62,"1"
9.2,17.6,68.4,9,4,38.8,1603.62,"1"
9.2,17.6,68.4,9,4,38.8,1603.62,"1"
9.2,17.6,68.4,9,4,38.8,1603.62,"1"
9.2,17.6,68.4,9,4,38.8,1603.62,"1"
9.2,17.6,68.4,9,4,38.8,1603.62,"1"
9.2,17.6,68.4,9,4,38.8,1603.62,"1"
9.2,17.6,68.4,9,4,38.8,1603.62,"1"
9.2,17.6,68.4,9,4,38.8,1603.62,"1"
9.2,17.6,68.4,9,4,38.8,1603.62,"1"
9.2,17.6,68.4,9,4,38.8,1603.62,"1"
9.2,17.6,68.4,14,4,38.8,1765.12,"1"
9.2,17.6,68.4,14,4,38.8,1765.12,"1"
9.2,17.6,68.4,14,4,38.8,1765.12,"1"
9.2,17.6,68.4,19,4,38.8,1926.62,"1"
9.2,17.6,68.4,19,4,38.8,1926.62,"1"
9.2,17.6,68.4,19,4,38.8,1926.62,"1"
9.2,17.6,68.4,19,4,38.8,1926.62,"1"
9.2,17.6,68.4,19,4,38.8,1926.62,"1"
9.2,17.6,68.4,19,4,38.8,1926.62,"1"
9.2,17.6,68.4,19,4,38.8,1926.62,"1"
9.2,17.6,68.4,9,4,38.8,1603.62,"1"
9.2,17.6,68.4,9,4,38.8,1603.62,"1"
9.2,17.6,68.4,19,4,38.8,1926.62,"1"
9.2,17.6,68.4,14,4,38.8,1765.12,"1"
9.2,17.6,68.4,19,4,38.8,1926.62,"1"
9.2,17.6,68.4,4,24,38.8,2098.12,"1"
9.2,17.6,68.4,4,24,38.8,2098.12,"1"
9.2,17.6,68.4,19,4,11.9,1778.67,"1"
9.2,17.6,68.4,4,4,38.8,1442.12,"0"
9.2,17.6,68.4,4,4,38.8,1442.12,"0"
9.2,17.6,68.4,4,4,38.8,1442.12,"0"
9.2,17.6,68.4,4,4,38.8,1442.12,"0"
9.2,17.6,68.4,4,4,38.8,1442.12,"0"
9.2,17.6,68.4,4,4,38.8,1442.12,"0"
9.2,17.6,68.4,4,4,38.8,1442.12,"0"
9.2,17.6,68.4,24,4,11.9,1940.17,"1"
9.2,17.6,68.4,29,4,11.9,2101.67,"1"
9.2,17.6,68.4,24,4,11.9,1940.17,"1"
9.2,17.6,68.4,19,4,11.9,1778.67,"1"
9.2,17.6,68.4,19,4,11.9,1778.67,"1"
9.2,17.6,68.4,14,4,11.9,1617.17,"1"
9.2,17.6,68.4,19,4,11.9,1778.67,"1"
9.2,17.6,68.4,14,4,11.9,1617.17,"1"
9.2,17.6,68.4,14,4,11.9,1617.17,"1"
9.2,17.6,68.4,19,4,11.9,1778.67,"1"
9.2,17.6,68.4,19,4,11.9,1778.67,"1"
9.2,17.6,68.4,19,4,11.9,1778.67,"1"
9.2,17.6,68.4,24,4,11.9,1940.17,"1"
9.2,17.6,68.4,24,4,11.9,1940.17,"1"
9.2,17.6,68.4,4,4,38.8,1442.12,"0"
9.2,17.6,68.4,4,4,38.8,1442.12,"0"
9.2,17.6,68.4,4,4,38.8,1442.12,"0"
9.2,17.6,68.4,4,4,38.8,1442.12,"0"
9.2,17.6,68.4,4,14,38.8,1770.12,"1"
9.2,17.6,68.4,4,14,38.8,1770.12,"1"
9.2,17.6,68.4,4,14,38.8,1770.12,"1"
9.2,17.6,68.4,19,4,38.8,1926.62,"1"
9.2,17.6,68.4,14,9,38.8,1929.12,"1"
9.2,17.6,68.4,14,9,38.8,1929.12,"1"
9.2,17.6,68.4,19,9,38.8,2090.62,"1"
9.2,17.6,68.4,19,9,38.8,2090.62,"1"
9.2,17.6,68.4,14,9,38.8,1929.12,"1"
9.2,17.6,68.4,9,9,38.8,1767.62,"1"
9.2,17.6,68.4,14,9,38.8,1929.12,"1"
9.2,17.6,68.4,4,9,38.8,1606.12,"1"
9.2,17.6,68.4,4,9,38.8,1606.12,"1"
9.2,17.6,68.4,4,9,38.8,1606.12,"1"
9.2,17.6,68.4,4,9,38.8,1606.12,"1"
9.2,17.6,68.4,4,9,38.8,1606.12,"1"
9.2,17.6,68.4,4,9,38.8,1606.12,"1"
9.2,17.6,68.4,9,9,38.8,1767.62,"1"
9.2,17.6,68.4,4,9,38.8,1606.12,"1"
9.2,17.6,68.4,9,9,38.8,1767.62,"1"
9.2,17.6,68.4,19,9,38.8,2090.62,"1"
9.2,17.6,68.4,19,9,38.8,2090.62,"1"
9.2,17.6,68.4,24,9,38.8,2252.12,"1"
9.2,17.6,68.4,24,9,38.8,2252.12,"1"
9.2,17.6,68.4,24,9,38.8,2252.12,"1"
9.2,17.6,68.4,24,9,38.8,2252.12,"1"
9.2,17.6,68.4,19,9,38.8,2090.62,"1"
9.2,17.6,68.4,19,9,38.8,2090.62,"1"
9.2,17.6,68.4,19,9,38.8,2090.62,"1"
9.2,17.6,68.4,19,9,38.8,2090.62,"1"
9.2,17.6,68.4,24,9,38.8,2252.12,"1"
9.2,17.6,68.4,24,9,38.8,2252.12,"1"
9.2,17.6,68.4,24,9,38.8,2252.12,"1"
9.2,17.6,68.4,19,9,38.8,2090.62,"1"
9.2,17.6,68.4,14,9,38.8,1929.12,"1"
9.2,17.6,68.4,14,9,38.8,1929.12,"1"
9.2,17.6,68.4,19,9,38.8,2090.62,"1"
9.2,17.6,68.4,19,9,38.8,2090.62,"1"
9.2,17.6,68.4,4,19,38.8,1934.12,"1"
9.2,17.6,68.4,9,19,38.8,2095.62,"1"
9.2,17.6,68.4,9,19,38.8,2095.62,"1"
9.2,17.6,68.4,9,19,38.8,2095.62,"1"
9.2,17.6,68.4,14,19,38.8,2257.12,"1"
9.2,17.6,68.4,19,19,38.8,2418.62,"1"
9.2,17.6,68.4,14,19,38.8,2257.12,"1"
9.2,17.6,68.4,19,19,38.8,2418.62,"1"
9.2,17.6,68.4,14,19,38.8,2257.12,"1"
9.2,17.6,68.4,14,19,38.8,2257.12,"1"
9.2,17.6,68.4,14,19,38.8,2257.12,"1"
9.2,17.6,68.4,14,19,38.8,2257.12,"1"
9.2,17.6,68.4,14,19,38.8,2257.12,"1"
9.2,17.6,68.4,14,19,38.8,2257.12,"1"
9.2,17.6,68.4,14,19,38.8,2257.12,"1"
9.2,17.6,68.4,14,19,38.8,2257.12,"1"
9.2,17.6,68.4,14,19,38.8,2257.12,"1"
9.2,17.6,68.4,14,19,38.8,2257.12,"1"
9.2,17.6,68.4,19,19,38.8,2418.62,"1"
9.2,17.6,68.4,14,19,38.8,2257.12,"1"
9.2,17.6,68.4,14,19,38.8,2257.12,"1"
9.2,17.6,68.4,14,19,38.8,2257.12,"1"
9.2,17.6,68.4,14,19,38.8,2257.12,"1"
9.2,17.6,68.4,14,19,38.8,2257.12,"1"
9.2,17.6,68.4,4,14,11.9,1622.17,"1"
9.2,17.6,68.4,4,14,11.9,1622.17,"1"
9.2,17.6,68.4,9,4,11.9,1478.77,"1"
9.2,17.6,68.4,4,4,11.9,1299.12,"0"
9.2,17.6,68.4,4,4,11.9,1294.17,"0"
9.2,17.6,68.4,4,4,11.9,1294.17,"0"
9.2,17.6,68.4,4,4,11.9,1294.17,"0"
9.2,17.6,68.4,4,4,11.9,1294.17,"0"
9.2,17.6,68.4,4,14,11.9,1622.17,"1"
9.2,17.6,68.4,4,14,11.9,1622.17,"1"
9.2,17.6,68.4,9,14,11.9,1783.67,"1"
9.2,17.6,68.4,9,14,38.8,1931.62,"1"
9.2,17.6,68.4,9,14,38.8,1931.62,"1"
9.2,17.6,68.4,9,14,38.8,1931.62,"1"
9.2,17.6,68.4,9,14,38.8,1931.62,"1"
9.2,17.6,68.4,9,9,38.8,1767.62,"1"
9.2,17.6,68.4,9,9,38.8,1767.62,"1"
9.2,17.6,68.4,9,9,38.8,1767.62,"1"
9.2,17.6,68.4,9,9,38.8,1767.62,"1"
9.2,17.6,68.4,9,14,38.8,1931.62,"1"
9.2,17.6,68.4,14,9,38.8,1929.12,"1"
9.2,17.6,68.4,14,9,38.8,1929.12,"1"
9.2,17.6,68.4,9,9,38.8,1767.62,"1"
9.2,17.6,68.4,9,9,38.8,1767.62,"1"
9.2,17.6,68.4,14,9,38.8,1929.12,"1"
9.2,17.6,68.4,9,4,38.8,1603.62,"1"
9.2,17.6,68.4,14,4,38.8,1765.12,"1"
9.2,17.6,68.4,14,4,38.8,1765.12,"1"
9.2,17.6,68.4,14,4,38.8,1765.12,"1"
9.2,17.6,68.4,14,4,38.8,1765.12,"1"
9.2,17.6,68.4,14,4,38.8,1765.12,"1"
9.2,17.6,68.4,14,4,38.8,1765.12,"1"
9.2,17.6,68.4,14,4,38.8,1765.12,"1"
9.2,17.6,68.4,4,9,38.8,1606.12,"1"
9.2,17.6,68.4,14,9,38.8,1929.12,"1"
9.2,17.6,68.4,9,9,38.8,1767.62,"1"
9.2,17.6,68.4,4,9,38.8,1606.12,"1"
9.2,17.6,68.4,4,9,38.8,1606.12,"1"
9.2,17.6,68.4,9,9,38.8,1767.62,"1"
9.2,17.6,68.4,4,9,38.8,1606.12,"1"
9.2,17.6,68.4,4,9,38.8,1606.12,"1"
9.2,17.6,68.4,4,9,38.8,1606.12,"1"
9.2,17.6,68.4,4,9,38.8,1606.12,"1"
9.2,17.6,68.4,4,9,38.8,1606.12,"1"
9.2,17.6,68.4,4,9,38.8,1606.12,"1"
9.2,17.6,68.4,4,9,38.8,1606.12,"1"
9.2,17.6,68.4,4,9,38.8,1606.12,"1"
9.2,17.6,68.4,4,9,38.8,1606.12,"1"
9.2,17.6,68.4,9,9,38.8,1767.62,"1"
9.2,17.6,68.4,9,9,38.8,1767.62,"1"
9.2,17.6,68.4,9,9,38.8,1767.62,"1"
9.2,17.6,68.4,9,9,38.8,1767.62,"1"
9.2,17.6,68.4,9,9,38.8,1767.62,"1"
9.2,17.6,68.4,14,9,38.8,1929.12,"1"
9.2,17.6,68.4,14,9,38.8,1929.12,"1"
9.2,17.6,68.4,14,9,38.8,1929.12,"1"
9.2,17.6,68.4,9,9,38.8,1767.62,"1"
9.2,17.6,68.4,9,9,38.8,1767.62,"1"
9.2,17.6,68.4,4,14,11.9,1622.17,"1"
9.2,17.6,68.4,4,14,11.9,1622.17,"1"
9.2,17.6,68.4,4,14,11.9,1622.17,"1"
9.2,17.6,68.4,4,14,11.9,1622.17,"1"
9.2,17.6,68.4,4,14,11.9,1622.17,"1"
9.2,17.6,68.4,4,14,11.9,1622.17,"1"
9.2,17.6,68.4,4,14,11.9,1622.17,"1"
9.2,17.6,68.4,4,14,11.9,1622.17,"1"
9.2,17.6,68.4,4,14,11.9,1622.17,"1"
9.2,17.6,68.4,4,14,11.9,1622.17,"1"
9.2,17.6,68.4,4,14,11.9,1622.17,"1"
9.2,17.6,68.4,4,14,11.9,1622.17,"1"
9.2,17.6,68.4,4,14,11.9,1622.17,"1"
9.2,17.6,68.4,4,14,11.9,1622.17,"1"
9.2,17.6,68.4,4,14,11.9,1622.17,"1"
9.2,17.6,68.4,4,14,11.9,1622.17,"1"
9.2,17.6,68.4,4,14,11.9,1622.17,"1"
9.2,17.6,68.4,4,14,11.9,1622.17,"1"
9.2,17.6,68.4,4,14,11.9,1622.17,"1"
9.2,17.6,68.4,4,14,11.9,1622.17,"1"
9.2,17.6,68.4,4,14,11.9,1622.17,"1"
9.2,17.6,68.4,4,14,11.9,1622.17,"1"
9.2,17.6,68.4,4,14,11.9,1622.17,"1"
9.2,17.6,68.4,4,14,11.9,1622.17,"1"
9.2,17.6,68.4,4,14,11.9,1622.17,"1"
9.2,17.6,68.4,4,14,11.9,1622.17,"1"
9.2,17.6,68.4,4,14,11.9,1622.17,"1"
9.2,17.6,68.4,4,14,11.9,1622.17,"1"
9.2,17.6,68.4,9,14,38.8,1931.62,"1"
9.2,17.6,68.4,9,14,38.8,1931.62,"1"
9.2,17.6,68.4,9,14,38.8,1931.62,"1"
9.2,17.6,68.4,9,14,38.8,1931.62,"1"
9.2,17.6,68.4,9,14,38.8,1931.62,"1"
9.2,17.6,68.4,9,14,38.8,1931.62,"1"
9.2,17.6,68.4,9,14,38.8,1931.62,"1"
9.2,17.6,68.4,9,14,38.8,1931.62,"1"
9.2,17.6,68.4,9,14,38.8,1931.62,"1"
9.2,17.6,68.4,9,14,38.8,1931.62,"1"
9.2,17.6,68.4,9,14,38.8,1931.62,"1"
9.2,17.6,68.4,9,14,38.8,1931.62,"1"
9.2,17.6,68.4,9,4,38.8,1603.62,"1"
9.2,17.6,68.4,14,4,38.8,1765.12,"1"
9.2,17.6,68.4,14,4,38.8,1765.12,"1"
9.2,17.6,68.4,14,4,38.8,1765.12,"1"
9.2,17.6,68.4,9,4,38.8,1603.62,"1"
9.2,17.6,68.4,9,4,38.8,1603.62,"1"
9.2,17.6,68.4,9,14,38.8,1931.62,"1"
9.2,17.6,68.4,9,14,38.8,1931.62,"1"
9.2,17.6,68.4,9,14,38.8,1931.62,"1"
9.2,17.6,68.4,14,14,38.8,2093.12,"1"
9.2,17.6,68.4,24,14,38.8,2416.12,"1"
9.2,17.6,68.4,19,14,38.8,2254.62,"1"
9.2,17.6,68.4,14,14,38.8,2093.12,"1"
9.2,17.6,68.4,9,14,38.8,1931.62,"1"
9.2,17.6,68.4,9,14,38.8,1931.62,"1"
9.2,17.6,68.4,9,19,38.8,2095.62,"1"
9.2,17.6,68.4,9,4,38.8,1603.62,"1"
9.2,17.6,68.4,9,9,38.8,1767.62,"1"
9.2,17.6,68.4,9,14,38.8,1931.62,"1"
9.2,17.6,68.4,9,9,38.8,1767.62,"1"
9.2,17.6,68.4,9,14,38.8,1931.62,"1"
9.2,17.6,68.4,9,14,38.8,1931.62,"1"
9.2,17.6,68.4,9,14,38.8,1931.62,"1"
9.2,17.6,68.4,9,14,38.8,1931.62,"1"
9.2,17.6,68.4,9,14,38.8,1931.62,"1"
9.2,17.6,68.4,9,9,38.8,1767.62,"1"
9.2,17.6,68.4,9,9,38.8,1767.62,"1"
9.2,17.6,68.4,4,14,38.8,1770.12,"1"
9.2,17.6,68.4,4,14,38.8,1770.12,"1"
9.2,17.6,68.4,4,24,38.8,2098.12,"1"
9.2,17.6,68.4,4,14,38.8,1770.12,"1"
9.2,17.6,68.4,4,14,38.8,1770.12,"1"
9.2,17.6,68.4,4,14,38.8,1770.12,"1"
9.2,17.6,68.4,4,14,11.9,1622.17,"1"
9.2,17.6,68.4,4,9,38.8,1606.12,"1"
9.2,17.6,68.4,4,9,38.8,1606.12,"1"
9.2,17.6,68.4,4,9,38.8,1606.12,"1"
9.2,17.6,68.4,4,9,38.8,1606.12,"1"
9.2,17.6,68.4,4,9,38.8,1606.12,"1"
9.2,17.6,68.4,4,9,38.8,1606.12,"1"
9.2,17.6,68.4,4,9,38.8,1606.12,"1"
9.2,17.6,68.4,4,9,38.8,1606.12,"1"
9.2,17.6,68.4,4,9,38.8,1606.12,"1"
9.2,17.6,68.4,4,9,38.8,1606.12,"1"
9.2,17.6,68.4,4,9,38.8,1606.12,"1"
9.2,17.6,68.4,4,9,38.8,1606.12,"1"
9.2,17.6,68.4,4,9,38.8,1606.12,"1"
9.2,17.6,68.4,4,9,38.8,1606.12,"1"
9.2,17.6,68.4,9,9,38.8,1767.62,"1"
9.2,17.6,68.4,9,9,38.8,1767.62,"1"
9.2,17.6,68.4,14,19,38.8,2257.12,"1"
9.2,17.6,68.4,19,19,38.8,2418.62,"1"
9.2,17.6,68.4,24,4,11.9,1940.17,"1"
9.2,17.6,68.4,24,4,11.9,1940.17,"1"
9.2,17.6,68.4,24,4,11.9,1940.17,"1"
9.2,17.6,68.4,14,4,38.8,1765.12,"1"
9.2,17.6,68.4,19,4,38.8,1926.62,"1"
9.2,17.6,68.4,19,4,38.8,1926.62,"1"
9.2,17.6,68.4,14,4,38.8,1765.12,"1"
9.2,17.6,68.4,14,4,38.8,1765.12,"1"
9.2,17.6,68.4,19,9,38.8,2090.62,"1"
9.2,17.6,68.4,19,9,38.8,2090.62,"1"
9.2,17.6,68.4,9,4,38.8,1603.62,"1"
9.2,17.6,68.4,9,19,38.8,2095.62,"1"
9.2,17.6,68.4,9,19,38.8,2095.62,"1"
9.2,17.6,68.4,9,4,38.8,1603.62,"1"
9.2,17.6,68.4,14,4,38.8,1765.12,"1"
9.2,17.6,68.4,14,4,38.8,1765.12,"1"
9.2,17.6,68.4,14,4,38.8,1765.12,"1"
9.2,17.6,68.4,9,4,38.8,1603.62,"1"
9.2,17.6,68.4,14,4,38.8,1765.12,"1"
9.2,17.6,68.4,14,4,38.8,1765.12,"1"
9.2,17.6,68.4,14,4,38.8,1765.12,"1"
9.2,17.6,68.4,14,4,38.8,1765.12,"1"
9.2,17.6,68.4,9,4,38.8,1603.62,"1"
9.2,17.6,68.4,19,4,38.8,1926.62,"1"
9.2,17.6,68.4,14,4,38.8,1765.12,"1"
9.2,17.6,68.4,14,4,38.8,1765.12,"1"
9.2,17.6,68.4,14,4,38.8,1765.12,"1"
9.2,17.6,68.4,14,4,38.8,1765.12,"1"
9.2,17.6,68.4,4,14,38.8,1770.12,"1"
9.2,17.6,68.4,9,14,38.8,1931.62,"1"
9.2,17.6,68.4,9,14,38.8,1931.62,"1"
9.2,17.6,68.4,9,14,38.8,1931.62,"1"
9.2,17.6,68.4,4,14,38.8,1770.12,"1"
9.2,17.6,68.4,14,14,38.8,2093.12,"1"
9.2,17.6,68.4,9,14,38.8,1931.62,"1"
9.2,17.6,68.4,9,14,38.8,1931.62,"1"
9.2,17.6,68.4,9,14,38.8,1931.62,"1"
9.2,17.6,68.4,4,14,38.8,1770.12,"1"
9.2,17.6,68.4,4,14,38.8,1770.12,"1"
9.2,17.6,68.4,4,19,38.8,1934.12,"1"
9.2,17.6,68.4,4,19,38.8,1934.12,"1"
9.2,17.6,68.4,4,19,38.8,1934.12,"1"
9.2,17.6,68.4,4,19,38.8,1934.12,"1"
9.2,17.6,68.4,4,19,38.8,1934.12,"1"
9.2,17.6,68.4,4,19,38.8,1934.12,"1"
9.2,17.6,68.4,4,19,38.8,1934.12,"1"
9.2,17.6,68.4,4,24,38.8,2098.12,"1"
9.2,17.6,68.4,4,24,38.8,2098.12,"1"
9.2,17.6,68.4,4,24,38.8,2098.12,"1"
9.2,17.6,68.4,4,24,38.8,2098.12,"1"
9.2,17.6,68.4,4,24,38.8,2098.12,"1"
9.2,17.6,68.4,4,24,38.8,2098.12,"1"
9.2,17.6,68.4,4,14,38.8,1770.12,"1"
9.2,17.6,68.4,4,14,38.8,1770.12,"1"
9.2,17.6,68.4,4,14,38.8,1770.12,"1"
9.2,17.6,68.4,4,14,38.8,1770.12,"1"
9.2,17.6,68.4,4,14,38.8,1770.12,"1"
9.2,17.6,68.4,4,14,38.8,1770.12,"1"
9.2,17.6,68.4,4,14,38.8,1770.12,"1"
9.2,17.6,68.4,4,14,38.8,1770.12,"1"
9.2,17.6,68.4,4,14,38.8,1770.12,"1"
9.2,17.6,68.4,9,14,38.8,1931.62,"1"
9.2,17.6,68.4,4,14,38.8,1770.12,"1"
9.2,17.6,68.4,4,14,38.8,1770.12,"1"
9.2,17.6,68.4,4,14,38.8,1770.12,"1"
9.2,17.6,68.4,4,14,38.8,1770.12,"1"
9.2,17.6,68.4,4,14,38.8,1770.12,"1"
9.2,17.6,68.4,4,14,38.8,1770.12,"1"
9.2,17.6,68.4,4,14,38.8,1770.12,"1"
9.2,17.6,68.4,4,29,38.8,2262.12,"1"
9.2,17.6,68.4,4,29,38.8,2262.12,"1"
9.2,17.6,68.4,4,29,38.8,2262.12,"1"
9.2,17.6,68.4,9,14,38.8,1931.62,"1"
9.2,17.6,68.4,4,24,38.8,2098.12,"1"
9.2,17.6,68.4,4,24,38.8,2098.12,"1"
9.2,17.6,68.4,4,24,38.8,2098.12,"1"
9.2,17.6,68.4,9,19,38.8,2095.62,"1"
9.2,17.6,68.4,14,24,38.8,2421.12,"1"
9.2,17.6,68.4,9,24,38.8,2259.62,"1"
9.2,17.6,68.4,14,24,38.8,2421.12,"1"
9.2,17.6,68.4,14,24,38.8,2421.12,"1"
9.2,17.6,68.4,14,24,38.8,2421.12,"1"
9.2,17.6,68.4,9,24,38.8,2259.62,"1"
9.2,17.6,68.4,9,19,38.8,2095.62,"1"
9.2,17.6,68.4,9,19,38.8,2095.62,"1"
9.2,17.6,68.4,9,19,38.8,2095.62,"1"
9.2,17.6,68.4,19,14,38.8,2254.62,"1"
9.2,17.6,68.4,19,14,38.8,2254.62,"1"
9.2,17.6,68.4,19,14,38.8,2254.62,"1"
9.2,17.6,68.4,14,14,38.8,2093.12,"1"
9.2,17.6,68.4,14,14,38.8,2093.12,"1"
9.2,17.6,68.4,19,14,38.8,2254.62,"1"
9.2,17.6,68.4,24,14,38.8,2416.12,"1"
9.2,17.6,68.4,24,14,38.8,2416.12,"1"
9.2,17.6,68.4,19,9,38.8,2090.62,"1"
9.2,17.6,68.4,19,9,38.8,2090.62,"1"
9.2,17.6,68.4,14,9,38.8,1929.12,"1"
9.2,17.6,68.4,14,9,38.8,1929.12,"1"
9.2,17.6,68.4,9,9,38.8,1767.62,"1"
9.2,17.6,68.4,9,9,38.8,1767.62,"1"
9.2,17.6,68.4,19,9,38.8,2090.62,"1"
9.2,17.6,68.4,19,9,38.8,2090.62,"1"
9.2,17.6,68.4,19,9,38.8,2090.62,"1"
9.2,17.6,68.4,29,9,38.8,2413.62,"1"
9.2,17.6,68.4,19,9,38.8,2090.62,"1"
9.2,17.6,68.4,19,9,38.8,2090.62,"1"
9.2,17.6,68.4,9,9,38.8,1767.62,"1"
9.2,17.6,68.4,14,9,38.8,1929.12,"1"
9.2,17.6,68.4,9,9,38.8,1767.62,"1"
9.2,17.6,68.4,9,9,38.8,1767.62,"1"
9.2,17.6,68.4,14,9,38.8,1929.12,"1"
9.2,17.6,68.4,19,9,38.8,2090.62,"1"
9.2,17.6,68.4,24,9,38.8,2252.12,"1"
9.2,17.6,68.4,14,9,38.8,1929.12,"1"
9.2,17.6,68.4,14,9,38.8,1929.12,"1"
9.2,17.6,68.4,9,9,38.8,1767.62,"1"
9.2,17.6,68.4,9,14,38.8,1931.62,"1"
9.2,17.6,68.4,9,14,38.8,1931.62,"1"
9.2,17.6,68.4,9,14,38.8,1931.62,"1"
9.2,17.6,68.4,14,14,38.8,2093.12,"1"
9.2,17.6,68.4,9,14,38.8,1931.62,"1"
9.2,17.6,68.4,24,14,38.8,2416.12,"1"
9.2,17.6,68.4,29,14,38.8,2577.62,"1"
9.2,17.6,68.4,19,14,38.8,2254.62,"1"
9.2,17.6,68.4,19,14,38.8,2254.62,"1"
9.2,17.6,68.4,14,14,38.8,2093.12,"1"
9.2,17.6,68.4,19,14,38.8,2254.62,"1"
9.2,17.6,68.4,19,14,38.8,2254.62,"1"
9.2,17.6,68.4,19,14,38.8,2254.62,"1"
9.2,17.6,68.4,14,14,38.8,2093.12,"1"
9.2,17.6,68.4,9,24,38.8,2259.62,"1"
9.2,17.6,68.4,4,19,38.8,1934.12,"1"
9.2,17.6,68.4,14,19,38.8,2257.12,"1"
9.2,17.6,68.4,4,24,38.8,2098.12,"1"
9.2,17.6,68.4,9,24,38.8,2259.62,"1"
9.2,17.6,68.4,4,24,38.8,2098.12,"1"
9.2,17.6,68.4,9,24,38.8,2259.62,"1"
9.2,17.6,68.4,14,24,38.8,2421.12,"1"
9.2,17.6,68.4,14,24,38.8,2421.12,"1"
9.2,17.6,68.4,9,24,38.8,2259.62,"1"
9.2,17.6,68.4,9,4,38.8,1603.62,"1"
9.2,17.6,68.4,14,4,38.8,1765.12,"1"
9.2,17.6,68.4,14,4,38.8,1765.12,"1"
9.2,17.6,68.4,9,4,38.8,1603.62,"1"
9.2,17.6,68.4,19,4,38.8,1926.62,"1"
9.2,17.6,68.4,19,4,38.8,1926.62,"1"
9.2,17.6,68.4,19,4,38.8,1926.62,"1"
9.2,17.6,68.4,24,4,38.8,2088.12,"1"
9.2,17.6,68.4,24,4,38.8,2088.12,"1"
9.2,17.6,68.4,24,4,38.8,2088.12,"1"
9.2,17.6,68.4,24,4,38.8,2088.12,"1"
9.2,17.6,68.4,24,4,38.8,2088.12,"1"
9.2,17.6,68.4,19,4,38.8,1926.62,"1"
9.2,17.6,68.4,14,24,38.8,2421.12,"1"
9.2,17.6,68.4,24,24,38.8,2744.12,"1"
9.2,17.6,68.4,19,24,38.8,2582.62,"1"
9.2,17.6,68.4,4,19,38.8,1934.12,"1"
9.2,17.6,68.4,4,24,38.8,2098.12,"1"
9.2,17.6,68.4,4,24,38.8,2098.12,"1"
9.2,17.6,68.4,4,24,38.8,2098.12,"1"
9.2,17.6,68.4,19,4,38.8,1926.62,"1"
9.2,17.6,68.4,14,4,38.8,1765.12,"1"
9.2,17.6,68.4,19,4,38.8,1926.62,"1"
9.2,17.6,68.4,4,24,38.8,2098.12,"1"
9.2,17.6,68.4,9,24,38.8,2259.62,"1"
9.2,17.6,68.4,4,24,38.8,2098.12,"1"
9.2,17.6,68.4,9,19,38.8,2095.62,"1"
9.2,17.6,68.4,9,19,38.8,2095.62,"1"
9.2,17.6,68.4,9,19,38.8,2095.62,"1"
9.2,17.6,68.4,14,19,38.8,2257.12,"1"
9.2,17.6,68.4,14,19,38.8,2257.12,"1"
9.2,17.6,68.4,19,19,38.8,2418.62,"1"
9.2,17.6,68.4,14,19,38.8,2257.12,"1"
9.2,17.6,68.4,24,19,38.8,2580.12,"1"
9.2,17.6,68.4,19,19,38.8,2418.62,"1"
9.2,17.6,68.4,14,19,38.8,2257.12,"1"
9.2,17.6,68.4,19,19,38.8,2418.62,"1"
9.2,17.6,68.4,19,19,38.8,2418.62,"1"
9.2,17.6,68.4,19,19,38.8,2418.62,"1"
9.2,17.6,68.4,29,19,38.8,2741.62,"1"
9.2,17.6,68.4,29,19,38.8,2741.62,"1"
9.2,17.6,68.4,19,19,38.8,2418.62,"1"
9.2,17.6,68.4,9,19,38.8,2095.62,"1"
9.2,17.6,68.4,24,4,38.8,2088.12,"1"
9.2,17.6,68.4,24,4,38.8,2088.12,"1"
9.2,17.6,68.4,24,4,38.8,2088.12,"1"
9.2,17.6,68.4,19,4,38.8,1926.62,"1"
9.2,17.6,68.4,19,4,38.8,1926.62,"1"
9.2,17.6,68.4,19,4,38.8,1926.62,"1"
9.2,17.6,68.4,29,4,38.8,2249.62,"1"
9.2,17.6,68.4,24,4,38.8,2088.12,"1"
9.2,17.6,68.4,14,4,38.8,1765.12,"1"
9.2,17.6,68.4,19,4,38.8,1926.62,"1"
9.2,17.6,68.4,19,4,38.8,1926.62,"1"
9.2,17.6,68.4,24,4,38.8,2088.12,"1"
9.2,17.6,68.4,24,4,38.8,2088.12,"1"
9.2,17.6,68.4,24,4,38.8,2088.12,"1"
9.2,17.6,68.4,24,4,38.8,2088.12,"1"
9.2,17.6,68.4,24,4,38.8,2088.12,"1"
9.2,17.6,68.4,19,4,38.8,1926.62,"1"
9.2,17.6,68.4,24,4,38.8,2088.12,"1"
9.2,17.6,68.4,24,4,38.8,2088.12,"1"
9.2,17.6,68.4,29,4,38.8,2249.62,"1"
9.2,17.6,68.4,29,4,38.8,2249.62,"1"
9.2,17.6,68.4,29,4,38.8,2249.62,"1"
9.2,17.6,68.4,24,4,38.8,2088.12,"1"
9.2,17.6,68.4,29,4,38.8,2249.62,"1"
9.2,17.6,68.4,29,4,38.8,2249.62,"1"
9.2,17.6,68.4,29,4,38.8,2249.62,"1"
9.2,17.6,68.4,24,4,38.8,2088.12,"1"
9.2,17.6,68.4,29,4,38.8,2249.62,"1"
9.2,17.6,68.4,29,4,38.8,2249.62,"1"
9.2,17.6,68.4,29,4,38.8,2249.62,"1"
9.2,17.6,68.4,19,4,38.8,1926.62,"1"
9.2,17.6,68.4,24,4,38.8,2088.12,"1"
9.2,17.6,68.4,24,4,38.8,2088.12,"1"
9.2,17.6,68.4,24,4,38.8,2088.12,"1"
9.2,17.6,68.4,24,4,38.8,2088.12,"1"
9.2,17.6,68.4,24,4,38.8,2088.12,"1"
9.2,17.6,68.4,24,4,38.8,2088.12,"1"
9.2,17.6,68.4,24,4,38.8,2088.12,"1"
9.2,17.6,68.4,24,4,38.8,2088.12,"1"
9.2,17.6,68.4,19,4,38.8,1926.62,"1"
9.2,17.6,68.4,24,4,38.8,2088.12,"1"
9.2,17.6,68.4,29,4,38.8,2249.62,"1"
9.2,17.6,68.4,29,4,38.8,2249.62,"1"
9.2,17.6,68.4,29,4,38.8,2249.62,"1"
9.2,17.6,68.4,24,4,38.8,2088.12,"1"
9.2,17.6,68.4,24,4,38.8,2088.12,"1"
9.2,17.6,68.4,24,4,38.8,2088.12,"1"
9.2,17.6,68.4,29,4,38.8,2249.62,"1"
9.2,17.6,68.4,29,4,38.8,2249.62,"1"
9.2,17.6,68.4,29,4,38.8,2249.62,"1"
9.2,17.6,68.4,29,4,38.8,2249.62,"1"
9.2,17.6,68.4,4,14,38.8,1770.12,"1"
9.2,17.6,68.4,4,14,38.8,1770.12,"1"
9.2,17.6,68.4,9,14,38.8,1931.62,"1"
9.2,17.6,68.4,14,14,38.8,2093.12,"1"
9.2,17.6,68.4,14,19,38.8,2257.12,"1"
9.2,17.6,68.4,9,14,38.8,1931.62,"1"
9.2,17.6,68.4,4,14,38.8,1770.12,"1"
9.2,17.6,68.4,4,14,38.8,1770.12,"1"
9.2,17.6,68.4,9,14,38.8,1931.62,"1"
9.2,17.6,68.4,24,14,38.8,2416.12,"1"
9.2,17.6,68.4,24,14,38.8,2416.12,"1"
9.2,17.6,68.4,24,19,38.8,2580.12,"1"
9.2,17.6,68.4,19,19,38.8,2418.62,"1"
9.2,17.6,68.4,29,19,38.8,2741.62,"1"
9.2,17.6,68.4,19,19,38.8,2418.62,"1"
9.2,17.6,68.4,24,19,38.8,2580.12,"1"
9.2,17.6,68.4,29,19,38.8,2741.62,"1"
9.2,17.6,68.4,24,19,38.8,2580.12,"1"
9.2,17.6,68.4,19,19,38.8,2418.62,"1"
9.2,17.6,68.4,14,19,38.8,2257.12,"1"
9.2,17.6,68.4,29,14,38.8,2577.62,"1"
9.2,17.6,68.4,19,14,38.8,2254.62,"1"
9.2,17.6,68.4,19,14,38.8,2254.62,"1"
9.2,17.6,68.4,24,14,38.8,2416.12,"1"
9.2,17.6,68.4,24,14,38.8,2416.12,"1"
9.2,17.6,68.4,29,14,38.8,2577.62,"1"
9.2,17.6,68.4,24,14,38.8,2416.12,"1"
9.2,17.6,68.4,24,14,38.8,2416.12,"1"
9.2,17.6,68.4,19,14,38.8,2254.62,"1"
9.2,17.6,68.4,19,14,38.8,2254.62,"1"
9.2,17.6,68.4,14,14,38.8,2093.12,"1"
9.2,17.6,68.4,19,14,38.8,2254.62,"1"
9.2,17.6,68.4,29,14,38.8,2577.62,"1"
9.2,17.6,68.4,29,14,38.8,2577.62,"1"
9.2,17.6,68.4,29,14,38.8,2577.62,"1"
9.2,17.6,68.4,19,14,38.8,2254.62,"1"
9.2,17.6,68.4,29,9,38.8,2413.62,"1"
9.2,17.6,68.4,24,4,38.8,2088.12,"1"
9.2,17.6,68.4,24,4,38.8,2088.12,"1"
9.2,17.6,68.4,29,4,38.8,2249.62,"1"
9.2,17.6,68.4,24,4,38.8,2088.12,"1"
9.2,17.6,68.4,29,4,38.8,2249.62,"1"
9.2,17.6,68.4,24,4,38.8,2088.12,"1"
9.2,17.6,68.4,24,4,38.8,2088.12,"1"
9.2,17.6,68.4,29,4,38.8,2249.62,"1"
9.2,17.6,68.4,24,4,38.8,2088.12,"1"
9.2,17.6,68.4,14,9,38.8,1929.12,"1"
9.2,17.6,68.4,19,9,38.8,2090.62,"1"
9.2,17.6,68.4,24,9,38.8,2252.12,"1"
9.2,17.6,68.4,19,9,38.8,2090.62,"1"
9.2,17.6,68.4,14,9,38.8,1929.12,"1"
9.2,17.6,68.4,19,9,38.8,2090.62,"1"
9.2,17.6,68.4,9,19,38.8,2095.62,"1"
9.2,17.6,68.4,4,19,38.8,1934.12,"1"
9.2,17.6,68.4,9,19,38.8,2095.62,"1"
9.2,17.6,68.4,4,19,38.8,1934.12,"1"
9.2,17.6,68.4,19,19,38.8,2418.62,"1"
9.2,17.6,68.4,14,19,38.8,2257.12,"1"
9.2,17.6,68.4,9,19,38.8,2095.62,"1"
9.2,17.6,68.4,9,19,38.8,2095.62,"1"
9.2,17.6,68.4,19,19,38.8,2418.62,"1"
9.2,17.6,68.4,14,19,38.8,2257.12,"1"
9.2,17.6,68.4,4,19,38.8,1934.12,"1"
9.2,17.6,68.4,24,4,38.8,2088.12,"1"
9.2,17.6,68.4,29,4,38.8,2249.62,"1"
9.2,17.6,68.4,24,4,38.8,2088.12,"1"
9.2,17.6,68.4,24,4,38.8,2088.12,"1"
9.2,17.6,68.4,24,4,38.8,2088.12,"1"
9.2,17.6,68.4,24,4,38.8,2088.12,"1"
9.2,17.6,68.4,24,4,38.8,2088.12,"1"
9.2,17.6,68.4,14,24,38.8,2421.12,"1"
9.2,17.6,68.4,9,19,38.8,2095.62,"1"
9.2,17.6,68.4,19,19,38.8,2418.62,"1"
9.2,17.6,68.4,14,19,38.8,2257.12,"1"
9.2,17.6,68.4,9,19,38.8,2095.62,"1"
9.2,17.6,68.4,14,24,38.8,2421.12,"1"
9.2,17.6,68.4,24,4,38.8,2088.12,"1"
9.2,17.6,68.4,29,4,38.8,2249.62,"1"
9.2,17.6,68.4,29,4,38.8,2249.62,"1"
9.2,17.6,68.4,29,4,38.8,2249.62,"1"
9.2,17.6,68.4,29,4,38.8,2249.62,"1"
9.2,17.6,68.4,29,4,38.8,2249.62,"1"
9.2,17.6,68.4,29,4,38.8,2249.62,"1"
9.2,17.6,68.4,29,4,38.8,2249.62,"1"
9.2,17.6,68.4,24,4,38.8,2088.12,"1"
9.2,17.6,68.4,24,4,38.8,2088.12,"1"
9.2,17.6,68.4,24,4,38.8,2088.12,"1"
9.2,17.6,68.4,24,4,38.8,2088.12,"1"
9.2,17.6,68.4,14,19,38.8,2257.12,"1"
9.2,17.6,68.4,14,24,38.8,2421.12,"1"
9.2,17.6,68.4,29,24,38.8,2905.62,"1"
9.2,17.6,68.4,19,24,38.8,2582.62,"1"
9.2,17.6,68.4,9,24,38.8,2259.62,"1"
9.2,17.6,68.4,14,24,38.8,2421.12,"1"
9.2,17.6,68.4,9,24,38.8,2259.62,"1"
9.2,17.6,68.4,14,24,38.8,2421.12,"1"
9.2,17.6,68.4,9,24,38.8,2259.62,"1"
9.2,17.6,68.4,9,24,38.8,2259.62,"1"
9.2,17.6,68.4,14,24,38.8,2421.12,"1"
9.2,17.6,68.4,24,24,38.8,2744.12,"1"
9.2,17.6,68.4,29,24,38.8,2905.62,"1"
9.2,17.6,68.4,29,24,38.8,2905.62,"1"
9.2,17.6,68.4,19,19,38.8,2418.62,"1"
9.2,17.6,68.4,14,19,38.8,2257.12,"1"
9.2,17.6,68.4,14,19,38.8,2257.12,"1"
9.2,17.6,68.4,24,19,38.8,2580.12,"1"
9.2,17.6,68.4,14,19,38.8,2257.12,"1"
9.2,17.6,68.4,9,19,38.8,2095.62,"1"
9.2,17.6,68.4,19,19,38.8,2418.62,"1"
9.2,17.6,68.4,9,19,38.8,2095.62,"1"
9.2,17.6,68.4,9,19,38.8,2095.62,"1"
9.2,17.6,68.4,19,19,38.8,2418.62,"1"
9.2,17.6,68.4,19,19,38.8,2418.62,"1"
9.2,17.6,68.4,14,19,38.8,2257.12,"1"
9.2,17.6,68.4,24,19,38.8,2580.12,"1"
9.2,17.6,68.4,29,4,38.8,2249.62,"1"
9.2,17.6,68.4,29,4,38.8,2249.62,"1"
9.2,17.6,68.4,29,4,38.8,2249.62,"1"
9.2,17.6,68.4,24,4,38.8,2088.12,"1"
9.2,17.6,68.4,14,4,38.8,1765.12,"1"
9.2,17.6,68.4,19,4,38.8,1926.62,"1"
9.2,17.6,68.4,24,4,38.8,2088.12,"1"
9.2,17.6,68.4,19,4,38.8,1926.62,"1"
9.2,17.6,68.4,14,4,38.8,1765.12,"1"
9.2,17.6,68.4,19,4,38.8,1926.62,"1"
9.2,17.6,68.4,19,4,38.8,1926.62,"1"
9.2,17.6,68.4,19,4,38.8,1926.62,"1"
9.2,17.6,68.4,19,4,38.8,1926.62,"1"
9.2,17.6,68.4,9,14,38.8,1931.62,"1"
9.2,17.6,68.4,4,14,38.8,1770.12,"1"
9.2,17.6,68.4,4,14,38.8,1770.12,"1"
9.2,17.6,68.4,9,14,38.8,1931.62,"1"
9.2,17.6,68.4,29,9,38.8,2413.62,"1"
9.2,17.6,68.4,29,4,38.8,2249.62,"1"
9.2,17.6,68.4,29,4,38.8,2249.62,"1"
9.2,17.6,68.4,29,4,38.8,2249.62,"1"
9.2,17.6,68.4,29,4,38.8,2249.62,"1"
9.2,17.6,68.4,29,4,38.8,2249.62,"1"
9.2,17.6,68.4,29,4,38.8,2249.62,"1"
9.2,17.6,68.4,29,4,38.8,2249.62,"1"
9.2,17.6,68.4,24,4,38.8,2088.12,"1"
9.2,17.6,68.4,19,4,38.8,1926.62,"1"
9.2,17.6,68.4,29,4,38.8,2249.62,"1"
9.2,17.6,68.4,29,4,38.8,2249.62,"1"
9.2,17.6,68.4,19,4,38.8,1926.62,"1"
9.2,17.6,68.4,19,4,38.8,1926.62,"1"
9.2,17.6,68.4,24,4,38.8,2088.12,"1"
9.2,17.6,68.4,19,4,38.8,1926.62,"1"
9.2,17.6,68.4,19,4,38.8,1926.62,"1"
9.2,17.6,68.4,29,4,38.8,2249.62,"1"
9.2,17.6,68.4,29,4,38.8,2249.62,"1"
9.2,17.6,68.4,29,4,38.8,2249.62,"1"
9.2,17.6,68.4,29,4,38.8,2249.62,"1"
9.2,17.6,68.4,29,4,38.8,2249.62,"1"
9.2,17.6,68.4,29,4,38.8,2249.62,"1"
9.2,17.6,68.4,29,4,38.8,2249.62,"1"
9.2,17.6,68.4,29,4,38.8,2249.62,"1"
9.2,17.6,68.4,29,4,38.8,2249.62,"1"
9.2,17.6,68.4,19,4,38.8,1926.62,"1"
9.2,17.6,68.4,29,4,38.8,2249.62,"1"
9.2,17.6,68.4,29,4,38.8,2249.62,"1"
9.2,17.6,68.4,24,4,38.8,2088.12,"1"
9.2,17.6,68.4,19,4,38.8,1926.62,"1"
9.2,17.6,68.4,19,4,38.8,1926.62,"1"
9.2,17.6,68.4,24,4,38.8,2088.12,"1"
9.2,17.6,68.4,29,4,38.8,2249.62,"1"
9.2,17.6,68.4,29,9,38.8,2413.62,"1"
9.2,17.6,68.4,4,9,38.8,1606.12,"1"
9.2,17.6,68.4,4,19,38.8,1934.12,"1"
9.2,17.6,68.4,4,19,38.8,1934.12,"1"
9.2,17.6,68.4,4,19,38.8,1934.12,"1"
9.2,17.6,68.4,4,19,38.8,1934.12,"1"
9.2,17.6,68.4,4,19,38.8,1934.12,"1"
9.2,17.6,68.4,4,19,38.8,1934.12,"1"
9.2,17.6,68.4,4,19,38.8,1934.12,"1"
9.2,17.6,68.4,4,19,38.8,1934.12,"1"
9.2,17.6,68.4,4,19,38.8,1934.12,"1"
9.2,17.6,68.4,4,19,38.8,1934.12,"1"
9.2,17.6,68.4,4,9,38.8,1606.12,"1"
9.2,17.6,68.4,4,9,38.8,1606.12,"1"
9.2,17.6,68.4,24,9,38.8,2252.12,"1"
9.2,17.6,68.4,24,4,38.8,2088.12,"1"
9.2,17.6,68.4,24,9,38.8,2252.12,"1"
9.2,17.6,68.4,24,4,38.8,2088.12,"1"
9.2,17.6,68.4,9,4,38.8,1603.62,"1"
9.2,17.6,68.4,9,4,38.8,1603.62,"1"
9.2,17.6,68.4,14,4,38.8,1765.12,"1"
9.2,17.6,68.4,14,4,38.8,1765.12,"1"
9.2,17.6,68.4,14,4,38.8,1765.12,"1"
9.2,17.6,68.4,14,4,38.8,1765.12,"1"
9.2,17.6,68.4,24,4,38.8,2088.12,"1"
9.2,17.6,68.4,24,4,38.8,2088.12,"1"
9.2,17.6,68.4,29,4,38.8,2249.62,"1"
9.2,17.6,68.4,29,4,38.8,2249.62,"1"
9.2,17.6,68.4,29,4,38.8,2249.62,"1"
9.2,17.6,68.4,29,4,38.8,2249.62,"1"
9.2,17.6,68.4,19,4,38.8,1926.62,"1"
9.2,17.6,68.4,14,4,38.8,1765.12,"1"
9.2,17.6,68.4,9,4,38.8,1603.62,"1"
9.2,17.6,68.4,9,4,38.8,1603.62,"1"
9.2,17.6,68.4,14,4,38.8,1765.12,"1"
9.2,17.6,68.4,14,4,38.8,1765.12,"1"
9.2,17.6,68.4,29,4,38.8,2249.62,"1"
9.2,17.6,68.4,29,4,38.8,2249.62,"1"
9.2,17.6,68.4,29,4,38.8,2249.62,"1"
9.2,17.6,68.4,29,4,38.8,2249.62,"1"
9.2,17.6,68.4,19,4,38.8,1926.62,"1"
9.2,17.6,68.4,19,4,38.8,1926.62,"1"
9.2,17.6,68.4,14,4,38.8,1765.12,"1"
9.2,17.6,68.4,24,4,38.8,2088.12,"1"
9.2,17.6,68.4,19,4,38.8,1926.62,"1"
9.2,17.6,68.4,14,4,38.8,1765.12,"1"
9.2,17.6,68.4,9,4,38.8,1603.62,"1"
9.2,17.6,68.4,4,4,38.8,1442.12,"0"
9.2,17.6,68.4,4,4,38.8,1442.12,"0"
9.2,17.6,68.4,9,4,38.8,1603.62,"1"
9.2,17.6,68.4,19,4,38.8,1926.62,"1"
9.2,17.6,68.4,19,4,38.8,1926.62,"1"
9.2,17.6,68.4,19,4,38.8,1926.62,"1"
9.2,17.6,68.4,19,4,38.8,1926.62,"1"
9.2,17.6,68.4,29,4,38.8,2249.62,"1"
9.2,17.6,68.4,29,4,38.8,2249.62,"1"
9.2,17.6,68.4,29,4,38.8,2249.62,"1"
9.2,17.6,68.4,24,4,38.8,2088.12,"1"
9.2,17.6,68.4,24,4,38.8,2088.12,"1"
9.2,17.6,68.4,24,4,38.8,2088.12,"1"
9.2,17.6,68.4,29,4,38.8,2249.62,"1"
9.2,17.6,68.4,24,4,38.8,2088.12,"1"
9.2,17.6,68.4,9,4,38.8,1603.62,"1"
9.2,17.6,68.4,9,4,38.8,1603.62,"1"
9.2,17.6,68.4,24,4,38.8,2088.12,"1"
9.2,17.6,68.4,29,4,38.8,2249.62,"1"
9.2,17.6,68.4,29,4,38.8,2249.62,"1"
9.2,17.6,68.4,24,4,38.8,2088.12,"1"
9.2,17.6,68.4,14,4,38.8,1765.12,"1"
9.2,17.6,68.4,19,4,38.8,1926.62,"1"
9.2,17.6,68.4,14,4,38.8,1765.12,"1"
9.2,17.6,68.4,24,4,38.8,2088.12,"1"
9.2,17.6,68.4,24,4,38.8,2088.12,"1"
9.2,17.6,68.4,29,4,38.8,2249.62,"1"
9.2,17.6,68.4,14,4,38.8,1765.12,"1"
9.2,17.6,68.4,14,4,38.8,1765.12,"1"
9.2,17.6,68.4,14,4,38.8,1765.12,"1"
9.2,17.6,68.4,19,4,38.8,1926.62,"1"
9.2,17.6,68.4,29,4,38.8,2249.62,"1"
9.2,17.6,68.4,29,4,38.8,2249.62,"1"
9.2,17.6,68.4,29,4,38.8,2249.62,"1"
9.2,17.6,68.4,29,4,38.8,2249.62,"1"
9.2,17.6,68.4,24,4,38.8,2088.12,"1"
9.2,17.6,68.4,14,4,38.8,1765.12,"1"
9.2,17.6,68.4,14,4,38.8,1765.12,"1"
9.2,17.6,68.4,29,4,38.8,2249.62,"1"
9.2,17.6,68.4,29,4,38.8,2249.62,"1"
9.2,17.6,68.4,29,4,38.8,2249.62,"1"
9.2,17.6,68.4,29,4,38.8,2249.62,"1"
9.2,17.6,68.4,9,4,38.8,1603.62,"1"
9.2,17.6,68.4,9,4,38.8,1603.62,"1"
9.2,17.6,68.4,19,4,38.8,1926.62,"1"
9.2,17.6,68.4,19,4,38.8,1926.62,"1"
9.2,17.6,68.4,14,9,38.8,1929.12,"1"
9.2,17.6,68.4,14,14,38.8,2093.12,"1"
9.2,17.6,68.4,14,14,38.8,2093.12,"1"
9.2,17.6,68.4,9,14,38.8,1931.62,"1"
9.2,17.6,68.4,9,14,38.8,1931.62,"1"
9.2,17.6,68.4,9,14,38.8,1931.62,"1"
9.2,17.6,68.4,9,9,38.8,1767.62,"1"
9.2,17.6,68.4,19,4,38.8,1926.62,"1"
9.2,17.6,68.4,9,14,38.8,1931.62,"1"
9.2,17.6,68.4,9,14,38.8,1931.62,"1"
9.2,17.6,68.4,9,14,38.8,1931.62,"1"
9.2,17.6,68.4,9,14,38.8,1931.62,"1"
9.2,17.6,68.4,9,14,38.8,1931.62,"1"
9.2,17.6,68.4,9,14,38.8,1931.62,"1"
9.2,17.6,68.4,9,14,38.8,1931.62,"1"
9.2,17.6,68.4,14,4,38.8,1765.12,"1"
9.2,17.6,68.4,14,14,38.8,2093.12,"1"
9.2,17.6,68.4,9,14,38.8,1931.62,"1"
9.2,17.6,68.4,14,14,38.8,2093.12,"1"
9.2,17.6,68.4,19,14,38.8,2254.62,"1"
9.2,17.6,68.4,14,14,38.8,2093.12,"1"
9.2,17.6,68.4,19,14,38.8,2254.62,"1"
9.2,17.6,68.4,14,14,38.8,2093.12,"1"
9.2,17.6,68.4,14,14,38.8,2093.12,"1"
9.2,17.6,68.4,14,14,38.8,2093.12,"1"
9.2,17.6,68.4,14,14,38.8,2093.12,"1"
9.2,17.6,68.4,14,14,38.8,2093.12,"1"
9.2,17.6,68.4,9,14,38.8,1931.62,"1"
9.2,17.6,68.4,9,14,38.8,1931.62,"1"
9.2,17.6,68.4,14,14,38.8,2093.12,"1"
9.2,17.6,68.4,19,14,38.8,2254.62,"1"
9.2,17.6,68.4,19,14,38.8,2254.62,"1"
9.2,17.6,68.4,14,14,38.8,2093.12,"1"
9.2,17.6,68.4,14,14,38.8,2093.12,"1"
9.2,17.6,68.4,14,14,38.8,2093.12,"1"
9.2,17.6,68.4,14,14,38.8,2093.12,"1"
9.2,17.6,68.4,9,14,38.8,1931.62,"1"
9.2,17.6,68.4,9,14,38.8,1931.62,"1"
9.2,17.6,68.4,29,4,38.8,2249.62,"1"
9.2,17.6,68.4,29,4,38.8,2249.62,"1"
9.2,17.6,68.4,29,4,38.8,2249.62,"1"
9.2,17.6,68.4,29,4,38.8,2249.62,"1"
9.2,17.6,68.4,29,4,38.8,2249.62,"1"
9.2,17.6,68.4,29,4,38.8,2249.62,"1"
9.2,17.6,68.4,29,4,38.8,2249.62,"1"
9.2,17.6,68.4,29,4,38.8,2249.62,"1"
9.2,17.6,68.4,29,4,38.8,2249.62,"1"
9.2,17.6,68.4,29,4,38.8,2249.62,"1"
9.2,17.6,68.4,29,4,38.8,2249.62,"1"
9.2,17.6,68.4,29,4,38.8,2249.62,"1"
9.2,17.6,68.4,29,4,38.8,2249.62,"1"
9.2,17.6,68.4,29,4,38.8,2249.62,"1"
9.2,17.6,68.4,14,14,38.8,2093.12,"1"
9.2,17.6,68.4,29,4,38.8,2249.62,"1"
9.2,17.6,68.4,24,4,38.8,2088.12,"1"
9.2,17.6,68.4,19,9,38.8,2090.62,"1"
9.2,17.6,68.4,9,9,38.8,1767.62,"1"
9.2,17.6,68.4,14,9,38.8,1929.12,"1"
9.2,17.6,68.4,14,9,38.8,1929.12,"1"
9.2,17.6,68.4,19,9,38.8,2090.62,"1"
9.2,17.6,68.4,19,9,38.8,2090.62,"1"
9.2,17.6,68.4,19,9,38.8,2090.62,"1"
9.2,17.6,68.4,24,9,38.8,2252.12,"1"
9.2,17.6,68.4,29,9,38.8,2413.62,"1"
9.2,17.6,68.4,29,9,38.8,2413.62,"1"
9.2,17.6,68.4,19,9,38.8,2090.62,"1"
9.2,17.6,68.4,24,9,38.8,2252.12,"1"
9.2,17.6,68.4,24,9,38.8,2252.12,"1"
9.2,17.6,68.4,24,9,38.8,2252.12,"1"
9.2,17.6,68.4,24,9,38.8,2252.12,"1"
9.2,17.6,68.4,29,9,38.8,2413.62,"1"
9.2,17.6,68.4,24,9,38.8,2252.12,"1"
9.2,17.6,68.4,29,9,38.8,2413.62,"1"
9.2,17.6,68.4,29,9,38.8,2413.62,"1"
9.2,17.6,68.4,29,9,38.8,2413.62,"1"
9.2,17.6,68.4,29,9,38.8,2413.62,"1"
9.2,17.6,68.4,29,9,38.8,2413.62,"1"
9.2,17.6,68.4,19,9,38.8,2090.62,"1"
9.2,17.6,68.4,19,9,38.8,2090.62,"1"
9.2,17.6,68.4,19,9,38.8,2090.62,"1"
9.2,17.6,68.4,19,9,38.8,2090.62,"1"
9.2,17.6,68.4,14,9,38.8,1929.12,"1"
9.2,17.6,68.4,29,9,38.8,2413.62,"1"
9.2,17.6,68.4,19,9,38.8,2090.62,"1"
9.2,17.6,68.4,19,9,38.8,2090.62,"1"
9.2,17.6,68.4,19,9,38.8,2090.62,"1"
9.2,17.6,68.4,19,9,38.8,2090.62,"1"
9.2,17.6,68.4,24,9,38.8,2252.12,"1"
9.2,17.6,68.4,29,9,38.8,2413.62,"1"
9.2,17.6,68.4,14,4,38.8,1765.12,"1"
9.2,17.6,68.4,14,4,38.8,1765.12,"1"
9.2,17.6,68.4,14,4,38.8,1765.12,"1"
9.2,17.6,68.4,14,4,38.8,1765.12,"1"
9.2,17.6,68.4,4,4,38.8,1442.12,"0"
9.2,17.6,68.4,4,4,38.8,1442.12,"0"
9.2,17.6,68.4,4,4,38.8,1442.12,"0"
9.2,17.6,68.4,9,4,38.8,1603.62,"1"
9.2,17.6,68.4,4,4,38.8,1442.12,"0"
9.2,17.6,68.4,19,4,38.8,1926.62,"1"
9.2,17.6,68.4,9,9,38.8,1767.62,"1"
9.2,17.6,68.4,9,9,38.8,1767.62,"1"
9.2,17.6,68.4,19,9,38.8,2090.62,"1"
9.2,17.6,68.4,14,9,38.8,1929.12,"1"
9.2,17.6,68.4,14,9,38.8,1929.12,"1"
9.2,17.6,68.4,4,9,38.8,1606.12,"1"
9.2,17.6,68.4,4,4,38.8,1442.12,"0"
9.2,17.6,68.4,4,4,38.8,1442.12,"0"
9.2,17.6,68.4,14,4,38.8,1765.12,"1"
9.2,17.6,68.4,4,14,38.8,1770.12,"1"
9.2,17.6,68.4,4,4,38.8,1442.12,"0"
9.2,17.6,68.4,4,14,38.8,1770.12,"1"
9.2,17.6,68.4,4,14,38.8,1770.12,"1"
9.2,17.6,68.4,9,14,38.8,1931.62,"1"
9.2,17.6,68.4,14,14,38.8,2093.12,"1"
9.2,17.6,68.4,9,14,38.8,1931.62,"1"
9.2,17.6,68.4,19,14,38.8,2254.62,"1"
9.2,17.6,68.4,24,9,12.8,2109.12,"1"
9.2,17.6,68.4,4,24,38.8,2098.12,"1"
9.2,17.6,68.4,24,24,38.8,2744.12,"1"
9.2,17.6,68.4,9,19,38.8,2095.62,"1"
9.2,17.6,68.4,9,24,38.8,2259.62,"1"
9.2,17.6,68.4,14,19,38.8,2257.12,"1"
9.2,17.6,68.4,9,19,38.8,2095.62,"1"
9.2,17.6,68.4,14,14,38.8,2093.12,"1"
9.2,17.6,68.4,14,14,38.8,2093.12,"1"
9.2,17.6,68.4,29,14,38.8,2577.62,"1"
9.2,17.6,68.4,4,14,38.8,1770.12,"1"
9.2,17.6,68.4,9,14,38.8,1931.62,"1"
9.2,17.6,68.4,9,14,38.8,1931.62,"1"
9.2,17.6,68.4,4,14,38.8,1770.12,"1"
9.2,17.6,68.4,9,14,38.8,1931.62,"1"
9.2,17.6,68.4,29,14,38.8,2577.62,"1"
9.2,17.6,68.4,29,9,38.8,2413.62,"1"
9.2,17.6,68.4,29,4,38.8,2249.62,"1"
9.2,17.6,68.4,29,4,38.8,2249.62,"1"
9.2,17.6,68.4,9,14,38.8,1931.62,"1"
9.2,17.6,68.4,4,19,38.8,1934.12,"1"
9.2,17.6,68.4,4,19,38.8,1934.12,"1"
9.2,17.6,68.4,4,19,38.8,1934.12,"1"
9.2,17.6,68.4,24,19,38.8,2580.12,"1"
9.2,17.6,68.4,19,19,38.8,2418.62,"1"
9.2,17.6,68.4,29,14,11.9,2429.67,"1"
9.2,17.6,68.4,29,14,11.9,2429.67,"1"
9.2,17.6,68.4,29,14,11.9,2429.67,"1"
9.2,17.6,68.4,9,4,38.8,1603.62,"1"
9.2,17.6,68.4,9,4,38.8,1603.62,"1"
9.2,17.6,68.4,9,4,38.8,1603.62,"1"
9.2,17.6,68.4,4,4,38.8,1442.12,"0"
9.2,17.6,68.4,4,4,38.8,1442.12,"0"
9.2,17.6,68.4,4,4,38.8,1442.12,"0"
9.2,17.6,68.4,4,4,38.8,1442.12,"0"
9.2,17.6,68.4,9,4,38.8,1603.62,"1"
9.2,17.6,68.4,4,4,38.8,1442.12,"0"
9.2,17.6,68.4,4,4,38.8,1442.12,"0"
9.2,17.6,68.4,9,4,38.8,1603.62,"1"
9.2,17.6,68.4,14,4,38.8,1765.12,"1"
9.2,17.6,68.4,14,4,38.8,1765.12,"1"
9.2,17.6,68.4,14,4,38.8,1765.12,"1"
9.2,17.6,68.4,19,4,38.8,1926.62,"1"
9.2,17.6,68.4,19,4,38.8,1926.62,"1"
9.2,17.6,68.4,24,4,38.8,2088.12,"1"
9.2,17.6,68.4,14,4,38.8,1765.12,"1"
9.2,17.6,68.4,14,4,38.8,1765.12,"1"
9.2,17.6,68.4,14,4,38.8,1765.12,"1"
9.2,17.6,68.4,9,4,38.8,1603.62,"1"
9.2,17.6,68.4,14,9,38.8,1929.12,"1"
9.2,17.6,68.4,24,4,38.8,2088.12,"1"
9.2,17.6,68.4,24,4,38.8,2088.12,"1"
9.2,17.6,68.4,29,4,38.8,2249.62,"1"
9.2,17.6,68.4,29,4,38.8,2249.62,"1"
9.2,17.6,68.4,24,4,38.8,2088.12,"1"
9.2,17.6,68.4,24,4,38.8,2088.12,"1"
9.2,17.6,68.4,24,4,38.8,2088.12,"1"
9.2,17.6,68.4,24,4,38.8,2088.12,"1"
9.2,17.6,68.4,29,4,38.8,2249.62,"1"
9.2,17.6,68.4,19,4,38.8,1926.62,"1"
9.2,17.6,68.4,24,4,38.8,2088.12,"1"
9.2,17.6,68.4,24,4,38.8,2088.12,"1"
9.2,17.6,68.4,29,4,38.8,2249.62,"1"
9.2,17.6,68.4,29,4,38.8,2249.62,"1"
9.2,17.6,68.4,29,4,38.8,2249.62,"1"
9.2,17.6,68.4,29,4,38.8,2249.62,"1"
9.2,17.6,68.4,29,4,38.8,2249.62,"1"
9.2,17.6,68.4,29,4,38.8,2249.62,"1"
9.2,17.6,68.4,4,19,38.8,1934.12,"1"
9.2,17.6,68.4,19,19,38.8,2418.62,"1"
9.2,17.6,68.4,24,14,38.8,2416.12,"1"
9.2,17.6,68.4,24,14,38.8,2416.12,"1"
9.2,17.6,68.4,29,14,38.8,2577.62,"1"
9.2,17.6,68.4,24,9,38.8,2252.12,"1"
9.2,17.6,68.4,29,14,38.8,2577.62,"1"
9.2,17.6,68.4,29,14,38.8,2577.62,"1"
9.2,17.6,68.4,29,14,38.8,2577.62,"1"
9.2,17.6,68.4,24,14,38.8,2416.12,"1"
9.2,17.6,68.4,24,14,38.8,2416.12,"1"
9.2,17.6,68.4,24,14,38.8,2416.12,"1"
9.2,17.6,68.4,29,9,38.8,2413.62,"1"
9.2,17.6,68.4,19,4,38.8,1926.62,"1"
9.2,17.6,68.4,24,14,38.8,2416.12,"1"
9.2,17.6,68.4,14,4,38.8,1765.12,"1"
9.2,17.6,68.4,19,14,38.8,2254.62,"1"
9.2,17.6,68.4,19,14,38.8,2254.62,"1"
9.2,17.6,68.4,19,14,38.8,2254.62,"1"
9.2,17.6,68.4,24,14,38.8,2416.12,"1"
9.2,17.6,68.4,19,4,38.8,1926.62,"1"
9.2,17.6,68.4,24,14,38.8,2416.12,"1"
9.2,17.6,68.4,29,14,38.8,2577.62,"1"
9.2,17.6,68.4,24,14,38.8,2416.12,"1"
9.2,17.6,68.4,29,14,38.8,2577.62,"1"
9.2,17.6,68.4,29,4,38.8,2249.62,"1"
9.2,17.6,68.4,19,4,38.8,1926.62,"1"
9.2,17.6,68.4,29,4,38.8,2249.62,"1"
9.2,17.6,68.4,29,4,38.8,2249.62,"1"
9.2,17.6,68.4,24,4,38.8,2088.12,"1"
9.2,17.6,68.4,14,19,38.8,2257.12,"1"
9.2,17.6,68.4,14,29,38.8,2585.12,"1"
9.2,17.6,68.4,14,14,38.8,2093.12,"1"
9.2,17.6,68.4,19,14,38.8,2254.62,"1"
9.2,17.6,68.4,9,14,38.8,1931.62,"1"
9.2,17.6,68.4,14,29,38.8,2585.12,"1"
9.2,17.6,68.4,9,24,38.8,2259.62,"1"
9.2,17.6,68.4,19,29,38.8,2746.62,"1"
9.2,17.6,68.4,19,29,38.8,2746.62,"1"
9.2,17.6,68.4,19,24,38.8,2582.62,"1"
9.2,17.6,68.4,19,24,38.8,2582.62,"1"
9.2,17.6,68.4,14,4,38.8,1765.12,"1"
9.2,17.6,68.4,9,4,38.8,1603.62,"1"
9.2,17.6,68.4,9,14,38.8,1931.62,"1"
9.2,17.6,68.4,9,14,38.8,1931.62,"1"
9.2,17.6,68.4,9,14,38.8,1931.62,"1"
9.2,17.6,68.4,9,14,38.8,1931.62,"1"
9.2,17.6,68.4,9,14,38.8,1931.62,"1"
9.2,17.6,68.4,9,14,38.8,1931.62,"1"
9.2,17.6,68.4,14,14,38.8,2093.12,"1"
9.2,17.6,68.4,14,14,38.8,2093.12,"1"
9.2,17.6,68.4,4,14,38.8,1770.12,"1"
9.2,17.6,68.4,9,14,38.8,1931.62,"1"
9.2,17.6,68.4,9,14,11.9,1783.67,"1"
9.2,17.6,68.4,9,14,11.9,1783.67,"1"
9.2,17.6,68.4,4,29,38.8,2262.12,"1"
9.2,17.6,68.4,4,4,38.8,1442.12,"0"
9.2,17.6,68.4,4,4,38.8,1442.12,"0"
9.2,17.6,68.4,4,24,38.8,2098.12,"1"
9.2,17.6,68.4,4,24,38.8,2098.12,"1"
9.2,17.6,68.4,4,24,38.8,2098.12,"1"
9.2,17.6,68.4,4,24,38.8,2098.12,"1"
9.2,17.6,68.4,4,24,38.8,2098.12,"1"
9.2,17.6,68.4,4,24,38.8,2098.12,"1"
9.2,17.6,68.4,4,24,38.8,2098.12,"1"
9.2,17.6,68.4,24,4,38.8,2088.12,"1"
9.2,17.6,68.4,29,4,38.8,2249.62,"1"
9.2,17.6,68.4,29,4,38.8,2249.62,"1"
9.2,17.6,68.4,19,14,38.8,2254.62,"1"
9.2,17.6,68.4,19,4,38.8,1926.62,"1"
9.2,17.6,68.4,19,4,38.8,1926.62,"1"
9.2,17.6,68.4,9,4,38.8,1603.62,"1"
9.2,17.6,68.4,14,4,38.8,1765.12,"1"
9.2,17.6,68.4,9,4,38.8,1603.62,"1"
9.2,17.6,68.4,9,4,38.8,1603.62,"1"
9.2,17.6,68.4,4,4,38.8,1442.12,"0"
9.2,17.6,68.4,24,4,38.8,2088.12,"1"
9.2,17.6,68.4,19,4,38.8,1926.62,"1"
9.2,17.6,68.4,4,4,38.8,1442.12,"0"
9.2,17.6,68.4,4,4,38.8,1442.12,"0"
9.2,17.6,68.4,4,4,38.8,1442.12,"0"
9.2,17.6,68.4,9,4,38.8,1603.62,"1"
9.2,17.6,68.4,4,19,38.8,1934.12,"1"
9.2,17.6,68.4,4,19,38.8,1934.12,"1"
9.2,17.6,68.4,4,19,38.8,1934.12,"1"
9.2,17.6,68.4,4,19,38.8,1934.12,"1"
9.2,17.6,68.4,4,19,38.8,1934.12,"1"
9.2,17.6,68.4,4,19,38.8,1934.12,"1"
9.2,17.6,68.4,4,19,38.8,1934.12,"1"
9.2,17.6,68.4,4,19,38.8,1934.12,"1"
9.2,17.6,68.4,4,19,38.8,1934.12,"1"
9.2,17.6,68.4,4,19,38.8,1934.12,"1"
9.2,17.6,68.4,4,14,38.8,1770.12,"1"
9.2,17.6,68.4,9,14,38.8,1931.62,"1"
9.2,17.6,68.4,9,14,38.8,1931.62,"1"
9.2,17.6,68.4,4,24,38.8,2098.12,"1"
9.2,17.6,68.4,9,24,38.8,2259.62,"1"
9.2,17.6,68.4,9,24,38.8,2259.62,"1"
9.2,17.6,68.4,9,4,38.8,1603.62,"1"
9.2,17.6,68.4,4,4,38.8,1442.12,"0"
9.2,17.6,68.4,4,4,38.8,1442.12,"0"
9.2,17.6,68.4,4,4,38.8,1442.12,"0"
9.2,17.6,68.4,4,4,38.8,1442.12,"0"
9.2,17.6,68.4,4,4,38.8,1442.12,"0"
9.2,17.6,68.4,4,4,38.8,1442.12,"0"
9.2,17.6,68.4,4,4,38.8,1442.12,"0"
9.2,17.6,68.4,4,4,38.8,1442.12,"0"
9.2,17.6,68.4,4,4,38.8,1442.12,"0"
9.2,17.6,68.4,4,4,38.8,1442.12,"0"
9.2,17.6,68.4,9,4,38.8,1603.62,"1"
9.2,17.6,68.4,4,4,38.8,1442.12,"0"
9.2,17.6,68.4,9,4,38.8,1603.62,"1"
9.2,17.6,68.4,9,4,38.8,1603.62,"1"
9.2,17.6,68.4,9,4,38.8,1603.62,"1"
9.2,17.6,68.4,4,24,38.8,2098.12,"1"
9.2,17.6,68.4,4,9,38.8,1606.12,"1"
9.2,17.6,68.4,4,14,38.8,1770.12,"1"
9.2,17.6,68.4,4,14,38.8,1770.12,"1"
9.2,17.6,68.4,4,14,38.8,1770.12,"1"
9.2,17.6,68.4,4,14,38.8,1770.12,"1"
9.2,17.6,68.4,4,14,38.8,1770.12,"1"
9.2,17.6,68.4,4,14,38.8,1770.12,"1"
9.2,17.6,68.4,4,9,38.8,1606.12,"1"
9.2,17.6,68.4,4,19,38.8,1934.12,"1"
9.2,17.6,68.4,4,24,11.9,1950.17,"1"
9.2,17.6,68.4,4,24,11.9,1950.17,"1"
9.2,17.6,68.4,4,24,11.9,1950.17,"1"
9.2,17.6,68.4,4,14,11.9,1622.17,"1"
9.2,17.6,68.4,9,14,11.9,1783.67,"1"
9.2,17.6,68.4,9,14,11.9,1783.67,"1"
9.2,17.6,68.4,9,14,11.9,1783.67,"1"
9.2,17.6,68.4,9,14,11.9,1783.67,"1"
9.2,17.6,68.4,9,14,11.9,1783.67,"1"
9.2,17.6,68.4,4,24,11.9,1950.17,"1"
9.2,17.6,68.4,4,24,11.9,1950.17,"1"
9.2,17.6,68.4,9,24,11.9,2111.67,"1"
9.2,17.6,68.4,9,24,11.9,2111.67,"1"
9.2,17.6,68.4,9,24,11.9,2111.67,"1"
9.2,17.6,68.4,4,24,11.9,1950.17,"1"
9.2,17.6,68.4,4,24,11.9,1950.17,"1"
9.2,17.6,68.4,4,24,11.9,1950.17,"1"
9.2,17.6,68.4,4,24,11.9,1950.17,"1"
9.2,17.6,68.4,4,24,11.9,1950.17,"1"
9.2,17.6,68.4,9,24,11.9,2111.67,"1"
9.2,17.6,68.4,9,19,11.9,1947.67,"1"
9.2,17.6,68.4,9,19,11.9,1947.67,"1"
9.2,17.6,68.4,4,24,11.9,1950.17,"1"
9.2,17.6,68.4,19,4,38.8,1926.62,"1"
9.2,17.6,68.4,9,4,38.8,1603.62,"1"
9.2,17.6,68.4,9,4,38.8,1603.62,"1"
9.2,17.6,68.4,14,4,38.8,1765.12,"1"
9.2,17.6,68.4,14,4,38.8,1765.12,"1"
9.2,17.6,68.4,14,4,38.8,1765.12,"1"
9.2,17.6,68.4,14,4,38.8,1765.12,"1"
9.2,17.6,68.4,9,4,38.8,1603.62,"1"
9.2,17.6,68.4,9,4,38.8,1603.62,"1"
9.2,17.6,68.4,4,4,38.8,1442.12,"0"
9.2,17.6,68.4,9,4,38.8,1603.62,"1"
9.2,17.6,68.4,9,4,38.8,1603.62,"1"
9.2,17.6,68.4,9,4,38.8,1603.62,"1"
9.2,17.6,68.4,9,4,38.8,1603.62,"1"
9.2,17.6,68.4,9,4,38.8,1603.62,"1"
9.2,17.6,68.4,9,4,38.8,1603.62,"1"
9.2,17.6,68.4,9,4,38.8,1603.62,"1"
9.2,17.6,68.4,9,4,38.8,1603.62,"1"
9.2,17.6,68.4,9,4,38.8,1603.62,"1"
9.2,17.6,68.4,9,4,38.8,1603.62,"1"
9.2,17.6,68.4,9,4,38.8,1603.62,"1"
9.2,17.6,68.4,9,4,38.8,1603.62,"1"
9.2,17.6,68.4,9,4,38.8,1603.62,"1"
9.2,17.6,68.4,9,4,38.8,1603.62,"1"
9.2,17.6,68.4,14,4,38.8,1765.12,"1"
9.2,17.6,68.4,9,4,38.8,1603.62,"1"
9.2,17.6,68.4,9,4,38.8,1603.62,"1"
9.2,17.6,68.4,9,4,38.8,1603.62,"1"
9.2,17.6,68.4,9,4,38.8,1603.62,"1"
9.2,17.6,68.4,14,4,38.8,1765.12,"1"
9.2,17.6,68.4,14,4,38.8,1765.12,"1"
9.2,17.6,68.4,9,4,38.8,1603.62,"1"
9.2,17.6,68.4,9,4,38.8,1603.62,"1"
9.2,17.6,68.4,9,4,38.8,1603.62,"1"
9.2,17.6,68.4,9,4,38.8,1603.62,"1"
9.2,17.6,68.4,9,4,38.8,1603.62,"1"
9.2,17.6,68.4,9,4,38.8,1603.62,"1"
9.2,17.6,68.4,9,4,38.8,1603.62,"1"
9.2,17.6,68.4,9,4,38.8,1603.62,"1"
9.2,17.6,68.4,9,4,38.8,1603.62,"1"
9.2,17.6,68.4,9,4,38.8,1603.62,"1"
9.2,17.6,68.4,9,4,38.8,1603.62,"1"
9.2,17.6,68.4,4,4,38.8,1442.12,"0"
9.2,17.6,68.4,4,4,38.8,1442.12,"0"
9.2,17.6,68.4,9,4,38.8,1603.62,"1"
9.2,17.6,68.4,9,4,38.8,1603.62,"1"
9.2,17.6,68.4,9,4,38.8,1603.62,"1"
9.2,17.6,68.4,9,4,38.8,1603.62,"1"
9.2,17.6,68.4,9,4,38.8,1603.62,"1"
9.2,17.6,68.4,14,4,38.8,1765.12,"1"
9.2,17.6,68.4,14,14,38.8,2093.12,"1"
9.2,17.6,68.4,9,14,38.8,1931.62,"1"
9.2,17.6,68.4,9,4,38.8,1603.62,"1"
9.2,17.6,68.4,9,4,38.8,1603.62,"1"
9.2,17.6,68.4,9,4,38.8,1603.62,"1"
9.2,17.6,68.4,9,4,38.8,1603.62,"1"
9.2,17.6,68.4,9,4,38.8,1603.62,"1"
9.2,17.6,68.4,9,4,38.8,1603.62,"1"
9.2,17.6,68.4,9,4,38.8,1603.62,"1"
9.2,17.6,68.4,9,4,38.8,1603.62,"1"
9.2,17.6,68.4,14,4,38.8,1765.12,"1"
9.2,17.6,68.4,9,4,38.8,1603.62,"1"
9.2,17.6,68.4,14,4,38.8,1765.12,"1"
9.2,17.6,68.4,9,4,38.8,1603.62,"1"
9.2,17.6,68.4,14,4,38.8,1765.12,"1"
9.2,17.6,68.4,9,4,38.8,1603.62,"1"
9.2,17.6,68.4,9,4,38.8,1603.62,"1"
9.2,17.6,68.4,9,4,38.8,1603.62,"1"
9.2,17.6,68.4,9,4,38.8,1603.62,"1"
9.2,17.6,68.4,9,4,38.8,1603.62,"1"
9.2,17.6,68.4,9,4,38.8,1603.62,"1"
9.2,17.6,68.4,9,4,38.8,1603.62,"1"
9.2,17.6,68.4,9,4,38.8,1603.62,"1"
9.2,17.6,68.4,9,4,38.8,1603.62,"1"
9.2,17.6,68.4,9,4,38.8,1603.62,"1"
9.2,17.6,68.4,14,4,38.8,1765.12,"1"
9.2,17.6,68.4,14,4,38.8,1765.12,"1"
9.2,17.6,68.4,14,4,38.8,1765.12,"1"
9.2,17.6,68.4,14,4,38.8,1765.12,"1"
9.2,17.6,68.4,14,4,38.8,1765.12,"1"
9.2,17.6,68.4,14,4,38.8,1765.12,"1"
9.2,17.6,68.4,9,4,38.8,1603.62,"1"
9.2,17.6,68.4,9,4,38.8,1603.62,"1"
9.2,17.6,68.4,9,4,38.8,1603.62,"1"
9.2,17.6,68.4,9,4,38.8,1603.62,"1"
9.2,17.6,68.4,9,4,38.8,1603.62,"1"
9.2,17.6,68.4,9,4,38.8,1603.62,"1"
9.2,17.6,68.4,14,4,38.8,1765.12,"1"
9.2,17.6,68.4,14,4,38.8,1765.12,"1"
9.2,17.6,68.4,14,4,38.8,1765.12,"1"
9.2,17.6,68.4,9,4,38.8,1603.62,"1"
9.2,17.6,68.4,9,4,38.8,1603.62,"1"
9.2,17.6,68.4,9,4,38.8,1603.62,"1"
9.2,17.6,68.4,9,4,38.8,1603.62,"1"
9.2,17.6,68.4,9,4,38.8,1603.62,"1"
9.2,17.6,68.4,9,4,38.8,1603.62,"1"
9.2,17.6,68.4,4,4,38.8,1442.12,"0"
9.2,17.6,68.4,4,4,38.8,1442.12,"0"
9.2,17.6,68.4,9,4,38.8,1603.62,"1"
9.2,17.6,68.4,14,4,38.8,1765.12,"1"
9.2,17.6,68.4,14,4,38.8,1765.12,"1"
9.2,17.6,68.4,14,9,38.8,1929.12,"1"
9.2,17.6,68.4,9,9,38.8,1767.62,"1"
9.2,17.6,68.4,9,9,38.8,1767.62,"1"
9.2,17.6,68.4,9,9,38.8,1767.62,"1"
9.2,17.6,68.4,14,9,38.8,1929.12,"1"
9.2,17.6,68.4,9,14,38.8,1931.62,"1"
9.2,17.6,68.4,19,4,11.9,1778.67,"1"
9.2,17.6,68.4,19,4,11.9,1778.67,"1"
9.2,17.6,68.4,19,4,11.9,1778.67,"1"
9.2,17.6,68.4,24,4,11.9,1940.17,"1"
9.2,17.6,68.4,19,4,11.9,1778.67,"1"
9.2,17.6,68.4,29,4,38.8,2249.62,"1"
9.2,17.6,68.4,19,4,38.8,1926.62,"1"
9.2,17.6,68.4,19,4,38.8,1926.62,"1"
9.2,17.6,68.4,14,4,38.8,1765.12,"1"
9.2,17.6,68.4,14,4,38.8,1765.12,"1"
9.2,17.6,68.4,9,4,38.8,1603.62,"1"
9.2,17.6,68.4,14,4,38.8,1765.12,"1"
9.2,17.6,68.4,19,4,38.8,1926.62,"1"
9.2,17.6,68.4,29,4,38.8,2249.62,"1"
9.2,17.6,68.4,29,4,38.8,2249.62,"1"
9.2,17.6,68.4,29,4,38.8,2249.62,"1"
9.2,17.6,68.4,24,4,38.8,2088.12,"1"
9.2,17.6,68.4,29,4,38.8,2249.62,"1"
9.2,17.6,68.4,29,4,38.8,2249.62,"1"
9.2,17.6,68.4,29,4,38.8,2249.62,"1"
9.2,17.6,68.4,29,4,38.8,2249.62,"1"
9.2,17.6,68.4,29,4,38.8,2249.62,"1"
9.2,17.6,68.4,29,4,38.8,2249.62,"1"
9.2,17.6,68.4,24,4,38.8,2088.12,"1"
9.2,17.6,68.4,29,4,38.8,2249.62,"1"
9.2,17.6,68.4,29,4,38.8,2249.62,"1"
9.2,17.6,68.4,29,4,38.8,2249.62,"1"
9.2,17.6,68.4,29,4,38.8,2249.62,"1"
9.2,17.6,68.4,24,4,38.8,2088.12,"1"
9.2,17.6,68.4,29,4,38.8,2249.62,"1"
9.2,17.6,68.4,24,4,38.8,2088.12,"1"
9.2,17.6,68.4,24,4,38.8,2088.12,"1"
9.2,17.6,68.4,24,4,38.8,2088.12,"1"
9.2,17.6,68.4,24,4,38.8,2088.12,"1"
9.2,17.6,68.4,24,4,38.8,2088.12,"1"
9.2,17.6,68.4,19,4,38.8,1926.62,"1"
9.2,17.6,68.4,19,4,38.8,1926.62,"1"
9.2,17.6,68.4,19,4,38.8,1926.62,"1"
9.2,17.6,68.4,19,4,38.8,1926.62,"1"
9.2,17.6,68.4,19,4,38.8,1926.62,"1"
9.2,17.6,68.4,29,4,38.8,2249.62,"1"
9.2,17.6,68.4,29,4,38.8,2249.62,"1"
9.2,17.6,68.4,24,4,38.8,2088.12,"1"
9.2,17.6,68.4,24,4,38.8,2088.12,"1"
9.2,17.6,68.4,24,4,38.8,2088.12,"1"
9.2,17.6,68.4,29,4,38.8,2249.62,"1"
9.2,17.6,68.4,29,4,38.8,2249.62,"1"
9.2,17.6,68.4,29,4,38.8,2249.62,"1"
9.2,17.6,68.4,29,4,38.8,2249.62,"1"
9.2,17.6,68.4,19,4,11.9,1778.67,"1"
9.2,17.6,68.4,9,4,11.9,1455.67,"0"
9.2,17.6,68.4,9,4,11.9,1455.67,"0"
9.2,17.6,68.4,14,4,11.9,1617.17,"1"
9.2,17.6,68.4,14,19,38.8,2257.12,"1"
9.2,17.6,68.4,9,19,38.8,2095.62,"1"
9.2,17.6,68.4,4,19,38.8,1934.12,"1"
9.2,17.6,68.4,19,4,38.8,1926.62,"1"
9.2,17.6,68.4,24,4,38.8,2088.12,"1"
9.2,17.6,68.4,24,4,38.8,2088.12,"1"
9.2,17.6,68.4,24,4,38.8,2088.12,"1"
9.2,17.6,68.4,19,4,38.8,1926.62,"1"
9.2,17.6,68.4,14,4,38.8,1765.12,"1"
9.2,17.6,68.4,19,4,38.8,1926.62,"1"
9.2,17.6,68.4,29,4,38.8,2249.62,"1"
9.2,17.6,68.4,9,4,38.8,1603.62,"1"
9.2,17.6,68.4,9,4,38.8,1603.62,"1"
9.2,17.6,68.4,9,4,38.8,1603.62,"1"
9.2,17.6,68.4,4,4,38.8,1442.12,"0"
9.2,17.6,68.4,4,4,38.8,1442.12,"0"
9.2,17.6,68.4,9,4,38.8,1603.62,"1"
9.2,17.6,68.4,9,4,38.8,1603.62,"1"
9.2,17.6,68.4,9,4,38.8,1603.62,"1"
9.2,17.6,68.4,9,4,38.8,1603.62,"1"
9.2,17.6,68.4,9,4,38.8,1603.62,"1"
9.2,17.6,68.4,9,4,38.8,1603.62,"1"
9.2,17.6,68.4,9,4,38.8,1603.62,"1"
9.2,17.6,68.4,14,4,38.8,1765.12,"1"
9.2,17.6,68.4,9,4,38.8,1603.62,"1"
9.2,17.6,68.4,9,4,38.8,1603.62,"1"
9.2,17.6,68.4,19,4,38.8,1926.62,"1"
9.2,17.6,68.4,24,4,38.8,2088.12,"1"
9.2,17.6,68.4,24,4,38.8,2088.12,"1"
9.2,17.6,68.4,19,4,38.8,1926.62,"1"
9.2,17.6,68.4,19,4,38.8,1926.62,"1"
9.2,17.6,68.4,19,4,38.8,1926.62,"1"
9.2,17.6,68.4,19,4,38.8,1926.62,"1"
9.2,17.6,68.4,19,4,38.8,1926.62,"1"
9.2,17.6,68.4,19,4,38.8,1926.62,"1"
9.2,17.6,68.4,24,4,38.8,2088.12,"1"
9.2,17.6,68.4,29,4,38.8,2249.62,"1"
9.2,17.6,68.4,24,4,38.8,2088.12,"1"
9.2,17.6,68.4,19,4,38.8,1926.62,"1"
9.2,17.6,68.4,19,4,38.8,1926.62,"1"
9.2,17.6,68.4,19,4,38.8,1926.62,"1"
9.2,17.6,68.4,19,4,38.8,1926.62,"1"
9.2,17.6,68.4,14,4,38.8,1765.12,"1"
9.2,17.6,68.4,19,4,38.8,1926.62,"1"
9.2,17.6,68.4,24,4,38.8,2088.12,"1"
9.2,17.6,68.4,29,4,38.8,2249.62,"1"
9.2,17.6,68.4,29,4,38.8,2249.62,"1"
9.2,17.6,68.4,14,4,38.8,1765.12,"1"
9.2,17.6,68.4,14,4,38.8,1765.12,"1"
9.2,17.6,68.4,14,4,38.8,1765.12,"1"
9.2,17.6,68.4,9,4,38.8,1603.62,"1"
9.2,17.6,68.4,19,4,38.8,1926.62,"1"
9.2,17.6,68.4,14,19,38.8,2257.12,"1"
9.2,17.6,68.4,14,4,38.8,1765.12,"1"
9.2,17.6,68.4,9,19,38.8,2095.62,"1"
9.2,17.6,68.4,14,19,38.8,2257.12,"1"
9.2,17.6,68.4,14,24,38.8,2421.12,"1"
9.2,17.6,68.4,14,24,38.8,2421.12,"1"
9.2,17.6,68.4,14,24,38.8,2421.12,"1"
9.2,17.6,68.4,14,24,38.8,2421.12,"1"
9.2,17.6,68.4,19,24,38.8,2582.62,"1"
9.2,17.6,68.4,19,24,38.8,2582.62,"1"
9.2,17.6,68.4,19,24,38.8,2582.62,"1"
9.2,17.6,68.4,14,24,38.8,2421.12,"1"
9.2,17.6,68.4,29,24,38.8,2905.62,"1"
9.2,17.6,68.4,14,24,38.8,2421.12,"1"
9.2,17.6,68.4,9,24,38.8,2259.62,"1"
9.2,17.6,68.4,14,24,38.8,2421.12,"1"
9.2,17.6,68.4,24,24,38.8,2744.12,"1"
9.2,17.6,68.4,29,24,38.8,2905.62,"1"
9.2,17.6,68.4,9,14,38.8,1931.62,"1"
9.2,17.6,68.4,9,9,38.8,1767.62,"1"
9.2,17.6,68.4,9,9,38.8,1767.62,"1"
9.2,17.6,68.4,9,9,38.8,1767.62,"1"
9.2,17.6,68.4,9,14,38.8,1931.62,"1"
9.2,17.6,68.4,9,14,38.8,1931.62,"1"
9.2,17.6,68.4,9,14,38.8,1931.62,"1"
9.2,17.6,68.4,9,14,38.8,1931.62,"1"
9.2,17.6,68.4,9,14,38.8,1931.62,"1"
9.2,17.6,68.4,9,14,38.8,1931.62,"1"
9.2,17.6,68.4,9,14,38.8,1931.62,"1"
9.2,17.6,68.4,9,14,38.8,1931.62,"1"
9.2,17.6,68.4,9,14,38.8,1931.62,"1"
9.2,17.6,68.4,9,14,38.8,1931.62,"1"
9.2,17.6,68.4,29,4,38.8,2249.62,"1"
9.2,17.6,68.4,4,4,38.8,1442.12,"0"
9.2,17.6,68.4,4,4,38.8,1442.12,"0"
9.2,17.6,68.4,9,4,38.8,1603.62,"1"
9.2,17.6,68.4,14,4,38.8,1765.12,"1"
9.2,17.6,68.4,29,4,38.8,2249.62,"1"
9.2,17.6,68.4,29,4,38.8,2249.62,"1"
9.2,17.6,68.4,24,4,38.8,2088.12,"1"
9.2,17.6,68.4,19,4,38.8,1926.62,"1"
9.2,17.6,68.4,24,14,38.8,2416.12,"1"
9.2,17.6,68.4,14,14,38.8,2093.12,"1"
9.2,17.6,68.4,14,14,38.8,2093.12,"1"
9.2,17.6,68.4,19,14,38.8,2254.62,"1"
9.2,17.6,68.4,14,14,38.8,2093.12,"1"
9.2,17.6,68.4,14,14,38.8,2093.12,"1"
9.2,17.6,68.4,14,14,38.8,2093.12,"1"
9.2,17.6,68.4,9,14,38.8,1931.62,"1"
9.2,17.6,68.4,9,14,38.8,1931.62,"1"
9.2,17.6,68.4,9,14,38.8,1931.62,"1"
9.2,17.6,68.4,14,14,38.8,2093.12,"1"
9.2,17.6,68.4,14,14,38.8,2093.12,"1"
9.2,17.6,68.4,9,14,38.8,1931.62,"1"
9.2,17.6,68.4,14,14,38.8,2093.12,"1"
9.2,17.6,68.4,14,14,38.8,2093.12,"1"
9.2,17.6,68.4,14,14,38.8,2093.12,"1"
9.2,17.6,68.4,9,14,38.8,1931.62,"1"
9.2,17.6,68.4,9,14,38.8,1931.62,"1"
9.2,17.6,68.4,9,14,38.8,1931.62,"1"
9.2,17.6,68.4,9,14,38.8,1931.62,"1"
9.2,17.6,68.4,9,14,38.8,1931.62,"1"
9.2,17.6,68.4,9,14,38.8,1931.62,"1"
9.2,17.6,68.4,9,14,38.8,1931.62,"1"
9.2,17.6,68.4,9,14,38.8,1931.62,"1"
9.2,17.6,68.4,9,14,38.8,1931.62,"1"
9.2,17.6,68.4,9,14,38.8,1931.62,"1"
9.2,17.6,68.4,14,14,38.8,2093.12,"1"
9.2,17.6,68.4,24,14,38.8,2416.12,"1"
9.2,17.6,68.4,29,14,38.8,2577.62,"1"
9.2,17.6,68.4,29,14,38.8,2577.62,"1"
9.2,17.6,68.4,24,4,38.8,2088.12,"1"
9.2,17.6,68.4,24,4,38.8,2088.12,"1"
9.2,17.6,68.4,24,4,38.8,2088.12,"1"
9.2,17.6,68.4,29,4,38.8,2249.62,"1"
9.2,17.6,68.4,29,4,38.8,2249.62,"1"
9.2,17.6,68.4,24,4,38.8,2088.12,"1"
9.2,17.6,68.4,24,4,38.8,2088.12,"1"
9.2,17.6,68.4,14,4,38.8,1765.12,"1"
9.2,17.6,68.4,24,4,38.8,2088.12,"1"
9.2,17.6,68.4,29,4,38.8,2249.62,"1"
9.2,17.6,68.4,29,4,38.8,2249.62,"1"
9.2,17.6,68.4,29,4,38.8,2249.62,"1"
9.2,17.6,68.4,24,4,38.8,2088.12,"1"
9.2,17.6,68.4,24,14,38.8,2416.12,"1"
9.2,17.6,68.4,14,14,38.8,2093.12,"1"
9.2,17.6,68.4,9,14,38.8,1931.62,"1"
9.2,17.6,68.4,9,14,38.8,1931.62,"1"
9.2,17.6,68.4,9,14,38.8,1931.62,"1"
9.2,17.6,68.4,9,14,38.8,1931.62,"1"
9.2,17.6,68.4,9,14,38.8,1931.62,"1"
9.2,17.6,68.4,9,14,38.8,1931.62,"1"
9.2,17.6,68.4,9,14,38.8,1931.62,"1"
9.2,17.6,68.4,9,14,38.8,1931.62,"1"
9.2,17.6,68.4,9,14,38.8,1931.62,"1"
9.2,17.6,68.4,9,14,38.8,1931.62,"1"
9.2,17.6,68.4,9,14,38.8,1931.62,"1"
9.2,17.6,68.4,9,14,38.8,1931.62,"1"
9.2,17.6,68.4,9,14,38.8,1931.62,"1"
9.2,17.6,68.4,9,19,38.8,2095.62,"1"
9.2,17.6,68.4,9,19,38.8,2095.62,"1"
9.2,17.6,68.4,9,19,38.8,2095.62,"1"
9.2,17.6,68.4,9,19,38.8,2095.62,"1"
9.2,17.6,68.4,9,19,38.8,2095.62,"1"
9.2,17.6,68.4,9,19,38.8,2095.62,"1"
9.2,17.6,68.4,9,19,38.8,2095.62,"1"
9.2,17.6,68.4,14,19,38.8,2257.12,"1"
9.2,17.6,68.4,9,19,38.8,2095.62,"1"
9.2,17.6,68.4,9,19,38.8,2095.62,"1"
9.2,17.6,68.4,14,19,38.8,2257.12,"1"
9.2,17.6,68.4,9,19,38.8,2095.62,"1"
9.2,17.6,68.4,9,14,38.8,1931.62,"1"
9.2,17.6,68.4,14,14,38.8,2093.12,"1"
9.2,17.6,68.4,14,14,38.8,2093.12,"1"
9.2,17.6,68.4,9,24,38.8,2259.62,"1"
9.2,17.6,68.4,29,24,38.8,2905.62,"1"
9.2,17.6,68.4,29,24,38.8,2905.62,"1"
9.2,17.6,68.4,19,24,38.8,2582.62,"1"
9.2,17.6,68.4,14,24,38.8,2421.12,"1"
9.2,17.6,68.4,14,24,38.8,2421.12,"1"
9.2,17.6,68.4,14,24,38.8,2421.12,"1"
9.2,17.6,68.4,14,24,38.8,2421.12,"1"
9.2,17.6,68.4,19,24,38.8,2582.62,"1"
9.2,17.6,68.4,9,24,38.8,2259.62,"1"
9.2,17.6,68.4,9,24,38.8,2259.62,"1"
9.2,17.6,68.4,14,24,38.8,2421.12,"1"
9.2,17.6,68.4,14,14,38.8,2093.12,"1"
9.2,17.6,68.4,29,14,38.8,2577.62,"1"
9.2,17.6,68.4,29,14,38.8,2577.62,"1"
9.2,17.6,68.4,29,14,38.8,2577.62,"1"
9.2,17.6,68.4,29,14,38.8,2577.62,"1"
9.2,17.6,68.4,29,4,38.8,2249.62,"1"
9.2,17.6,68.4,19,4,38.8,1926.62,"1"
9.2,17.6,68.4,9,4,38.8,1603.62,"1"
9.2,17.6,68.4,9,4,38.8,1603.62,"1"
9.2,17.6,68.4,9,4,38.8,1603.62,"1"
9.2,17.6,68.4,9,4,38.8,1603.62,"1"
9.2,17.6,68.4,9,14,38.8,1931.62,"1"
9.2,17.6,68.4,9,4,38.8,1603.62,"1"
9.2,17.6,68.4,9,4,38.8,1603.62,"1"
9.2,17.6,68.4,9,4,38.8,1603.62,"1"
9.2,17.6,68.4,9,4,38.8,1603.62,"1"
9.2,17.6,68.4,14,14,38.8,2093.12,"1"
9.2,17.6,68.4,29,14,38.8,2577.62,"1"
9.2,17.6,68.4,29,14,38.8,2577.62,"1"
9.2,17.6,68.4,19,14,38.8,2254.62,"1"
9.2,17.6,68.4,24,14,38.8,2416.12,"1"
9.2,17.6,68.4,29,9,38.8,2413.62,"1"
9.2,17.6,68.4,24,9,38.8,2252.12,"1"
9.2,17.6,68.4,19,9,38.8,2090.62,"1"
9.2,17.6,68.4,14,9,38.8,1929.12,"1"
9.2,17.6,68.4,14,9,38.8,1929.12,"1"
9.2,17.6,68.4,24,9,38.8,2252.12,"1"
9.2,17.6,68.4,14,9,38.8,1929.12,"1"
9.2,17.6,68.4,9,9,38.8,1767.62,"1"
9.2,17.6,68.4,19,9,38.8,2090.62,"1"
9.2,17.6,68.4,24,9,38.8,2252.12,"1"
9.2,17.6,68.4,19,9,38.8,2090.62,"1"
9.2,17.6,68.4,14,9,38.8,1929.12,"1"
9.2,17.6,68.4,14,9,38.8,1929.12,"1"
9.2,17.6,68.4,14,9,38.8,1929.12,"1"
9.2,17.6,68.4,9,9,38.8,1767.62,"1"
9.2,17.6,68.4,9,9,38.8,1767.62,"1"
9.2,17.6,68.4,4,4,38.8,1442.12,"0"
9.2,17.6,68.4,4,4,38.8,1442.12,"0"
9.2,17.6,68.4,24,14,38.8,2416.12,"1"
9.2,17.6,68.4,19,14,38.8,2254.62,"1"
9.2,17.6,68.4,9,14,38.8,1931.62,"1"
9.2,17.6,68.4,9,4,38.8,1603.62,"1"
9.2,17.6,68.4,19,4,38.8,1926.62,"1"
9.2,17.6,68.4,14,4,38.8,1765.12,"1"
9.2,17.6,68.4,14,4,38.8,1765.12,"1"
9.2,17.6,68.4,14,4,38.8,1765.12,"1"
9.2,17.6,68.4,9,4,38.8,1603.62,"1"
9.2,17.6,68.4,9,4,38.8,1603.62,"1"
9.2,17.6,68.4,9,4,38.8,1603.62,"1"
9.2,17.6,68.4,9,4,11.9,1455.67,"0"
9.2,17.6,68.4,9,4,11.9,1455.67,"0"
9.2,17.6,68.4,9,4,11.9,1455.67,"0"
9.2,17.6,68.4,9,4,11.9,1455.67,"0"
9.2,17.6,68.4,9,4,11.9,1455.67,"0"
9.2,17.6,68.4,9,4,11.9,1455.67,"0"
9.2,17.6,68.4,9,4,38.8,1603.62,"1"
9.2,17.6,68.4,9,4,38.8,1603.62,"1"
9.2,17.6,68.4,29,4,38.8,2249.62,"1"
9.2,17.6,68.4,29,4,38.8,2249.62,"1"
9.2,17.6,68.4,14,9,38.8,1929.12,"1"
9.2,17.6,68.4,24,9,38.8,2252.12,"1"
9.2,17.6,68.4,29,9,38.8,2413.62,"1"
9.2,17.6,68.4,24,9,38.8,2252.12,"1"
9.2,17.6,68.4,24,9,38.8,2252.12,"1"
9.2,17.6,68.4,24,9,38.8,2252.12,"1"
9.2,17.6,68.4,24,9,38.8,2252.12,"1"
9.2,17.6,68.4,24,9,38.8,2252.12,"1"
9.2,17.6,68.4,24,9,38.8,2252.12,"1"
9.2,17.6,68.4,24,9,38.8,2252.12,"1"
9.2,17.6,68.4,24,9,38.8,2252.12,"1"
9.2,17.6,68.4,24,9,38.8,2252.12,"1"
9.2,17.6,68.4,29,9,38.8,2413.62,"1"
9.2,17.6,68.4,29,9,38.8,2413.62,"1"
9.2,17.6,68.4,29,9,38.8,2413.62,"1"
9.2,17.6,68.4,29,9,38.8,2413.62,"1"
9.2,17.6,68.4,29,9,38.8,2413.62,"1"
9.2,17.6,68.4,29,9,38.8,2413.62,"1"
9.2,17.6,68.4,29,9,38.8,2413.62,"1"
9.2,17.6,68.4,29,9,38.8,2413.62,"1"
9.2,17.6,68.4,29,9,38.8,2413.62,"1"
9.2,17.6,68.4,29,9,38.8,2413.62,"1"
9.2,17.6,68.4,29,9,38.8,2413.62,"1"
9.2,17.6,68.4,29,9,38.8,2413.62,"1"
9.2,17.6,68.4,24,9,38.8,2252.12,"1"
9.2,17.6,68.4,24,9,38.8,2252.12,"1"
9.2,17.6,68.4,24,9,38.8,2252.12,"1"
9.2,17.6,68.4,24,9,38.8,2252.12,"1"
9.2,17.6,68.4,24,9,38.8,2252.12,"1"
9.2,17.6,68.4,29,9,38.8,2413.62,"1"
9.2,17.6,68.4,29,9,38.8,2413.62,"1"
9.2,17.6,68.4,29,9,38.8,2413.62,"1"
9.2,17.6,68.4,29,9,38.8,2413.62,"1"
9.2,17.6,68.4,19,9,38.8,2090.62,"1"
9.2,17.6,68.4,9,4,38.8,1603.62,"1"
9.2,17.6,68.4,9,4,38.8,1603.62,"1"
9.2,17.6,68.4,4,4,38.8,1442.12,"0"
9.2,17.6,68.4,9,4,38.8,1603.62,"1"
9.2,17.6,68.4,4,4,38.8,1442.12,"0"
9.2,17.6,68.4,4,4,38.8,1442.12,"0"
9.2,17.6,68.4,4,4,38.8,1442.12,"0"
9.2,17.6,68.4,4,4,38.8,1442.12,"0"
9.2,17.6,68.4,9,4,38.8,1603.62,"1"
9.2,17.6,68.4,14,4,38.8,1765.12,"1"
9.2,17.6,68.4,9,4,38.8,1603.62,"1"
9.2,17.6,68.4,4,4,38.8,1442.12,"0"
9.2,17.6,68.4,4,4,38.8,1442.12,"0"
9.2,17.6,68.4,4,4,38.8,1442.12,"0"
9.2,17.6,68.4,9,4,38.8,1603.62,"1"
9.2,17.6,68.4,9,4,38.8,1603.62,"1"
9.2,17.6,68.4,9,4,38.8,1603.62,"1"
9.2,17.6,68.4,4,4,38.8,1442.12,"0"
9.2,17.6,68.4,19,4,38.8,1926.62,"1"
9.2,17.6,68.4,9,4,38.8,1603.62,"1"
9.2,17.6,68.4,14,19,38.8,2257.12,"1"
9.2,17.6,68.4,19,9,11.9,1942.67,"1"
9.2,17.6,68.4,14,9,11.9,1781.17,"1"
9.2,17.6,68.4,19,9,11.9,1942.67,"1"
9.2,17.6,68.4,14,9,11.9,1781.17,"1"
9.2,17.6,68.4,19,4,38.8,1926.62,"1"
9.2,17.6,68.4,19,4,38.8,1926.62,"1"
9.2,17.6,68.4,19,4,38.8,1926.62,"1"
9.2,17.6,68.4,19,4,38.8,1926.62,"1"
9.2,17.6,68.4,14,4,38.8,1765.12,"1"
9.2,17.6,68.4,14,4,38.8,1765.12,"1"
9.2,17.6,68.4,19,4,38.8,1926.62,"1"
9.2,17.6,68.4,19,4,38.8,1926.62,"1"
9.2,17.6,68.4,14,4,38.8,1765.12,"1"
9.2,17.6,68.4,14,4,38.8,1765.12,"1"
9.2,17.6,68.4,14,9,38.8,1929.12,"1"
9.2,17.6,68.4,19,4,38.8,1926.62,"1"
9.2,17.6,68.4,14,4,38.8,1765.12,"1"
9.2,17.6,68.4,14,4,38.8,1765.12,"1"
9.2,17.6,68.4,14,4,38.8,1765.12,"1"
9.2,17.6,68.4,14,4,38.8,1765.12,"1"
9.2,17.6,68.4,14,4,38.8,1765.12,"1"
9.2,17.6,68.4,14,4,38.8,1765.12,"1"
9.2,17.6,68.4,14,4,38.8,1765.12,"1"
9.2,17.6,68.4,14,4,38.8,1765.12,"1"
9.2,17.6,68.4,9,4,38.8,1603.62,"1"
9.2,17.6,68.4,9,4,38.8,1603.62,"1"
9.2,17.6,68.4,9,4,38.8,1603.62,"1"
9.2,17.6,68.4,9,4,38.8,1603.62,"1"
9.2,17.6,68.4,14,4,38.8,1765.12,"1"
9.2,17.6,68.4,14,4,38.8,1765.12,"1"
9.2,17.6,68.4,14,4,38.8,1765.12,"1"
9.2,17.6,68.4,14,4,38.8,1765.12,"1"
9.2,17.6,68.4,9,4,38.8,1603.62,"1"
9.2,17.6,68.4,14,4,38.8,1765.12,"1"
9.2,17.6,68.4,14,4,38.8,1765.12,"1"
9.2,17.6,68.4,19,4,38.8,1926.62,"1"
9.2,17.6,68.4,14,4,38.8,1765.12,"1"
9.2,17.6,68.4,19,4,38.8,1926.62,"1"
9.2,17.6,68.4,24,14,11.9,2268.17,"1"
9.2,17.6,68.4,24,14,11.9,2268.17,"1"
9.2,17.6,68.4,24,14,11.9,2268.17,"1"
9.2,17.6,68.4,24,14,11.9,2268.17,"1"
9.2,17.6,68.4,24,14,11.9,2268.17,"1"
9.2,17.6,68.4,29,14,11.9,2429.67,"1"
9.2,17.6,68.4,29,14,11.9,2429.67,"1"
9.2,17.6,68.4,29,14,11.9,2429.67,"1"
9.2,17.6,68.4,29,14,11.9,2429.67,"1"
9.2,17.6,68.4,29,14,11.9,2429.67,"1"
9.2,17.6,68.4,29,14,11.9,2429.67,"1"
9.2,17.6,68.4,29,14,11.9,2429.67,"1"
9.2,17.6,68.4,29,14,11.9,2429.67,"1"
9.2,17.6,68.4,29,14,11.9,2429.67,"1"
9.2,17.6,68.4,29,14,11.9,2429.67,"1"
9.2,17.6,68.4,29,14,11.9,2429.67,"1"
9.2,17.6,68.4,29,14,11.9,2429.67,"1"
9.2,17.6,68.4,29,14,11.9,2429.67,"1"
9.2,17.6,68.4,29,14,11.9,2429.67,"1"
9.2,17.6,68.4,29,14,11.9,2429.67,"1"
9.2,17.6,68.4,29,14,11.9,2429.67,"1"
9.2,17.6,68.4,29,14,11.9,2429.67,"1"
9.2,17.6,68.4,24,14,11.9,2268.17,"1"
9.2,17.6,68.4,24,14,11.9,2268.17,"1"
9.2,17.6,68.4,19,14,11.9,2106.67,"1"
9.2,17.6,68.4,19,14,11.9,2106.67,"1"
9.2,17.6,68.4,29,14,11.9,2429.67,"1"
9.2,17.6,68.4,24,14,11.9,2268.17,"1"
9.2,17.6,68.4,24,14,11.9,2268.17,"1"
9.2,17.6,68.4,19,14,11.9,2106.67,"1"
9.2,17.6,68.4,19,14,11.9,2106.67,"1"
9.2,17.6,68.4,19,14,11.9,2106.67,"1"
9.2,17.6,68.4,24,14,11.9,2268.17,"1"
9.2,17.6,68.4,14,4,38.8,1765.12,"1"
9.2,17.6,68.4,14,4,38.8,1765.12,"1"
9.2,17.6,68.4,14,4,38.8,1765.12,"1"
9.2,17.6,68.4,14,4,38.8,1765.12,"1"
9.2,17.6,68.4,14,4,38.8,1765.12,"1"
9.2,17.6,68.4,14,4,38.8,1765.12,"1"
9.2,17.6,68.4,14,4,38.8,1765.12,"1"
9.2,17.6,68.4,14,4,38.8,1765.12,"1"
9.2,17.6,68.4,14,4,38.8,1765.12,"1"
9.2,17.6,68.4,14,4,38.8,1765.12,"1"
9.2,17.6,68.4,19,4,38.8,1926.62,"1"
9.2,17.6,68.4,14,4,38.8,1765.12,"1"
9.2,17.6,68.4,14,4,38.8,1765.12,"1"
9.2,17.6,68.4,14,4,38.8,1765.12,"1"
9.2,17.6,68.4,19,4,38.8,1926.62,"1"
9.2,17.6,68.4,14,4,38.8,1765.12,"1"
9.2,17.6,68.4,14,9,38.8,1929.12,"1"
9.2,17.6,68.4,19,9,38.8,2090.62,"1"
9.2,17.6,68.4,19,9,38.8,2090.62,"1"
9.2,17.6,68.4,24,9,38.8,2252.12,"1"
9.2,17.6,68.4,14,9,38.8,1929.12,"1"
9.2,17.6,68.4,19,4,38.8,1926.62,"1"
9.2,17.6,68.4,29,4,38.8,2249.62,"1"
9.2,17.6,68.4,24,4,38.8,2088.12,"1"
9.2,17.6,68.4,19,4,38.8,1926.62,"1"
9.2,17.6,68.4,14,4,38.8,1765.12,"1"
9.2,17.6,68.4,19,4,38.8,1926.62,"1"
9.2,17.6,68.4,14,4,38.8,1765.12,"1"
9.2,17.6,68.4,14,4,38.8,1765.12,"1"
9.2,17.6,68.4,19,4,38.8,1926.62,"1"
9.2,17.6,68.4,19,4,38.8,1926.62,"1"
9.2,17.6,68.4,19,4,38.8,1926.62,"1"
9.2,17.6,68.4,14,4,38.8,1765.12,"1"
9.2,17.6,68.4,9,24,38.8,2259.62,"1"
9.2,17.6,68.4,14,24,38.8,2421.12,"1"
9.2,17.6,68.4,14,24,38.8,2421.12,"1"
9.2,17.6,68.4,14,4,38.8,1765.12,"1"
9.2,17.6,68.4,9,4,38.8,1603.62,"1"
9.2,17.6,68.4,14,4,38.8,1765.12,"1"
9.2,17.6,68.4,14,4,38.8,1765.12,"1"
9.2,17.6,68.4,14,4,38.8,1765.12,"1"
9.2,17.6,68.4,29,4,11.9,2101.67,"1"
9.2,17.6,68.4,29,4,11.9,2101.67,"1"
9.2,17.6,68.4,29,4,11.9,2101.67,"1"
9.2,17.6,68.4,24,9,11.9,2104.17,"1"
9.2,17.6,68.4,29,4,11.9,2101.67,"1"
9.2,17.6,68.4,29,4,11.9,2101.67,"1"
9.2,17.6,68.4,24,9,11.9,2104.17,"1"
9.2,17.6,68.4,14,4,38.8,1765.12,"1"
9.2,17.6,68.4,14,4,38.8,1765.12,"1"
9.2,17.6,68.4,19,14,38.8,2254.62,"1"
9.2,17.6,68.4,14,4,38.8,1765.12,"1"
9.2,17.6,68.4,29,4,38.8,2249.62,"1"
9.2,17.6,68.4,19,4,38.8,1926.62,"1"
9.2,17.6,68.4,14,4,38.8,1765.12,"1"
9.2,17.6,68.4,9,4,38.8,1603.62,"1"
9.2,17.6,68.4,4,4,12.8,1299.12,"0"
9.2,17.6,68.4,4,4,12.8,1299.12,"0"
9.2,17.6,68.4,4,4,12.8,1299.12,"0"
9.2,17.6,68.4,4,4,12.8,1299.12,"0"
9.2,17.6,68.4,4,4,12.8,1299.12,"0"
9.2,17.6,68.4,4,4,12.8,1299.12,"0"
9.2,17.6,68.4,4,4,12.8,1299.12,"0"
9.2,17.6,68.4,4,19,4.2,1743.82,"1"
9.2,17.6,68.4,4,19,4.2,1743.82,"1"
9.2,17.6,68.4,4,19,4.2,1743.82,"1"
9.2,17.6,68.4,4,19,4.2,1743.82,"1"
9.2,17.6,68.4,4,19,4.2,1743.82,"1"
9.2,17.6,68.4,14,14,12.8,1950.12,"1"
9.2,17.6,68.4,14,9,12.8,1786.12,"1"
9.2,17.6,68.4,14,9,12.8,1786.12,"1"
9.2,17.6,68.4,14,14,12.8,1950.12,"1"
9.2,17.6,68.4,19,9,12.8,1947.62,"1"
9.2,17.6,68.4,4,14,12.8,1627.12,"1"
9.2,17.6,68.4,4,14,12.8,1627.12,"1"
9.2,17.6,68.4,9,9,12.8,1624.62,"1"
9.2,17.6,68.4,4,14,12.8,1627.12,"1"
9.2,17.6,68.4,4,14,12.8,1627.12,"1"
9.2,17.6,68.4,4,14,12.8,1627.12,"1"
9.2,17.6,68.4,4,14,12.8,1627.12,"1"
9.2,17.6,68.4,4,14,12.8,1627.12,"1"
9.2,17.6,68.4,4,14,12.8,1627.12,"1"
9.2,17.6,68.4,4,14,12.8,1627.12,"1"
9.2,17.6,68.4,19,4,12.8,1783.62,"1"
9.2,17.6,68.4,14,4,12.8,1622.12,"1"
9.2,17.6,68.4,19,4,12.8,1783.62,"1"
9.2,17.6,68.4,19,4,12.8,1783.62,"1"
9.2,17.6,68.4,14,4,12.8,1622.12,"1"
9.2,17.6,68.4,14,4,12.8,1622.12,"1"
9.2,17.6,68.4,14,4,12.8,1622.12,"1"
9.2,17.6,68.4,14,4,12.8,1622.12,"1"
9.2,17.6,68.4,19,4,12.8,1783.62,"1"
9.2,17.6,68.4,4,4,12.8,1299.12,"0"
9.2,17.6,68.4,9,4,12.8,1460.62,"1"
9.2,17.6,68.4,14,4,12.8,1622.12,"1"
9.2,17.6,68.4,14,4,12.8,1622.12,"1"
9.2,17.6,68.4,19,4,12.8,1783.62,"1"
9.2,17.6,68.4,14,4,12.8,1622.12,"1"
9.2,17.6,68.4,19,4,12.8,1783.62,"1"
9.2,17.6,68.4,19,4,12.8,1783.62,"1"
9.2,17.6,68.4,19,4,12.8,1783.62,"1"
9.2,17.6,68.4,14,4,12.8,1622.12,"1"
9.2,17.6,68.4,14,4,12.8,1622.12,"1"
9.2,17.6,68.4,14,4,12.8,1622.12,"1"
9.2,17.6,68.4,14,4,12.8,1622.12,"1"
9.2,17.6,68.4,14,4,12.8,1622.12,"1"
9.2,17.6,68.4,14,4,12.8,1622.12,"1"
9.2,17.6,68.4,14,4,12.8,1622.12,"1"
9.2,17.6,68.4,19,4,12.8,1783.62,"1"
9.2,17.6,68.4,19,4,12.8,1783.62,"1"
9.2,17.6,68.4,19,4,12.8,1783.62,"1"
9.2,17.6,68.4,14,9,4.2,1738.82,"1"
9.2,17.6,68.4,4,9,16.1,1645.27,"1"
9.2,17.6,68.4,4,9,4.2,1415.82,"0"
9.2,17.6,68.4,4,9,4.2,1415.82,"0"
9.2,17.6,68.4,4,9,4.2,1415.82,"0"
9.2,17.6,68.4,4,9,4.2,1415.82,"0"
9.2,17.6,68.4,4,9,4.2,1415.82,"0"
9.2,17.6,68.4,9,9,4.2,1577.32,"1"
9.2,17.6,68.4,9,9,4.2,1577.32,"1"
9.2,17.6,68.4,9,9,4.2,1577.32,"1"
9.2,17.6,68.4,4,9,12.8,1645.27,"1"
9.2,17.6,68.4,4,9,4.2,1415.82,"0"
9.2,17.6,68.4,9,9,4.2,1577.32,"1"
9.2,17.6,68.4,9,9,4.2,1577.32,"1"
9.2,17.6,68.4,14,9,4.2,1738.82,"1"
9.2,17.6,68.4,14,9,4.2,1738.82,"1"
9.2,17.6,68.4,14,9,4.2,1738.82,"1"
9.2,17.6,68.4,19,9,4.2,1900.32,"1"
9.2,17.6,68.4,19,9,4.2,1900.32,"1"
9.2,17.6,68.4,14,9,4.2,1738.82,"1"
9.2,17.6,68.4,24,4,4.2,1897.82,"1"
9.2,17.6,68.4,19,4,12.8,1783.62,"1"
9.2,17.6,68.4,14,4,12.8,1622.12,"1"
9.2,17.6,68.4,14,4,12.8,1622.12,"1"
9.2,17.6,68.4,9,4,12.8,1460.62,"1"
9.2,17.6,68.4,14,4,12.8,1622.12,"1"
9.2,17.6,68.4,19,4,12.8,1783.62,"1"
9.2,17.6,68.4,24,4,12.8,1945.12,"1"
9.2,17.6,68.4,9,4,12.8,1460.62,"1"
9.2,17.6,68.4,4,4,12.8,1299.12,"0"
9.2,17.6,68.4,4,4,12.8,1299.12,"0"
9.2,17.6,68.4,4,4,12.8,1299.12,"0"
9.2,17.6,68.4,9,4,12.8,1460.62,"1"
9.2,17.6,68.4,14,4,12.8,1622.12,"1"
9.2,17.6,68.4,19,4,12.8,1783.62,"1"
9.2,17.6,68.4,24,4,12.8,1945.12,"1"
9.2,17.6,68.4,19,4,12.8,1783.62,"1"
9.2,17.6,68.4,24,4,12.8,1945.12,"1"
9.2,17.6,68.4,19,4,12.8,1783.62,"1"
9.2,17.6,68.4,19,4,12.8,1783.62,"1"
9.2,17.6,68.4,14,9,12.8,1786.12,"1"
9.2,17.6,68.4,14,9,12.8,1786.12,"1"
9.2,17.6,68.4,4,4,4.2,1251.82,"0"
9.2,17.6,68.4,4,4,4.2,1251.82,"0"
9.2,17.6,68.4,9,4,4.2,1413.32,"0"
9.2,17.6,68.4,9,4,4.2,1413.32,"0"
9.2,17.6,68.4,9,4,4.2,1413.32,"0"
9.2,17.6,68.4,4,4,4.2,1251.82,"0"
9.2,17.6,68.4,9,4,4.2,1413.32,"0"
9.2,17.6,68.4,14,4,12.8,1622.12,"1"
9.2,17.6,68.4,14,4,12.8,1622.12,"1"
9.2,17.6,68.4,14,4,12.8,1622.12,"1"
9.2,17.6,68.4,14,4,12.8,1622.12,"1"
9.2,17.6,68.4,19,4,12.8,1783.62,"1"
9.2,17.6,68.4,14,4,12.8,1622.12,"1"
9.2,17.6,68.4,14,4,12.8,1622.12,"1"
9.2,17.6,68.4,14,4,12.8,1622.12,"1"
9.2,17.6,68.4,14,4,12.8,1622.12,"1"
9.2,17.6,68.4,14,4,12.8,1622.12,"1"
9.2,17.6,68.4,14,4,12.8,1622.12,"1"
9.2,17.6,68.4,19,4,12.8,1783.62,"1"
9.2,17.6,68.4,19,4,12.8,1783.62,"1"
9.2,17.6,68.4,19,4,12.8,1783.62,"1"
9.2,17.6,68.4,19,4,12.8,1783.62,"1"
9.2,17.6,68.4,19,4,12.8,1783.62,"1"
9.2,17.6,68.4,19,4,12.8,1783.62,"1"
9.2,17.6,68.4,24,4,12.8,1945.12,"1"
9.2,17.6,68.4,24,4,12.8,1945.12,"1"
9.2,17.6,68.4,14,14,12.8,1950.12,"1"
9.2,17.6,68.4,29,14,12.8,2434.62,"1"
9.2,17.6,68.4,29,14,12.8,2434.62,"1"
9.2,17.6,68.4,19,14,12.8,2111.62,"1"
9.2,17.6,68.4,14,14,12.8,1950.12,"1"
9.2,17.6,68.4,9,14,12.8,1788.62,"1"
9.2,17.6,68.4,9,14,12.8,1788.62,"1"
9.2,17.6,68.4,9,14,12.8,1788.62,"1"
9.2,17.6,68.4,9,14,12.8,1788.62,"1"
9.2,17.6,68.4,9,14,12.8,1788.62,"1"
9.2,17.6,68.4,9,14,12.8,1788.62,"1"
9.2,17.6,68.4,14,14,12.8,1950.12,"1"
9.2,17.6,68.4,29,4,12.8,2106.62,"1"
9.2,17.6,68.4,19,4,12.8,1783.62,"1"
9.2,17.6,68.4,24,4,12.8,1945.12,"1"
9.2,17.6,68.4,24,9,12.8,2109.12,"1"
9.2,17.6,68.4,24,9,12.8,2109.12,"1"
9.2,17.6,68.4,29,4,12.8,2106.62,"1"
9.2,17.6,68.4,29,4,12.8,2106.62,"1"
9.2,17.6,68.4,29,4,12.8,2106.62,"1"
9.2,17.6,68.4,24,4,12.8,1945.12,"1"
9.2,17.6,68.4,29,4,12.8,2106.62,"1"
9.2,17.6,68.4,29,4,12.8,2106.62,"1"
9.2,17.6,68.4,29,4,12.8,2106.62,"1"
9.2,17.6,68.4,29,4,12.8,2106.62,"1"
9.2,17.6,68.4,24,4,12.8,1945.12,"1"
9.2,17.6,68.4,24,4,12.8,1945.12,"1"
9.2,17.6,68.4,29,4,12.8,2106.62,"1"
9.2,17.6,68.4,29,4,12.8,2106.62,"1"
9.2,17.6,68.4,19,4,12.8,1783.62,"1"
9.2,17.6,68.4,24,4,12.8,1945.12,"1"
9.2,17.6,68.4,19,4,12.8,1783.62,"1"
9.2,17.6,68.4,19,4,12.8,1783.62,"1"
9.2,17.6,68.4,19,4,12.8,1783.62,"1"
9.2,17.6,68.4,24,4,12.8,1945.12,"1"
9.2,17.6,68.4,14,4,12.8,1622.12,"1"
9.2,17.6,68.4,14,4,12.8,1622.12,"1"
9.2,17.6,68.4,14,4,12.8,1622.12,"1"
9.2,17.6,68.4,19,4,12.8,1783.62,"1"
9.2,17.6,68.4,14,4,12.8,1622.12,"1"
9.2,17.6,68.4,14,4,12.8,1622.12,"1"
9.2,17.6,68.4,14,4,12.8,1622.12,"1"
9.2,17.6,68.4,14,4,12.8,1622.12,"1"
9.2,17.6,68.4,14,4,12.8,1622.12,"1"
9.2,17.6,68.4,14,4,12.8,1622.12,"1"
9.2,17.6,68.4,24,4,12.8,1945.12,"1"
9.2,17.6,68.4,19,4,12.8,1783.62,"1"
9.2,17.6,68.4,19,4,12.8,1783.62,"1"
9.2,17.6,68.4,14,4,12.8,1622.12,"1"
9.2,17.6,68.4,14,4,12.8,1622.12,"1"
9.2,17.6,68.4,9,4,12.8,1460.62,"1"
9.2,17.6,68.4,9,4,12.8,1460.62,"1"
9.2,17.6,68.4,29,4,12.8,2106.62,"1"
9.2,17.6,68.4,14,4,12.8,1622.12,"1"
9.2,17.6,68.4,14,4,12.8,1622.12,"1"
9.2,17.6,68.4,24,4,12.8,1945.12,"1"
9.2,17.6,68.4,29,4,12.8,2106.62,"1"
9.2,17.6,68.4,24,4,12.8,1945.12,"1"
9.2,17.6,68.4,24,4,12.8,1945.12,"1"
9.2,17.6,68.4,24,4,12.8,1945.12,"1"
9.2,17.6,68.4,29,4,12.8,2106.62,"1"
9.2,17.6,68.4,24,4,12.8,1945.12,"1"
9.2,17.6,68.4,29,4,12.8,2106.62,"1"
9.2,17.6,68.4,29,4,12.8,2106.62,"1"
9.2,17.6,68.4,24,4,12.8,1945.12,"1"
9.2,17.6,68.4,19,4,12.8,1783.62,"1"
9.2,17.6,68.4,29,4,12.8,2106.62,"1"
9.2,17.6,68.4,24,4,12.8,1945.12,"1"
9.2,17.6,68.4,24,4,12.8,1945.12,"1"
9.2,17.6,68.4,14,9,12.8,1786.12,"1"
9.2,17.6,68.4,24,4,12.8,1945.12,"1"
9.2,17.6,68.4,14,9,12.8,1786.12,"1"
9.2,17.6,68.4,24,4,12.8,1945.12,"1"
9.2,17.6,68.4,29,4,12.8,2106.62,"1"
9.2,17.6,68.4,29,4,12.8,2106.62,"1"
9.2,17.6,68.4,29,4,12.8,2106.62,"1"
9.2,17.6,68.4,24,4,12.8,1945.12,"1"
9.2,17.6,68.4,24,4,12.8,1945.12,"1"
9.2,17.6,68.4,14,4,12.8,1622.12,"1"
9.2,17.6,68.4,19,4,12.8,1783.62,"1"
9.2,17.6,68.4,24,4,12.8,1945.12,"1"
9.2,17.6,68.4,14,4,12.8,1622.12,"1"
9.2,17.6,68.4,9,4,12.8,1460.62,"1"
9.2,17.6,68.4,4,4,12.8,1299.12,"0"
9.2,17.6,68.4,9,4,12.8,1460.62,"1"
9.2,17.6,68.4,9,4,12.8,1460.62,"1"
9.2,17.6,68.4,4,4,12.8,1299.12,"0"
9.2,17.6,68.4,4,4,12.8,1299.12,"0"
9.2,17.6,68.4,9,4,12.8,1460.62,"1"
9.2,17.6,68.4,9,4,12.8,1460.62,"1"
9.2,17.6,68.4,19,4,12.8,1783.62,"1"
9.2,17.6,68.4,14,4,12.8,1622.12,"1"
9.2,17.6,68.4,24,4,12.8,1945.12,"1"
9.2,17.6,68.4,9,4,12.8,1460.62,"1"
9.2,17.6,68.4,19,4,12.8,1783.62,"1"
9.2,17.6,68.4,19,9,12.8,1947.62,"1"
9.2,17.6,68.4,29,4,12.8,2106.62,"1"
9.2,17.6,68.4,29,9,12.8,2270.62,"1"
9.2,17.6,68.4,19,19,4.2,2228.32,"1"
9.2,17.6,68.4,9,4,4.2,1413.32,"0"
9.2,17.6,68.4,4,19,4.2,1743.99,"1"
9.2,17.6,68.4,4,4,4.2,1217.98,"0"
9.2,17.6,68.4,4,19,4.2,1747.12,"1"
9.2,17.6,68.4,4,4,4.2,1251.82,"0"
9.2,17.6,68.4,4,4,4.2,1251.82,"0"
9.2,17.6,68.4,4,4,4.2,1251.82,"0"
9.2,17.6,68.4,4,4,4.2,1251.82,"0"
9.2,17.6,68.4,4,4,4.2,1251.82,"0"
9.2,17.6,68.4,4,4,4.2,1251.82,"0"
9.2,17.6,68.4,4,4,4.2,1251.82,"0"
9.2,17.6,68.4,14,4,4.2,1574.82,"1"
9.2,17.6,68.4,4,4,4.2,1251.82,"0"
9.2,17.6,68.4,4,4,4.2,1251.82,"0"
9.2,17.6,68.4,4,4,4.2,1251.82,"0"
9.2,17.6,68.4,4,4,4.2,1251.82,"0"
9.2,17.6,68.4,4,4,4.2,1251.82,"0"
9.2,17.6,68.4,4,4,4.2,1251.82,"0"
9.2,17.6,68.4,4,4,4.2,1251.82,"0"
9.2,17.6,68.4,4,4,4.2,1251.82,"0"
9.2,17.6,68.4,4,4,4.2,1251.82,"0"
9.2,17.6,68.4,4,4,4.2,1251.82,"0"
9.2,17.6,68.4,4,4,4.2,1251.82,"0"
9.2,17.6,68.4,4,4,4.2,1251.82,"0"
9.2,17.6,68.4,4,4,4.2,1251.82,"0"
9.2,17.6,68.4,4,4,4.2,1251.82,"0"
9.2,17.6,68.4,4,4,4.2,1251.82,"0"
9.2,17.6,68.4,4,4,4.2,1251.82,"0"
9.2,17.6,68.4,9,4,4.2,1413.32,"0"
9.2,17.6,68.4,19,4,4.2,1736.32,"1"
9.2,17.6,68.4,19,4,4.2,1736.32,"1"
9.2,17.6,68.4,24,4,4.2,1897.82,"1"
9.2,17.6,68.4,29,4,12.8,2106.62,"1"
9.2,17.6,68.4,14,4,12.8,1622.12,"1"
9.2,17.6,68.4,19,4,12.8,1783.62,"1"
9.2,17.6,68.4,19,4,12.8,1783.62,"1"
9.2,17.6,68.4,14,4,12.8,1622.12,"1"
9.2,17.6,68.4,14,4,12.8,1622.12,"1"
9.2,17.6,68.4,14,4,12.8,1622.12,"1"
9.2,17.6,68.4,19,4,12.8,1783.62,"1"
9.2,17.6,68.4,29,4,12.8,2106.62,"1"
9.2,17.6,68.4,29,4,12.8,2106.62,"1"
9.2,17.6,68.4,24,4,12.8,1945.12,"1"
9.2,17.6,68.4,24,4,12.8,1945.12,"1"
9.2,17.6,68.4,24,4,12.8,1945.12,"1"
9.2,17.6,68.4,19,4,12.8,1783.62,"1"
9.2,17.6,68.4,24,4,12.8,1945.12,"1"
9.2,17.6,68.4,29,4,12.8,2106.62,"1"
9.2,17.6,68.4,24,4,12.8,1945.12,"1"
9.2,17.6,68.4,19,4,12.8,1783.62,"1"
9.2,17.6,68.4,24,4,12.8,1945.12,"1"
9.2,17.6,68.4,24,4,12.8,1945.12,"1"
9.2,17.6,68.4,29,4,12.8,2106.62,"1"
9.2,17.6,68.4,24,4,12.8,1945.12,"1"
9.2,17.6,68.4,19,4,12.8,1783.62,"1"
9.2,17.6,68.4,19,4,12.8,1783.62,"1"
9.2,17.6,68.4,24,4,12.8,1945.12,"1"
9.2,17.6,68.4,24,4,12.8,1945.12,"1"
9.2,17.6,68.4,24,4,12.8,1945.12,"1"
9.2,17.6,68.4,19,4,12.8,1783.62,"1"
9.2,17.6,68.4,24,4,12.8,1945.12,"1"
9.2,17.6,68.4,24,4,12.8,1945.12,"1"
9.2,17.6,68.4,29,4,12.8,2106.62,"1"
9.2,17.6,68.4,24,4,12.8,1945.12,"1"
9.2,17.6,68.4,19,4,12.8,1783.62,"1"
9.2,17.6,68.4,19,4,12.8,1783.62,"1"
9.2,17.6,68.4,24,4,12.8,1945.12,"1"
9.2,17.6,68.4,24,4,12.8,1945.12,"1"
9.2,17.6,68.4,29,4,12.8,2106.62,"1"
9.2,17.6,68.4,24,4,12.8,1945.12,"1"
9.2,17.6,68.4,19,4,12.8,1783.62,"1"
9.2,17.6,68.4,19,4,12.8,1783.62,"1"
9.2,17.6,68.4,24,4,12.8,1945.12,"1"
9.2,17.6,68.4,24,4,12.8,1945.12,"1"
9.2,17.6,68.4,29,4,12.8,2106.62,"1"
9.2,17.6,68.4,29,4,12.8,2106.62,"1"
9.2,17.6,68.4,29,4,12.8,2106.62,"1"
9.2,17.6,68.4,29,4,12.8,2106.62,"1"
9.2,17.6,68.4,29,4,12.8,2106.62,"1"
9.2,17.6,68.4,29,4,12.8,2106.62,"1"
9.2,17.6,68.4,29,4,12.8,2106.62,"1"
9.2,17.6,68.4,24,4,12.8,1945.12,"1"
9.2,17.6,68.4,19,4,12.8,1783.62,"1"
9.2,17.6,68.4,19,4,12.8,1783.62,"1"
9.2,17.6,68.4,14,4,12.8,1622.12,"1"
9.2,17.6,68.4,9,14,12.8,1788.62,"1"
9.2,17.6,68.4,9,4,12.8,1460.62,"1"
9.2,17.6,68.4,14,4,12.8,1622.12,"1"
9.2,17.6,68.4,14,4,12.8,1622.12,"1"
9.2,17.6,68.4,14,4,12.8,1622.12,"1"
9.2,17.6,68.4,14,4,12.8,1622.12,"1"
9.2,17.6,68.4,9,4,12.8,1460.62,"1"
9.2,17.6,68.4,9,14,12.8,1788.62,"1"
9.2,17.6,68.4,9,4,4.2,1413.32,"0"
9.2,17.6,68.4,9,4,4.2,1413.32,"0"
9.2,17.6,68.4,9,4,4.2,1413.32,"0"
9.2,17.6,68.4,29,4,12.8,2106.62,"1"
9.2,17.6,68.4,29,4,12.8,2106.62,"1"
9.2,17.6,68.4,29,4,12.8,2106.62,"1"
9.2,17.6,68.4,29,4,12.8,2106.62,"1"
9.2,17.6,68.4,19,4,12.8,1783.62,"1"
9.2,17.6,68.4,19,4,12.8,1783.62,"1"
9.2,17.6,68.4,24,4,12.8,1945.12,"1"
9.2,17.6,68.4,24,4,12.8,1945.12,"1"
9.2,17.6,68.4,24,4,12.8,1945.12,"1"
9.2,17.6,68.4,24,4,12.8,1945.12,"1"
9.2,17.6,68.4,24,4,12.8,1945.12,"1"
9.2,17.6,68.4,24,4,12.8,1945.12,"1"
9.2,17.6,68.4,24,4,12.8,1945.12,"1"
9.2,17.6,68.4,24,4,12.8,1945.12,"1"
9.2,17.6,68.4,24,4,12.8,1945.12,"1"
9.2,17.6,68.4,24,4,12.8,1945.12,"1"
9.2,17.6,68.4,24,4,12.8,1945.12,"1"
9.2,17.6,68.4,24,4,12.8,1945.12,"1"
9.2,17.6,68.4,19,4,12.8,1783.62,"1"
9.2,17.6,68.4,19,4,12.8,1783.62,"1"
9.2,17.6,68.4,19,4,12.8,1783.62,"1"
9.2,17.6,68.4,19,4,12.8,1783.62,"1"
9.2,17.6,68.4,19,4,12.8,1783.62,"1"
9.2,17.6,68.4,19,4,12.8,1783.62,"1"
9.2,17.6,68.4,19,4,12.8,1783.62,"1"
9.2,17.6,68.4,19,4,12.8,1783.62,"1"
9.2,17.6,68.4,19,4,12.8,1783.62,"1"
9.2,17.6,68.4,14,4,12.8,1622.12,"1"
9.2,17.6,68.4,14,4,12.8,1622.12,"1"
9.2,17.6,68.4,14,4,12.8,1622.12,"1"
9.2,17.6,68.4,14,4,12.8,1622.12,"1"
9.2,17.6,68.4,14,4,12.8,1622.12,"1"
9.2,17.6,68.4,14,4,12.8,1622.12,"1"
9.2,17.6,68.4,14,4,12.8,1622.12,"1"
9.2,17.6,68.4,19,4,12.8,1783.62,"1"
9.2,17.6,68.4,24,4,12.8,1945.12,"1"
9.2,17.6,68.4,24,4,12.8,1945.12,"1"
9.2,17.6,68.4,24,4,12.8,1945.12,"1"
9.2,17.6,68.4,29,4,12.8,2106.62,"1"
9.2,17.6,68.4,24,4,12.8,1945.12,"1"
9.2,17.6,68.4,19,4,12.8,1783.62,"1"
9.2,17.6,68.4,14,4,12.8,1622.12,"1"
9.2,17.6,68.4,19,4,12.8,1783.62,"1"
9.2,17.6,68.4,19,4,12.8,1783.62,"1"
9.2,17.6,68.4,4,14,4.2,1579.82,"1"
9.2,17.6,68.4,4,4,4.2,1251.82,"0"
9.2,17.6,68.4,9,4,4.2,1413.32,"0"
9.2,17.6,68.4,14,4,4.2,1574.82,"1"
9.2,17.6,68.4,9,4,4.2,1413.32,"0"
9.2,17.6,68.4,9,4,4.2,1413.32,"0"
9.2,17.6,68.4,4,4,4.2,1251.82,"0"
9.2,17.6,68.4,4,4,4.2,1251.82,"0"
9.2,17.6,68.4,4,4,4.2,1251.82,"0"
9.2,17.6,68.4,4,4,4.2,1251.82,"0"
9.2,17.6,68.4,4,4,12.8,1299.12,"0"
9.2,17.6,68.4,9,4,12.8,1478.77,"1"
9.2,17.6,68.4,9,19,12.8,2065.48,"1"
9.2,17.6,68.4,9,4,12.8,1460.62,"1"
9.2,17.6,68.4,9,14,12.8,1806.77,"1"
9.2,17.6,68.4,9,4,12.8,1460.62,"1"
9.2,17.6,68.4,9,4,12.8,1460.62,"1"
9.2,17.6,68.4,14,4,12.8,1622.12,"1"
9.2,17.6,68.4,14,4,12.8,1622.12,"1"
9.2,17.6,68.4,9,4,12.8,1460.62,"1"
9.2,17.6,68.4,4,4,12.8,1294.17,"0"
9.2,17.6,68.4,4,4,12.8,1299.12,"0"
9.2,17.6,68.4,9,4,12.8,1460.62,"1"
9.2,17.6,68.4,9,4,12.8,1460.62,"1"
9.2,17.6,68.4,9,4,12.8,1460.62,"1"
9.2,17.6,68.4,9,4,12.8,1460.62,"1"
9.2,17.6,68.4,4,4,12.8,1299.12,"0"
9.2,17.6,68.4,4,4,12.8,1299.12,"0"
9.2,17.6,68.4,4,4,12.8,1299.12,"0"
9.2,17.6,68.4,4,4,12.8,1299.12,"0"
9.2,17.6,68.4,4,4,12.8,1299.12,"0"
9.2,17.6,68.4,4,4,12.8,1299.12,"0"
9.2,17.6,68.4,9,4,12.8,1460.62,"1"
9.2,17.6,68.4,9,4,12.8,1460.62,"1"
9.2,17.6,68.4,9,4,12.8,1460.62,"1"
9.2,17.6,68.4,14,4,12.8,1622.12,"1"
9.2,17.6,68.4,9,4,12.8,1460.62,"1"
9.2,17.6,68.4,4,4,12.8,1299.12,"0"
9.2,17.6,68.4,4,4,12.8,1299.12,"0"
9.2,17.6,68.4,4,4,12.8,1299.12,"0"
9.2,17.6,68.4,9,4,12.8,1460.62,"1"
9.2,17.6,68.4,9,4,12.8,1460.62,"1"
9.2,17.6,68.4,9,4,12.8,1460.62,"1"
9.2,17.6,68.4,9,4,12.8,1460.62,"1"
9.2,17.6,68.4,4,4,12.8,1299.12,"0"
9.2,17.6,68.4,4,4,12.8,1299.12,"0"
9.2,17.6,68.4,4,4,12.8,1299.12,"0"
9.2,17.6,68.4,4,4,12.8,1299.12,"0"
9.2,17.6,68.4,4,4,12.8,1299.12,"0"
9.2,17.6,68.4,4,4,12.8,1299.12,"0"
9.2,17.6,68.4,4,4,12.8,1299.12,"0"
9.2,17.6,68.4,9,4,12.8,1460.62,"1"
9.2,17.6,68.4,9,4,12.8,1460.62,"1"
9.2,17.6,68.4,14,4,12.8,1622.12,"1"
9.2,17.6,68.4,4,4,12.8,1299.12,"0"
9.2,17.6,68.4,4,4,12.8,1299.12,"0"
9.2,17.6,68.4,4,4,12.8,1299.12,"0"
9.2,17.6,68.4,4,4,12.8,1299.12,"0"
9.2,17.6,68.4,4,4,12.8,1299.12,"0"
9.2,17.6,68.4,4,4,12.8,1299.12,"0"
9.2,17.6,68.4,4,4,12.8,1299.12,"0"
9.2,17.6,68.4,4,4,12.8,1299.12,"0"
9.2,17.6,68.4,4,4,12.8,1299.12,"0"
9.2,17.6,68.4,4,4,12.8,1299.12,"0"
9.2,17.6,68.4,4,4,12.8,1299.12,"0"
9.2,17.6,68.4,4,4,12.8,1299.12,"0"
9.2,17.6,68.4,4,4,12.8,1299.12,"0"
9.2,17.6,68.4,4,4,12.8,1299.12,"0"
9.2,17.6,68.4,4,4,12.8,1299.12,"0"
9.2,17.6,68.4,4,4,12.8,1299.12,"0"
9.2,17.6,68.4,4,14,4.2,1579.82,"1"
9.2,17.6,68.4,19,4,12.8,1783.62,"1"
9.2,17.6,68.4,14,9,12.8,1786.12,"1"
9.2,17.6,68.4,9,9,12.8,1624.62,"1"
9.2,17.6,68.4,14,9,12.8,1786.12,"1"
9.2,17.6,68.4,14,9,12.8,1786.12,"1"
9.2,17.6,68.4,9,9,12.8,1624.62,"1"
9.2,17.6,68.4,9,9,12.8,1624.62,"1"
9.2,17.6,68.4,9,9,12.8,1624.62,"1"
9.2,17.6,68.4,9,9,12.8,1624.62,"1"
9.2,17.6,68.4,9,9,12.8,1624.62,"1"
9.2,17.6,68.4,9,9,12.8,1624.62,"1"
9.2,17.6,68.4,9,9,12.8,1624.62,"1"
9.2,17.6,68.4,9,9,12.8,1624.62,"1"
9.2,17.6,68.4,9,9,12.8,1624.62,"1"
9.2,17.6,68.4,9,9,12.8,1624.62,"1"
9.2,17.6,68.4,9,9,12.8,1624.62,"1"
9.2,17.6,68.4,9,9,12.8,1624.62,"1"
9.2,17.6,68.4,9,9,12.8,1624.62,"1"
9.2,17.6,68.4,9,9,12.8,1624.62,"1"
9.2,17.6,68.4,9,9,12.8,1624.62,"1"
9.2,17.6,68.4,9,9,12.8,1624.62,"1"
9.2,17.6,68.4,9,9,12.8,1624.62,"1"
9.2,17.6,68.4,14,4,12.8,1622.12,"1"
9.2,17.6,68.4,14,4,4.2,1574.82,"1"
9.2,17.6,68.4,14,4,4.2,1574.82,"1"
9.2,17.6,68.4,9,4,4.2,1413.32,"0"
9.2,17.6,68.4,9,4,12.8,1460.62,"1"
9.2,17.6,68.4,4,4,12.8,1299.12,"0"
9.2,17.6,68.4,4,4,12.8,1299.12,"0"
9.2,17.6,68.4,4,4,12.8,1299.12,"0"
9.2,17.6,68.4,4,4,12.8,1299.12,"0"
9.2,17.6,68.4,4,4,12.8,1299.12,"0"
9.2,17.6,68.4,4,14,12.8,1622.17,"1"
9.2,17.6,68.4,4,14,12.8,1481.27,"1"
9.2,17.6,68.4,4,4,12.8,1299.12,"0"
9.2,17.6,68.4,4,4,12.8,1299.12,"0"
9.2,17.6,68.4,4,4,12.8,1299.12,"0"
9.2,17.6,68.4,14,4,12.8,1622.12,"1"
9.2,17.6,68.4,19,4,12.8,1783.62,"1"
9.2,17.6,68.4,29,4,12.8,2106.62,"1"
9.2,17.6,68.4,29,4,12.8,2106.62,"1"
9.2,17.6,68.4,24,4,12.8,1945.12,"1"
9.2,17.6,68.4,19,4,12.8,1783.62,"1"
9.2,17.6,68.4,19,4,12.8,1783.62,"1"
9.2,17.6,68.4,14,4,12.8,1622.12,"1"
9.2,17.6,68.4,14,4,12.8,1622.12,"1"
9.2,17.6,68.4,14,4,12.8,1622.12,"1"
9.2,17.6,68.4,19,4,12.8,1783.62,"1"
9.2,17.6,68.4,19,4,12.8,1783.62,"1"
9.2,17.6,68.4,19,4,12.8,1783.62,"1"
9.2,17.6,68.4,19,4,12.8,1783.62,"1"
9.2,17.6,68.4,19,4,12.8,1783.62,"1"
9.2,17.6,68.4,9,4,4.2,1413.32,"0"
9.2,17.6,68.4,4,4,4.2,1251.82,"0"
9.2,17.6,68.4,4,4,4.2,1251.82,"0"
9.2,17.6,68.4,4,4,4.2,1251.82,"0"
9.2,17.6,68.4,4,4,4.2,1251.82,"0"
9.2,17.6,68.4,4,4,4.2,1251.82,"0"
9.2,17.6,68.4,9,4,4.2,1413.32,"0"
9.2,17.6,68.4,9,4,12.8,1460.62,"1"
9.2,17.6,68.4,4,4,12.8,1299.12,"0"
9.2,17.6,68.4,4,4,12.8,1299.12,"0"
9.2,17.6,68.4,9,4,12.8,1460.62,"1"
9.2,17.6,68.4,9,4,12.8,1460.62,"1"
9.2,17.6,68.4,14,4,4.2,1574.82,"1"
9.2,17.6,68.4,14,4,4.2,1574.82,"1"
9.2,17.6,68.4,14,4,4.2,1574.82,"1"
9.2,17.6,68.4,19,4,4.2,1736.32,"1"
9.2,17.6,68.4,24,4,4.2,1897.82,"1"
9.2,17.6,68.4,19,4,4.2,1736.32,"1"
9.2,17.6,68.4,24,4,4.2,1897.82,"1"
9.2,17.6,68.4,4,19,12.8,1791.12,"1"
9.2,17.6,68.4,9,4,12.8,1460.62,"1"
9.2,17.6,68.4,14,4,12.8,1622.12,"1"
9.2,17.6,68.4,9,19,12.8,1952.62,"1"
9.2,17.6,68.4,14,19,12.8,2114.12,"1"
9.2,17.6,68.4,9,19,12.8,1952.62,"1"
9.2,17.6,68.4,9,19,12.8,1952.62,"1"
9.2,17.6,68.4,9,19,12.8,1952.62,"1"
9.2,17.6,68.4,9,19,12.8,1952.62,"1"
9.2,17.6,68.4,9,19,12.8,1952.62,"1"
9.2,17.6,68.4,9,19,12.8,1952.62,"1"
9.2,17.6,68.4,9,19,12.8,1952.62,"1"
9.2,17.6,68.4,9,19,12.8,1952.62,"1"
9.2,17.6,68.4,9,19,12.8,1952.62,"1"
9.2,17.6,68.4,9,19,12.8,1952.62,"1"
9.2,17.6,68.4,9,19,12.8,1952.62,"1"
9.2,17.6,68.4,9,19,12.8,1952.62,"1"
9.2,17.6,68.4,9,19,12.8,1952.62,"1"
9.2,17.6,68.4,14,19,12.8,2114.12,"1"
9.2,17.6,68.4,24,4,12.8,1945.12,"1"
9.2,17.6,68.4,29,4,12.8,2106.62,"1"
9.2,17.6,68.4,29,4,12.8,2106.62,"1"
9.2,17.6,68.4,4,4,12.8,1299.12,"0"
9.2,17.6,68.4,4,4,12.8,1299.12,"0"
9.2,17.6,68.4,4,4,12.8,1299.12,"0"
9.2,17.6,68.4,4,4,12.8,1299.12,"0"
9.2,17.6,68.4,4,4,12.8,1299.12,"0"
9.2,17.6,68.4,4,4,12.8,1299.12,"0"
9.2,17.6,68.4,4,4,12.8,1299.12,"0"
9.2,17.6,68.4,4,4,12.8,1299.12,"0"
9.2,17.6,68.4,4,4,12.8,1299.12,"0"
9.2,17.6,68.4,4,4,12.8,1299.12,"0"
9.2,17.6,68.4,4,4,12.8,1299.12,"0"
9.2,17.6,68.4,4,4,12.8,1299.12,"0"
9.2,17.6,68.4,4,4,12.8,1299.12,"0"
9.2,17.6,68.4,4,4,12.8,1299.12,"0"
9.2,17.6,68.4,4,4,12.8,1299.12,"0"
9.2,17.6,68.4,4,4,12.8,1299.12,"0"
9.2,17.6,68.4,4,4,12.8,1299.12,"0"
9.2,17.6,68.4,4,4,12.8,1299.12,"0"
9.2,17.6,68.4,4,4,12.8,1299.12,"0"
9.2,17.6,68.4,4,4,12.8,1299.12,"0"
9.2,17.6,68.4,4,4,12.8,1299.12,"0"
9.2,17.6,68.4,4,4,12.8,1299.12,"0"
9.2,17.6,68.4,4,4,12.8,1299.12,"0"
9.2,17.6,68.4,4,4,12.8,1299.12,"0"
9.2,17.6,68.4,4,4,12.8,1299.12,"0"
9.2,17.6,68.4,14,4,12.8,1622.12,"1"
9.2,17.6,68.4,14,4,12.8,1622.12,"1"
9.2,17.6,68.4,4,4,4.2,1251.82,"0"
9.2,17.6,68.4,14,4,4.2,1574.82,"1"
9.2,17.6,68.4,14,4,4.2,1574.82,"1"
9.2,17.6,68.4,9,4,4.2,1413.32,"0"
9.2,17.6,68.4,9,4,4.2,1413.32,"0"
9.2,17.6,68.4,4,4,4.2,1251.82,"0"
9.2,17.6,68.4,4,4,4.2,1251.82,"0"
9.2,17.6,68.4,4,4,4.2,1251.82,"0"
9.2,17.6,68.4,4,4,4.2,1251.82,"0"
9.2,17.6,68.4,4,4,4.2,1251.82,"0"
9.2,17.6,68.4,4,4,4.2,1251.82,"0"
9.2,17.6,68.4,4,4,4.2,1251.82,"0"
9.2,17.6,68.4,9,4,4.2,1413.32,"0"
9.2,17.6,68.4,9,4,4.2,1413.32,"0"
9.2,17.6,68.4,24,4,4.2,1897.82,"1"
9.2,17.6,68.4,14,4,4.2,1574.82,"1"
9.2,17.6,68.4,14,4,4.2,1574.82,"1"
9.2,17.6,68.4,9,4,4.2,1413.32,"0"
9.2,17.6,68.4,9,4,4.2,1413.32,"0"
9.2,17.6,68.4,14,4,4.2,1574.82,"1"
9.2,17.6,68.4,19,4,4.2,1736.32,"1"
9.2,17.6,68.4,19,4,4.2,1736.32,"1"
9.2,17.6,68.4,24,4,4.2,1897.82,"1"
9.2,17.6,68.4,24,4,4.2,1897.82,"1"
9.2,17.6,68.4,24,4,4.2,1897.82,"1"
9.2,17.6,68.4,19,4,4.2,1736.32,"1"
9.2,17.6,68.4,19,4,4.2,1736.32,"1"
9.2,17.6,68.4,14,4,4.2,1574.82,"1"
9.2,17.6,68.4,14,4,4.2,1574.82,"1"
9.2,17.6,68.4,14,4,4.2,1574.82,"1"
9.2,17.6,68.4,9,4,4.2,1413.32,"0"
9.2,17.6,68.4,14,4,4.2,1574.82,"1"
9.2,17.6,68.4,19,4,4.2,1736.32,"1"
9.2,17.6,68.4,9,19,12.8,1952.62,"1"
9.2,17.6,68.4,9,19,12.8,1952.62,"1"
9.2,17.6,68.4,14,4,4.2,1574.82,"1"
9.2,17.6,68.4,14,4,4.2,1574.82,"1"
9.2,17.6,68.4,9,4,12.8,1460.62,"1"
9.2,17.6,68.4,9,4,12.8,1460.62,"1"
9.2,17.6,68.4,9,4,12.8,1460.62,"1"
9.2,17.6,68.4,4,4,12.8,1299.12,"0"
9.2,17.6,68.4,14,4,12.8,1622.12,"1"
9.2,17.6,68.4,9,4,12.8,1460.62,"1"
9.2,17.6,68.4,9,4,12.8,1460.62,"1"
9.2,17.6,68.4,9,4,12.8,1460.62,"1"
9.2,17.6,68.4,14,4,12.8,1622.12,"1"
9.2,17.6,68.4,9,4,12.8,1460.62,"1"
9.2,17.6,68.4,14,4,12.8,1622.12,"1"
9.2,17.6,68.4,14,4,12.8,1622.12,"1"
9.2,17.6,68.4,19,14,12.8,2111.62,"1"
9.2,17.6,68.4,14,14,12.8,1950.12,"1"
9.2,17.6,68.4,14,14,12.8,1950.12,"1"
9.2,17.6,68.4,14,14,12.8,1950.12,"1"
9.2,17.6,68.4,19,9,12.8,1947.62,"1"
9.2,17.6,68.4,19,9,12.8,1947.62,"1"
9.2,17.6,68.4,19,9,12.8,1947.62,"1"
9.2,17.6,68.4,19,9,12.8,1947.62,"1"
9.2,17.6,68.4,19,9,12.8,1947.62,"1"
9.2,17.6,68.4,19,9,12.8,1947.62,"1"
9.2,17.6,68.4,19,9,12.8,1947.62,"1"
9.2,17.6,68.4,14,9,12.8,1786.12,"1"
9.2,17.6,68.4,19,9,12.8,1947.62,"1"
9.2,17.6,68.4,14,9,12.8,1786.12,"1"
9.2,17.6,68.4,14,9,12.8,1786.12,"1"
9.2,17.6,68.4,14,9,12.8,1786.12,"1"
9.2,17.6,68.4,14,9,12.8,1786.12,"1"
9.2,17.6,68.4,9,9,12.8,1624.62,"1"
9.2,17.6,68.4,9,9,12.8,1624.62,"1"
9.2,17.6,68.4,14,9,12.8,1786.12,"1"
9.2,17.6,68.4,9,9,12.8,1624.62,"1"
9.2,17.6,68.4,9,9,12.8,1624.62,"1"
9.2,17.6,68.4,9,9,12.8,1624.62,"1"
9.2,17.6,68.4,9,9,12.8,1624.62,"1"
9.2,17.6,68.4,14,9,12.8,1786.12,"1"
9.2,17.6,68.4,14,9,12.8,1786.12,"1"
9.2,17.6,68.4,19,9,12.8,1947.62,"1"
9.2,17.6,68.4,14,9,12.8,1786.12,"1"
9.2,17.6,68.4,19,9,12.8,1947.62,"1"
9.2,17.6,68.4,19,9,12.8,1947.62,"1"
9.2,17.6,68.4,14,9,12.8,1786.12,"1"
9.2,17.6,68.4,19,9,12.8,1947.62,"1"
9.2,17.6,68.4,19,9,12.8,1947.62,"1"
9.2,17.6,68.4,14,9,12.8,1786.12,"1"
9.2,17.6,68.4,14,9,12.8,1786.12,"1"
9.2,17.6,68.4,19,9,12.8,1947.62,"1"
9.2,17.6,68.4,19,9,12.8,1947.62,"1"
9.2,17.6,68.4,19,9,12.8,1947.62,"1"
9.2,17.6,68.4,19,9,12.8,1947.62,"1"
9.2,17.6,68.4,19,9,12.8,1947.62,"1"
9.2,17.6,68.4,14,9,12.8,1786.12,"1"
9.2,17.6,68.4,19,9,12.8,1947.62,"1"
9.2,17.6,68.4,19,9,12.8,1947.62,"1"
9.2,17.6,68.4,19,9,12.8,1947.62,"1"
9.2,17.6,68.4,19,9,12.8,1947.62,"1"
9.2,17.6,68.4,14,9,12.8,1786.12,"1"
9.2,17.6,68.4,14,9,12.8,1786.12,"1"
9.2,17.6,68.4,14,9,12.8,1786.12,"1"
9.2,17.6,68.4,14,9,12.8,1786.12,"1"
9.2,17.6,68.4,14,9,12.8,1786.12,"1"
9.2,17.6,68.4,14,9,12.8,1786.12,"1"
9.2,17.6,68.4,9,14,12.8,1788.62,"1"
9.2,17.6,68.4,9,9,12.8,1624.62,"1"
9.2,17.6,68.4,9,9,12.8,1624.62,"1"
9.2,17.6,68.4,9,9,12.8,1624.62,"1"
9.2,17.6,68.4,14,9,12.8,1786.12,"1"
9.2,17.6,68.4,19,9,12.8,1947.62,"1"
9.2,17.6,68.4,19,9,12.8,1947.62,"1"
9.2,17.6,68.4,19,9,12.8,1947.62,"1"
9.2,17.6,68.4,19,9,12.8,1947.62,"1"
9.2,17.6,68.4,24,4,12.8,1945.12,"1"
9.2,17.6,68.4,24,4,12.8,1945.12,"1"
9.2,17.6,68.4,24,4,12.8,1945.12,"1"
9.2,17.6,68.4,14,4,12.8,1622.12,"1"
9.2,17.6,68.4,19,4,12.8,1783.62,"1"
9.2,17.6,68.4,29,4,12.8,2106.62,"1"
9.2,17.6,68.4,19,4,12.8,1783.62,"1"
9.2,17.6,68.4,14,4,12.8,1622.12,"1"
9.2,17.6,68.4,19,4,12.8,1783.62,"1"
9.2,17.6,68.4,19,4,12.8,1783.62,"1"
9.2,17.6,68.4,19,4,12.8,1783.62,"1"
9.2,17.6,68.4,19,4,12.8,1783.62,"1"
9.2,17.6,68.4,19,4,12.8,1783.62,"1"
9.2,17.6,68.4,14,4,12.8,1622.12,"1"
9.2,17.6,68.4,14,4,12.8,1622.12,"1"
9.2,17.6,68.4,24,4,12.8,1945.12,"1"
9.2,17.6,68.4,24,4,12.8,1945.12,"1"
9.2,17.6,68.4,24,4,12.8,1945.12,"1"
9.2,17.6,68.4,19,4,12.8,1783.62,"1"
9.2,17.6,68.4,24,4,12.8,1945.12,"1"
9.2,17.6,68.4,24,4,12.8,1945.12,"1"
9.2,17.6,68.4,14,9,12.8,1786.12,"1"
9.2,17.6,68.4,19,4,12.8,1783.62,"1"
9.2,17.6,68.4,9,4,12.8,1460.62,"1"
9.2,17.6,68.4,9,4,12.8,1460.62,"1"
9.2,17.6,68.4,9,4,12.8,1460.62,"1"
9.2,17.6,68.4,9,4,12.8,1460.62,"1"
9.2,17.6,68.4,9,4,12.8,1460.62,"1"
9.2,17.6,68.4,14,4,12.8,1622.12,"1"
9.2,17.6,68.4,14,4,12.8,1622.12,"1"
9.2,17.6,68.4,14,4,12.8,1622.12,"1"
9.2,17.6,68.4,19,4,12.8,1783.62,"1"
9.2,17.6,68.4,14,4,12.8,1622.12,"1"
9.2,17.6,68.4,19,4,12.8,1783.62,"1"
9.2,17.6,68.4,19,4,12.8,1783.62,"1"
9.2,17.6,68.4,19,4,12.8,1783.62,"1"
9.2,17.6,68.4,19,4,12.8,1783.62,"1"
9.2,17.6,68.4,24,4,12.8,1945.12,"1"
9.2,17.6,68.4,24,4,12.8,1945.12,"1"
9.2,17.6,68.4,19,4,12.8,1783.62,"1"
9.2,17.6,68.4,24,9,12.8,2109.12,"1"
9.2,17.6,68.4,14,4,12.8,1622.12,"1"
9.2,17.6,68.4,29,4,12.8,2106.62,"1"
9.2,17.6,68.4,19,4,12.8,1783.62,"1"
9.2,17.6,68.4,14,9,4.2,1738.82,"1"
9.2,17.6,68.4,14,9,4.2,1738.82,"1"
9.2,17.6,68.4,14,9,4.2,1738.82,"1"
9.2,17.6,68.4,14,9,4.2,1738.82,"1"
9.2,17.6,68.4,14,9,4.2,1738.82,"1"
9.2,17.6,68.4,19,9,4.2,1900.32,"1"
9.2,17.6,68.4,19,9,4.2,1900.32,"1"
9.2,17.6,68.4,19,9,4.2,1900.32,"1"
9.2,17.6,68.4,9,9,4.2,1577.32,"1"
9.2,17.6,68.4,14,9,4.2,1738.82,"1"
9.2,17.6,68.4,14,9,4.2,1738.82,"1"
9.2,17.6,68.4,19,9,4.2,1900.32,"1"
9.2,17.6,68.4,14,9,4.2,1738.82,"1"
9.2,17.6,68.4,14,9,4.2,1738.82,"1"
9.2,17.6,68.4,14,9,4.2,1738.82,"1"
9.2,17.6,68.4,14,14,4.2,1902.82,"1"
9.2,17.6,68.4,14,14,4.2,1902.82,"1"
9.2,17.6,68.4,14,14,4.2,1902.82,"1"
9.2,17.6,68.4,19,14,4.2,2064.32,"1"
9.2,17.6,68.4,14,14,4.2,1902.82,"1"
9.2,17.6,68.4,14,14,4.2,1902.82,"1"
9.2,17.6,68.4,14,14,4.2,1902.82,"1"
9.2,17.6,68.4,14,14,4.2,1902.82,"1"
9.2,17.6,68.4,14,14,4.2,1902.82,"1"
9.2,17.6,68.4,14,14,4.2,1902.82,"1"
9.2,17.6,68.4,14,14,4.2,1902.82,"1"
9.2,17.6,68.4,14,14,4.2,1902.82,"1"
9.2,17.6,68.4,14,9,4.2,1738.82,"1"
9.2,17.6,68.4,19,9,12.8,1947.62,"1"
9.2,17.6,68.4,19,9,12.8,1947.62,"1"
9.2,17.6,68.4,19,9,12.8,1947.62,"1"
9.2,17.6,68.4,19,9,12.8,1947.62,"1"
9.2,17.6,68.4,19,9,12.8,1947.62,"1"
9.2,17.6,68.4,19,9,12.8,1947.62,"1"
9.2,17.6,68.4,24,9,12.8,2109.12,"1"
9.2,17.6,68.4,19,9,12.8,1947.62,"1"
9.2,17.6,68.4,19,9,12.8,1947.62,"1"
9.2,17.6,68.4,19,9,12.8,1947.62,"1"
9.2,17.6,68.4,19,9,12.8,1947.62,"1"
9.2,17.6,68.4,19,9,12.8,1947.62,"1"
9.2,17.6,68.4,14,9,12.8,1786.12,"1"
9.2,17.6,68.4,19,9,12.8,1947.62,"1"
9.2,17.6,68.4,19,9,12.8,1947.62,"1"
9.2,17.6,68.4,19,4,12.8,1783.62,"1"
9.2,17.6,68.4,29,19,12.8,2598.62,"1"
9.2,17.6,68.4,19,19,12.8,2275.62,"1"
9.2,17.6,68.4,19,19,12.8,2275.62,"1"
9.2,17.6,68.4,14,19,12.8,2114.12,"1"
9.2,17.6,68.4,19,19,12.8,2275.62,"1"
9.2,17.6,68.4,14,19,12.8,2114.12,"1"
9.2,17.6,68.4,14,19,12.8,2114.12,"1"
9.2,17.6,68.4,14,19,12.8,2114.12,"1"
9.2,17.6,68.4,19,4,12.8,1783.62,"1"
9.2,17.6,68.4,24,9,12.8,2109.12,"1"
9.2,17.6,68.4,24,9,12.8,2109.12,"1"
9.2,17.6,68.4,24,9,12.8,2109.12,"1"
9.2,17.6,68.4,24,9,12.8,2109.12,"1"
9.2,17.6,68.4,24,9,12.8,2109.12,"1"
9.2,17.6,68.4,4,4,12.8,1299.12,"0"
9.2,17.6,68.4,4,4,12.8,1299.12,"0"
9.2,17.6,68.4,4,4,12.8,1299.12,"0"
9.2,17.6,68.4,4,4,12.8,1299.12,"0"
9.2,17.6,68.4,4,4,12.8,1299.12,"0"
9.2,17.6,68.4,4,4,12.8,1299.12,"0"
9.2,17.6,68.4,4,4,12.8,1299.12,"0"
9.2,17.6,68.4,4,4,12.8,1299.12,"0"
9.2,17.6,68.4,4,4,12.8,1299.12,"0"
9.2,17.6,68.4,4,4,12.8,1299.12,"0"
9.2,17.6,68.4,29,4,4.2,2059.32,"1"
9.2,17.6,68.4,24,9,4.2,2061.82,"1"
9.2,17.6,68.4,24,9,4.2,2061.82,"1"
9.2,17.6,68.4,29,4,4.2,2059.32,"1"
9.2,17.6,68.4,4,4,12.8,1299.12,"0"
9.2,17.6,68.4,9,14,12.8,1788.62,"1"
9.2,17.6,68.4,9,14,12.8,1788.62,"1"
9.2,17.6,68.4,9,4,12.8,1460.62,"1"
9.2,17.6,22.6,4,24,16.1,1515.27,"1"
9.2,17.6,22.6,4,24,16.1,1515.27,"1"
9.2,17.6,22.6,4,24,16.1,1515.27,"1"
9.2,17.6,22.6,4,24,16.1,1515.27,"1"
9.2,17.6,22.6,9,19,16.1,1512.77,"1"
9.2,17.6,22.6,9,19,16.1,1512.77,"1"
9.2,17.6,22.6,14,14,16.1,1510.27,"1"
9.2,17.6,22.6,14,14,16.1,1510.27,"1"
9.2,17.6,22.6,14,14,16.1,1510.27,"1"
9.2,17.6,22.6,14,14,16.1,1510.27,"1"
9.2,17.6,22.6,24,14,16.1,1833.27,"1"
9.2,17.6,22.6,24,14,16.1,1833.27,"1"
9.2,17.6,22.6,24,14,16.1,1833.27,"1"
9.2,17.6,22.6,4,4,16.1,859.27,"0"
9.2,17.6,22.6,4,19,16.1,1351.27,"0"
9.2,17.6,22.6,4,19,16.1,1351.27,"0"
9.2,17.6,22.6,4,19,16.1,1351.27,"0"
9.2,17.6,22.6,4,19,16.1,1351.27,"0"
9.2,17.6,22.6,4,19,16.1,1351.27,"0"
9.2,17.6,22.6,4,24,16.1,1515.27,"1"
9.2,17.6,22.6,4,24,16.1,1515.27,"1"
9.2,17.6,22.6,4,19,16.1,1351.27,"0"
9.2,17.6,22.6,4,19,16.1,1351.27,"0"
9.2,17.6,22.6,4,4,16.1,859.27,"0"
9.2,17.6,22.6,9,4,16.1,1020.77,"0"
9.2,17.6,22.6,4,14,16.1,1187.27,"0"
9.2,17.6,22.6,4,14,16.1,1187.27,"0"
9.2,17.6,22.6,4,14,4.8,1125.12,"0"
9.2,17.6,22.6,9,9,16.1,1184.77,"0"
9.2,17.6,22.6,9,19,16.1,1512.77,"1"
9.2,17.6,22.6,4,19,16.1,1351.27,"0"
9.2,17.6,22.6,9,19,16.1,1512.77,"1"
9.2,17.6,22.6,9,19,16.1,1512.77,"1"
9.2,17.6,22.6,4,14,16.1,1187.27,"0"
9.2,17.6,22.6,4,19,16.1,1351.27,"0"
9.2,17.6,22.6,4,19,16.1,1351.27,"0"
9.2,17.6,22.6,4,14,16.1,1187.27,"0"
9.2,17.6,22.6,4,14,16.1,1187.27,"0"
9.2,17.6,22.6,4,14,16.1,1187.27,"0"
9.2,17.6,22.6,4,14,16.1,1187.27,"0"
9.2,17.6,22.6,4,14,16.1,1187.27,"0"
9.2,17.6,22.6,4,14,16.1,1187.27,"0"
9.2,17.6,22.6,4,14,16.1,1187.27,"0"
9.2,17.6,22.6,4,14,16.1,1187.27,"0"
9.2,17.6,22.6,4,14,16.1,1187.27,"0"
9.2,17.6,22.6,4,14,16.1,1187.27,"0"
9.2,17.6,22.6,4,14,16.1,1187.27,"0"
9.2,17.6,22.6,4,14,16.1,1187.27,"0"
9.2,17.6,22.6,4,14,16.1,1187.27,"0"
9.2,17.6,22.6,4,14,16.1,1187.27,"0"
9.2,17.6,22.6,4,14,16.1,1187.27,"0"
9.2,17.6,22.6,4,14,16.1,1187.27,"0"
9.2,17.6,22.6,4,14,16.1,1187.27,"0"
9.2,17.6,22.6,4,14,16.1,1187.27,"0"
9.2,17.6,22.6,4,14,16.1,1187.27,"0"
9.2,17.6,22.6,4,14,16.1,1187.27,"0"
9.2,17.6,22.6,4,14,16.1,1187.27,"0"
9.2,17.6,22.6,4,14,16.1,1187.27,"0"
9.2,17.6,22.6,4,14,16.1,1187.27,"0"
9.2,17.6,22.6,19,19,16.1,1835.77,"1"
9.2,17.6,22.6,19,19,16.1,1835.77,"1"
9.2,17.6,22.6,19,19,16.1,1835.77,"1"
9.2,17.6,22.6,9,24,16.1,1676.77,"1"
9.2,17.6,22.6,14,24,16.1,1838.27,"1"
9.2,17.6,22.6,19,24,16.1,1999.77,"1"
9.2,17.6,22.6,14,24,16.1,1838.27,"1"
9.2,17.6,22.6,29,24,16.1,2322.77,"1"
9.2,17.6,22.6,9,14,16.1,1348.77,"0"
9.2,17.6,22.6,14,14,16.1,1510.27,"1"
9.2,17.6,22.6,9,14,16.1,1348.77,"0"
9.2,17.6,22.6,9,14,16.1,1348.77,"0"
9.2,17.6,22.6,9,14,16.1,1348.77,"0"
9.2,17.6,22.6,14,14,16.1,1510.27,"1"
9.2,17.6,22.6,4,19,16.1,1351.27,"0"
9.2,17.6,22.6,4,19,16.1,1351.27,"0"
9.2,17.6,22.6,19,9,16.1,1507.77,"1"
9.2,17.6,22.6,9,9,16.1,1184.77,"0"
9.2,17.6,22.6,14,14,16.1,1510.27,"1"
9.2,17.6,22.6,4,24,16.1,1640.12,"1"
9.2,17.6,22.6,4,24,16.1,1679.27,"1"
9.2,17.6,22.6,4,9,16.1,1148.12,"0"
9.2,17.6,22.6,4,14,16.1,1187.27,"0"
9.2,17.6,22.6,14,24,16.1,1838.27,"1"
9.2,17.6,22.6,19,24,16.1,1999.77,"1"
9.2,17.6,22.6,14,24,16.1,1838.27,"1"
9.2,17.6,22.6,14,24,16.1,1838.27,"1"
9.2,17.6,22.6,29,24,16.1,2322.77,"1"
9.2,17.6,22.6,29,24,16.1,2322.77,"1"
9.2,17.6,22.6,29,24,16.1,2322.77,"1"
9.2,17.6,22.6,9,9,16.1,1184.77,"0"
9.2,17.6,22.6,9,9,16.1,1184.77,"0"
9.2,17.6,22.6,4,9,16.1,1023.27,"0"
9.2,17.6,22.6,9,9,16.1,1184.77,"0"
9.2,17.6,22.6,14,9,16.1,1346.27,"0"
9.2,17.6,22.6,4,14,16.1,1187.27,"0"
9.2,17.6,22.6,4,14,16.1,1187.27,"0"
9.2,17.6,22.6,4,9,16.1,1023.27,"0"
9.2,17.6,22.6,4,9,16.1,1023.27,"0"
9.2,17.6,22.6,9,9,16.1,1184.77,"0"
9.2,17.6,22.6,9,9,16.1,1184.77,"0"
9.2,17.6,22.6,9,9,16.1,1184.77,"0"
9.2,17.6,22.6,9,9,16.1,1184.77,"0"
9.2,17.6,22.6,9,9,16.1,1184.77,"0"
9.2,17.6,22.6,9,9,16.1,1184.77,"0"
9.2,17.6,22.6,9,9,16.1,1184.77,"0"
9.2,17.6,22.6,9,9,16.1,1184.77,"0"
9.2,17.6,22.6,9,9,16.1,1184.77,"0"
9.2,17.6,22.6,4,29,16.1,1679.27,"1"
9.2,17.6,22.6,4,29,16.1,1679.27,"1"
9.2,17.6,22.6,4,29,16.1,1679.27,"1"
9.2,17.6,22.6,4,29,16.1,1679.27,"1"
9.2,17.6,22.6,4,29,16.1,1679.27,"1"
9.2,17.6,22.6,4,29,16.1,1679.27,"1"
9.2,17.6,22.6,4,29,16.1,1679.27,"1"
9.2,17.6,22.6,9,24,38.8,1801.62,"1"
9.2,17.6,22.6,9,24,16.1,1676.77,"1"
9.2,17.6,22.6,9,24,38.8,1965.62,"1"
9.2,17.6,22.6,9,24,16.1,1676.77,"1"
9.2,17.6,22.6,4,24,16.1,1515.27,"1"
9.2,17.6,22.6,4,24,16.1,1515.27,"1"
9.2,17.6,22.6,4,24,16.1,1515.27,"1"
9.2,17.6,22.6,4,24,16.1,1515.27,"1"
9.2,17.6,22.6,4,24,16.1,1515.27,"1"
9.2,17.6,22.6,4,24,16.1,1515.27,"1"
9.2,17.6,22.6,4,24,16.1,1515.27,"1"
9.2,17.6,22.6,4,24,16.1,1515.27,"1"
9.2,17.6,22.6,4,24,16.1,1515.27,"1"
9.2,17.6,22.6,9,4,16.1,1020.77,"0"
9.2,17.6,22.6,9,4,16.1,1020.77,"0"
9.2,17.6,22.6,9,4,16.1,1020.77,"0"
9.2,17.6,22.6,9,4,16.1,1020.77,"0"
9.2,17.6,22.6,4,4,16.1,859.27,"0"
9.2,17.6,22.6,4,4,16.1,859.27,"0"
9.2,17.6,22.6,4,4,16.1,859.27,"0"
9.2,17.6,22.6,4,4,16.1,859.27,"0"
9.2,17.6,22.6,4,4,16.1,859.27,"0"
9.2,17.6,22.6,4,9,16.1,1023.27,"0"
9.2,17.6,22.6,4,9,16.1,1023.27,"0"
9.2,17.6,22.6,4,9,16.1,1023.27,"0"
9.2,17.6,22.6,4,9,16.1,1023.27,"0"
9.2,17.6,22.6,14,9,4.8,1284.12,"0"
9.2,17.6,22.6,24,9,4.8,1607.12,"1"
9.2,17.6,22.6,24,9,4.8,1607.12,"1"
9.2,17.6,22.6,9,9,4.8,1122.62,"0"
9.2,17.6,22.6,19,14,16.1,1671.77,"1"
9.2,17.6,22.6,24,14,16.1,1833.27,"1"
9.2,17.6,22.6,24,14,16.1,1833.27,"1"
9.2,17.6,22.6,24,14,16.1,1833.27,"1"
9.2,17.6,22.6,24,14,16.1,1833.27,"1"
9.2,17.6,22.6,24,4,16.1,1505.27,"1"
9.2,17.6,22.6,24,4,16.1,1505.27,"1"
9.2,17.6,22.6,24,4,16.1,1505.27,"1"
9.2,17.6,22.6,24,4,16.1,1505.27,"1"
9.2,17.6,22.6,24,14,16.1,1833.27,"1"
9.2,17.6,22.6,19,14,16.1,1671.77,"1"
9.2,17.6,22.6,14,14,16.1,1510.27,"1"
9.2,17.6,22.6,14,14,16.1,1510.27,"1"
9.2,17.6,22.6,14,14,16.1,1510.27,"1"
9.2,17.6,22.6,19,14,16.1,1671.77,"1"
9.2,17.6,22.6,19,14,16.1,1671.77,"1"
9.2,17.6,22.6,14,4,16.1,1182.27,"0"
9.2,17.6,22.6,24,4,16.1,1505.27,"1"
9.2,17.6,22.6,19,4,16.1,1343.77,"0"
9.2,17.6,22.6,19,4,16.1,1343.77,"0"
9.2,17.6,22.6,19,4,16.1,1343.77,"0"
9.2,17.6,22.6,19,4,16.1,1343.77,"0"
9.2,17.6,22.6,19,4,16.1,1343.77,"0"
9.2,17.6,22.6,19,4,16.1,1343.77,"0"
9.2,17.6,22.6,19,4,16.1,1343.77,"0"
9.2,17.6,22.6,19,4,16.1,1343.77,"0"
9.2,17.6,22.6,19,4,16.1,1343.77,"0"
9.2,17.6,22.6,19,4,16.1,1343.77,"0"
9.2,17.6,22.6,19,4,16.1,1343.77,"0"
9.2,17.6,22.6,14,14,16.1,1510.27,"1"
9.2,17.6,22.6,14,14,16.1,1510.27,"1"
9.2,17.6,22.6,14,14,16.1,1510.27,"1"
9.2,17.6,22.6,14,14,16.1,1510.27,"1"
9.2,17.6,22.6,14,14,16.1,1510.27,"1"
9.2,17.6,22.6,14,14,16.1,1510.27,"1"
9.2,17.6,22.6,4,9,16.1,1023.27,"0"
9.2,17.6,22.6,4,9,16.1,1023.27,"0"
9.2,17.6,22.6,14,9,16.1,1346.27,"0"
9.2,17.6,22.6,14,9,16.1,1346.27,"0"
9.2,17.6,22.6,9,9,16.1,1184.77,"0"
9.2,17.6,22.6,9,9,16.1,1184.77,"0"
9.2,17.6,22.6,9,9,16.1,1184.77,"0"
9.2,17.6,22.6,9,9,16.1,1184.77,"0"
9.2,17.6,22.6,19,9,16.1,1507.77,"1"
9.2,17.6,22.6,14,9,16.1,1346.27,"0"
9.2,17.6,22.6,24,9,16.1,1669.27,"1"
9.2,17.6,22.6,24,9,16.1,1669.27,"1"
9.2,17.6,22.6,14,9,16.1,1346.27,"0"
9.2,17.6,22.6,24,9,16.1,1669.27,"1"
9.2,17.6,22.6,19,9,16.1,1507.77,"1"
9.2,17.6,22.6,9,19,16.1,1512.77,"1"
9.2,17.6,22.6,4,19,16.1,1351.27,"0"
9.2,17.6,22.6,9,19,16.1,1512.77,"1"
9.2,17.6,22.6,4,19,16.1,1351.27,"0"
9.2,17.6,22.6,4,19,16.1,1351.27,"0"
9.2,17.6,22.6,4,19,16.1,1351.27,"0"
9.2,17.6,22.6,4,19,16.1,1351.27,"0"
9.2,17.6,22.6,4,19,16.1,1351.27,"0"
9.2,17.6,22.6,4,19,16.1,1351.27,"0"
9.2,17.6,22.6,4,19,16.1,1351.27,"0"
9.2,17.6,22.6,4,19,16.1,1351.27,"0"
9.2,17.6,22.6,4,14,16.1,1187.27,"0"
9.2,17.6,22.6,4,14,16.1,1187.27,"0"
9.2,17.6,22.6,4,14,16.1,1187.27,"0"
9.2,17.6,22.6,4,14,16.1,1187.27,"0"
9.2,17.6,22.6,4,14,16.1,1187.27,"0"
9.2,17.6,22.6,4,14,16.1,1187.27,"0"
9.2,17.6,22.6,4,14,16.1,1187.27,"0"
9.2,17.6,22.6,4,14,16.1,1187.27,"0"
9.2,17.6,22.6,4,14,16.1,1187.27,"0"
9.2,17.6,22.6,4,14,16.1,1187.27,"0"
9.2,17.6,22.6,4,9,16.1,1023.27,"0"
9.2,17.6,22.6,4,9,16.1,1023.27,"0"
9.2,17.6,22.6,9,19,16.1,1512.77,"1"
9.2,17.6,22.6,4,9,16.1,1023.27,"0"
9.2,17.6,22.6,4,9,16.1,1023.27,"0"
9.2,17.6,22.6,4,9,16.1,1023.27,"0"
9.2,17.6,22.6,14,9,16.1,1346.27,"0"
9.2,17.6,22.6,24,9,16.1,1669.27,"1"
9.2,17.6,22.6,19,9,16.1,1507.77,"1"
9.2,17.6,22.6,24,9,16.1,1669.27,"1"
9.2,17.6,22.6,19,9,16.1,1507.77,"1"
9.2,17.6,22.6,19,9,16.1,1507.77,"1"
9.2,17.6,22.6,24,9,16.1,1669.27,"1"
9.2,17.6,22.6,24,9,16.1,1669.27,"1"
9.2,17.6,22.6,19,9,16.1,1507.77,"1"
9.2,17.6,22.6,19,9,16.1,1507.77,"1"
9.2,17.6,22.6,14,9,16.1,1346.27,"0"
9.2,17.6,22.6,19,9,16.1,1507.77,"1"
9.2,17.6,22.6,24,9,16.1,1669.27,"1"
9.2,17.6,22.6,24,9,16.1,1669.27,"1"
9.2,17.6,22.6,24,9,16.1,1669.27,"1"
9.2,17.6,22.6,19,9,16.1,1507.77,"1"
9.2,17.6,22.6,19,9,16.1,1507.77,"1"
9.2,17.6,22.6,14,9,16.1,1346.27,"0"
9.2,17.6,22.6,19,9,16.1,1507.77,"1"
9.2,17.6,22.6,19,4,16.1,1343.77,"0"
9.2,17.6,22.6,19,4,16.1,1343.77,"0"
9.2,17.6,22.6,19,9,16.1,1507.77,"1"
9.2,17.6,22.6,19,9,16.1,1507.77,"1"
9.2,17.6,22.6,19,9,16.1,1507.77,"1"
9.2,17.6,22.6,19,9,16.1,1507.77,"1"
9.2,17.6,22.6,24,4,16.1,1505.27,"1"
9.2,17.6,22.6,14,9,16.1,1346.27,"0"
9.2,17.6,22.6,14,9,16.1,1346.27,"0"
9.2,17.6,22.6,14,9,16.1,1346.27,"0"
9.2,17.6,22.6,19,4,16.1,1343.77,"0"
9.2,17.6,22.6,14,4,16.1,1182.27,"0"
9.2,17.6,22.6,19,4,16.1,1343.77,"0"
9.2,17.6,22.6,24,4,16.1,1505.27,"1"
9.2,17.6,22.6,19,4,16.1,1343.77,"0"
9.2,17.6,22.6,19,4,16.1,1343.77,"0"
9.2,17.6,22.6,14,4,16.1,1182.27,"0"
9.2,17.6,22.6,24,4,16.1,1505.27,"1"
9.2,17.6,22.6,29,4,16.1,1666.77,"1"
9.2,17.6,22.6,19,4,16.1,1343.77,"0"
9.2,17.6,22.6,19,4,8.5,1301.97,"0"
9.2,17.6,22.6,14,4,8.5,1140.47,"0"
9.2,17.6,22.6,9,4,8.5,978.97,"0"
9.2,17.6,22.6,14,4,8.5,1140.47,"0"
9.2,17.6,22.6,4,24,38.8,1640.12,"1"
9.2,17.6,22.6,9,19,38.8,1637.62,"1"
9.2,17.6,22.6,9,19,38.8,1637.62,"1"
9.2,17.6,22.6,9,19,38.8,1637.62,"1"
9.2,17.6,22.6,9,19,38.8,1637.62,"1"
9.2,17.6,22.6,4,19,38.8,1476.12,"1"
9.2,17.6,22.6,4,19,38.8,1476.12,"1"
9.2,17.6,22.6,4,24,38.8,1640.12,"1"
9.2,17.6,22.6,4,24,38.8,1640.12,"1"
9.2,17.6,22.6,4,24,38.8,1640.12,"1"
9.2,17.6,22.6,4,24,38.8,1640.12,"1"
9.2,17.6,22.6,4,24,38.8,1640.12,"1"
9.2,17.6,22.6,4,24,38.8,1640.12,"1"
9.2,17.6,22.6,4,24,38.8,1640.12,"1"
9.2,17.6,22.6,4,24,38.8,1640.12,"1"
9.2,17.6,22.6,4,24,38.8,1640.12,"1"
9.2,17.6,22.6,4,19,38.8,1476.12,"1"
9.2,17.6,22.6,4,19,38.8,1476.12,"1"
9.2,17.6,22.6,4,19,38.8,1476.12,"1"
9.2,17.6,22.6,4,19,38.8,1476.12,"1"
9.2,17.6,22.6,4,19,38.8,1476.12,"1"
9.2,17.6,22.6,4,19,38.8,1476.12,"1"
9.2,17.6,22.6,4,19,38.8,1476.12,"1"
9.2,17.6,22.6,4,19,38.8,1476.12,"1"
9.2,17.6,22.6,4,19,38.8,1476.12,"1"
9.2,17.6,22.6,4,19,38.8,1476.12,"1"
9.2,17.6,22.6,4,19,38.8,1476.12,"1"
9.2,17.6,22.6,4,19,38.8,1476.12,"1"
9.2,17.6,22.6,4,19,38.8,1476.12,"1"
9.2,17.6,22.6,9,14,38.8,1473.62,"1"
9.2,17.6,22.6,14,4,38.8,1307.12,"0"
9.2,17.6,22.6,14,4,38.8,1307.12,"0"
9.2,17.6,22.6,19,4,38.8,1468.62,"1"
9.2,17.6,22.6,14,4,38.8,1307.12,"0"
9.2,17.6,22.6,14,4,38.8,1307.12,"0"
9.2,17.6,22.6,9,4,38.8,1145.62,"0"
9.2,17.6,22.6,4,4,38.8,984.12,"0"
9.2,17.6,22.6,4,4,38.8,984.12,"0"
9.2,17.6,22.6,4,19,38.8,1476.12,"1"
9.2,17.6,22.6,4,19,38.8,1476.12,"1"
9.2,17.6,22.6,4,19,38.8,1476.12,"1"
9.2,17.6,22.6,4,19,38.8,1476.12,"1"
9.2,17.6,22.6,4,19,38.8,1476.12,"1"
9.2,17.6,22.6,4,19,38.8,1476.12,"1"
9.2,17.6,22.6,4,19,38.8,1476.12,"1"
9.2,17.6,22.6,4,19,38.8,1476.12,"1"
9.2,17.6,22.6,4,19,38.8,1476.12,"1"
9.2,17.6,22.6,4,19,38.8,1476.12,"1"
9.2,17.6,22.6,9,19,38.8,1637.62,"1"
9.2,17.6,22.6,4,19,38.8,1476.12,"1"
9.2,17.6,22.6,4,19,38.8,1476.12,"1"
9.2,17.6,22.6,9,19,38.8,1637.62,"1"
9.2,17.6,22.6,4,19,38.8,1476.12,"1"
9.2,17.6,22.6,4,19,38.8,1476.12,"1"
9.2,17.6,22.6,4,19,38.8,1476.12,"1"
9.2,17.6,22.6,4,19,38.8,1476.12,"1"
9.2,17.6,22.6,4,19,38.8,1476.12,"1"
9.2,17.6,22.6,4,19,38.8,1476.12,"1"
9.2,17.6,22.6,4,19,38.8,1476.12,"1"
9.2,17.6,22.6,4,19,38.8,1476.12,"1"
9.2,17.6,22.6,4,19,38.8,1476.12,"1"
9.2,17.6,22.6,4,19,38.8,1476.12,"1"
9.2,17.6,22.6,4,19,38.8,1476.12,"1"
9.2,17.6,22.6,4,19,38.8,1476.12,"1"
9.2,17.6,22.6,14,19,38.8,1799.12,"1"
9.2,17.6,22.6,24,19,38.8,2122.12,"1"
9.2,17.6,22.6,14,14,38.8,1635.12,"1"
9.2,17.6,22.6,14,14,38.8,1635.12,"1"
9.2,17.6,22.6,9,14,38.8,1473.62,"1"
9.2,17.6,22.6,9,14,38.8,1473.62,"1"
9.2,17.6,22.6,14,14,38.8,1635.12,"1"
9.2,17.6,22.6,14,14,38.8,1635.12,"1"
9.2,17.6,22.6,14,14,38.8,1635.12,"1"
9.2,17.6,22.6,9,14,38.8,1473.62,"1"
9.2,17.6,22.6,14,14,38.8,1635.12,"1"
9.2,17.6,22.6,9,14,38.8,1473.62,"1"
9.2,17.6,22.6,14,14,38.8,1635.12,"1"
9.2,17.6,22.6,14,14,38.8,1635.12,"1"
9.2,17.6,22.6,14,14,38.8,1635.12,"1"
9.2,17.6,22.6,19,14,38.8,1796.62,"1"
9.2,17.6,22.6,14,14,38.8,1635.12,"1"
9.2,17.6,22.6,14,14,38.8,1635.12,"1"
9.2,17.6,22.6,14,14,38.8,1635.12,"1"
9.2,17.6,22.6,14,14,38.8,1635.12,"1"
9.2,17.6,22.6,14,4,38.8,1307.12,"0"
9.2,17.6,22.6,4,19,38.8,1476.12,"1"
9.2,17.6,22.6,4,19,38.8,1476.12,"1"
9.2,17.6,22.6,4,19,38.8,1476.12,"1"
9.2,17.6,22.6,4,19,38.8,1476.12,"1"
9.2,17.6,22.6,4,19,38.8,1476.12,"1"
9.2,17.6,22.6,4,19,38.8,1476.12,"1"
9.2,17.6,22.6,4,4,38.8,984.12,"0"
9.2,17.6,22.6,9,4,38.8,1145.62,"0"
9.2,17.6,22.6,9,4,38.8,1145.62,"0"
9.2,17.6,22.6,9,4,38.8,1145.62,"0"
9.2,17.6,22.6,9,4,38.8,1145.62,"0"
9.2,17.6,22.6,9,4,38.8,1145.62,"0"
9.2,17.6,22.6,9,4,38.8,1145.62,"0"
9.2,17.6,22.6,9,19,38.8,1637.62,"1"
9.2,17.6,22.6,9,4,38.8,1145.62,"0"
9.2,17.6,22.6,9,4,38.8,1145.62,"0"
9.2,17.6,22.6,14,4,38.8,1307.12,"0"
9.2,17.6,22.6,9,4,38.8,1145.62,"0"
9.2,17.6,22.6,14,4,38.8,1307.12,"0"
9.2,17.6,22.6,14,4,38.8,1307.12,"0"
9.2,17.6,22.6,14,4,38.8,1307.12,"0"
9.2,17.6,22.6,14,4,38.8,1307.12,"0"
9.2,17.6,22.6,14,4,38.8,1307.12,"0"
9.2,17.6,22.6,14,4,38.8,1307.12,"0"
9.2,17.6,22.6,14,4,38.8,1307.12,"0"
9.2,17.6,22.6,14,4,38.8,1307.12,"0"
9.2,17.6,22.6,14,4,38.8,1307.12,"0"
9.2,17.6,22.6,14,4,38.8,1307.12,"0"
9.2,17.6,22.6,9,4,38.8,1145.62,"0"
9.2,17.6,22.6,14,4,38.8,1307.12,"0"
9.2,17.6,22.6,14,4,38.8,1307.12,"0"
9.2,17.6,22.6,14,4,38.8,1307.12,"0"
9.2,17.6,22.6,14,4,38.8,1307.12,"0"
9.2,17.6,22.6,9,4,38.8,1145.62,"0"
9.2,17.6,22.6,9,4,38.8,1145.62,"0"
9.2,17.6,22.6,9,4,38.8,1145.62,"0"
9.2,17.6,22.6,9,4,38.8,1145.62,"0"
9.2,17.6,22.6,9,4,38.8,1145.62,"0"
9.2,17.6,22.6,9,4,38.8,1145.62,"0"
9.2,17.6,22.6,9,4,38.8,1145.62,"0"
9.2,17.6,22.6,9,4,38.8,1145.62,"0"
9.2,17.6,22.6,9,4,38.8,1145.62,"0"
9.2,17.6,22.6,9,4,38.8,1145.62,"0"
9.2,17.6,22.6,9,4,38.8,1145.62,"0"
9.2,17.6,22.6,4,4,38.8,984.12,"0"
9.2,17.6,22.6,9,4,38.8,1145.62,"0"
9.2,17.6,22.6,9,4,38.8,1145.62,"0"
9.2,17.6,22.6,9,4,38.8,1145.62,"0"
9.2,17.6,22.6,14,4,38.8,1307.12,"0"
9.2,17.6,22.6,14,4,38.8,1307.12,"0"
9.2,17.6,22.6,14,4,38.8,1307.12,"0"
9.2,17.6,22.6,14,4,38.8,1307.12,"0"
9.2,17.6,22.6,14,4,38.8,1307.12,"0"
9.2,17.6,22.6,14,4,38.8,1307.12,"0"
9.2,17.6,22.6,14,4,38.8,1307.12,"0"
9.2,17.6,22.6,14,4,38.8,1307.12,"0"
9.2,17.6,22.6,14,4,38.8,1307.12,"0"
9.2,17.6,22.6,14,4,38.8,1307.12,"0"
9.2,17.6,22.6,14,4,38.8,1307.12,"0"
9.2,17.6,22.6,14,4,38.8,1307.12,"0"
9.2,17.6,22.6,14,4,38.8,1307.12,"0"
9.2,17.6,22.6,9,19,38.8,1637.62,"1"
9.2,17.6,22.6,9,19,38.8,1637.62,"1"
9.2,17.6,22.6,4,4,38.8,984.12,"0"
9.2,17.6,22.6,9,14,38.8,1473.62,"1"
9.2,17.6,22.6,9,14,38.8,1473.62,"1"
9.2,17.6,22.6,14,4,38.8,1307.12,"0"
9.2,17.6,22.6,14,4,38.8,1307.12,"0"
9.2,17.6,22.6,4,19,38.8,1476.12,"1"
9.2,17.6,22.6,9,4,38.8,1145.62,"0"
9.2,17.6,22.6,4,4,38.8,984.12,"0"
9.2,17.6,22.6,4,4,38.8,984.12,"0"
9.2,17.6,22.6,9,4,38.8,1145.62,"0"
9.2,17.6,22.6,9,4,38.8,1145.62,"0"
9.2,17.6,22.6,4,4,38.8,984.12,"0"
9.2,17.6,22.6,4,4,38.8,984.12,"0"
9.2,17.6,22.6,4,4,38.8,984.12,"0"
9.2,17.6,22.6,4,4,38.8,984.12,"0"
9.2,17.6,22.6,9,4,38.8,1145.62,"0"
9.2,17.6,22.6,9,4,38.8,1145.62,"0"
9.2,17.6,22.6,4,19,38.8,1476.12,"1"
9.2,17.6,22.6,4,19,38.8,1476.12,"1"
9.2,17.6,22.6,4,19,38.8,1476.12,"1"
9.2,17.6,22.6,4,19,38.8,1476.12,"1"
9.2,17.6,22.6,4,19,38.8,1476.12,"1"
9.2,17.6,22.6,4,19,38.8,1476.12,"1"
9.2,17.6,22.6,4,19,38.8,1476.12,"1"
9.2,17.6,22.6,4,19,38.8,1476.12,"1"
9.2,17.6,22.6,4,19,38.8,1476.12,"1"
9.2,17.6,22.6,4,19,38.8,1476.12,"1"
9.2,17.6,22.6,4,19,38.8,1476.12,"1"
9.2,17.6,22.6,9,19,38.8,1637.62,"1"
9.2,17.6,22.6,4,19,38.8,1476.12,"1"
9.2,17.6,22.6,4,19,38.8,1476.12,"1"
9.2,17.6,22.6,4,19,38.8,1476.12,"1"
9.2,17.6,22.6,4,19,38.8,1476.12,"1"
9.2,17.6,22.6,4,19,38.8,1476.12,"1"
9.2,17.6,22.6,4,19,38.8,1476.12,"1"
9.2,17.6,22.6,4,19,38.8,1476.12,"1"
9.2,17.6,22.6,14,4,38.8,1307.12,"0"
9.2,17.6,22.6,14,4,38.8,1307.12,"0"
9.2,17.6,22.6,14,4,38.8,1307.12,"0"
9.2,17.6,22.6,14,4,38.8,1307.12,"0"
9.2,17.6,22.6,9,4,38.8,1145.62,"0"
9.2,17.6,22.6,4,4,38.8,984.12,"0"
9.2,17.6,22.6,4,4,38.8,984.12,"0"
9.2,17.6,22.6,9,4,38.8,1145.62,"0"
9.2,17.6,22.6,4,4,38.8,984.12,"0"
9.2,17.6,22.6,4,4,38.8,984.12,"0"
9.2,17.6,22.6,4,4,38.8,984.12,"0"
9.2,17.6,22.6,4,4,38.8,984.12,"0"
9.2,17.6,22.6,4,4,38.8,984.12,"0"
9.2,17.6,22.6,4,19,38.8,1476.12,"1"
9.2,17.6,22.6,4,19,38.8,1476.12,"1"
9.2,17.6,22.6,4,19,38.8,1476.12,"1"
9.2,17.6,22.6,4,19,38.8,1476.12,"1"
9.2,17.6,22.6,4,19,38.8,1476.12,"1"
9.2,17.6,22.6,4,19,38.8,1476.12,"1"
9.2,17.6,22.6,4,19,38.8,1476.12,"1"
9.2,17.6,22.6,4,19,38.8,1476.12,"1"
9.2,17.6,22.6,4,19,38.8,1476.12,"1"
9.2,17.6,22.6,4,19,38.8,1476.12,"1"
9.2,17.6,22.6,4,19,38.8,1476.12,"1"
9.2,17.6,22.6,4,19,38.8,1476.12,"1"
9.2,17.6,22.6,4,19,38.8,1476.12,"1"
9.2,17.6,22.6,4,19,38.8,1476.12,"1"
9.2,17.6,22.6,4,19,38.8,1476.12,"1"
9.2,17.6,22.6,4,19,38.8,1476.12,"1"
9.2,17.6,22.6,4,19,38.8,1476.12,"1"
9.2,17.6,22.6,4,19,38.8,1476.12,"1"
9.2,17.6,22.6,4,19,38.8,1476.12,"1"
9.2,17.6,22.6,4,19,38.8,1476.12,"1"
9.2,17.6,22.6,4,19,38.8,1476.12,"1"
9.2,17.6,22.6,4,19,38.8,1476.12,"1"
9.2,17.6,22.6,14,24,38.8,1963.12,"1"
9.2,17.6,22.6,9,19,38.8,1637.62,"1"
9.2,17.6,22.6,14,19,38.8,1799.12,"1"
9.2,17.6,22.6,9,19,38.8,1637.62,"1"
9.2,17.6,22.6,9,19,38.8,1637.62,"1"
9.2,17.6,22.6,9,19,38.8,1637.62,"1"
9.2,17.6,22.6,9,19,38.8,1637.62,"1"
9.2,17.6,22.6,9,19,38.8,1637.62,"1"
9.2,17.6,22.6,14,24,38.8,1963.12,"1"
9.2,17.6,22.6,14,24,38.8,1963.12,"1"
9.2,17.6,22.6,9,24,38.8,1801.62,"1"
9.2,17.6,22.6,19,4,38.8,1468.62,"1"
9.2,17.6,22.6,14,24,38.8,1963.12,"1"
9.2,17.6,22.6,14,24,38.8,1963.12,"1"
9.2,17.6,22.6,19,24,38.8,2124.62,"1"
9.2,17.6,22.6,19,24,38.8,2124.62,"1"
9.2,17.6,22.6,19,24,38.8,2124.62,"1"
9.2,17.6,22.6,19,24,38.8,2124.62,"1"
9.2,17.6,22.6,19,24,38.8,2124.62,"1"
9.2,17.6,22.6,19,4,38.8,1468.62,"1"
9.2,17.6,22.6,4,4,38.8,984.12,"0"
9.2,17.6,22.6,4,4,38.8,984.12,"0"
9.2,17.6,22.6,4,4,38.8,984.12,"0"
9.2,17.6,22.6,4,4,38.8,984.12,"0"
9.2,17.6,22.6,4,4,38.8,984.12,"0"
9.2,17.6,22.6,4,4,38.8,984.12,"0"
9.2,17.6,22.6,4,4,11.9,836.17,"0"
9.2,17.6,22.6,4,19,11.9,1328.17,"0"
9.2,17.6,22.6,4,19,11.9,1328.17,"0"
9.2,17.6,22.6,4,14,11.9,1164.17,"0"
9.2,17.6,22.6,4,14,11.9,1164.17,"0"
9.2,17.6,22.6,9,14,11.9,1325.67,"0"
9.2,17.6,22.6,9,14,11.9,1325.67,"0"
9.2,17.6,22.6,4,14,11.9,1164.17,"0"
9.2,17.6,22.6,4,14,11.9,1164.17,"0"
9.2,17.6,22.6,4,14,11.9,1164.17,"0"
9.2,17.6,22.6,4,4,11.9,836.17,"0"
9.2,17.6,22.6,4,4,11.9,836.17,"0"
9.2,17.6,22.6,4,4,11.9,836.17,"0"
9.2,17.6,22.6,4,14,11.9,1164.17,"0"
9.2,17.6,22.6,4,14,11.9,1164.17,"0"
9.2,17.6,22.6,9,14,11.9,1325.67,"0"
9.2,17.6,22.6,4,14,11.9,1164.17,"0"
9.2,17.6,22.6,4,14,11.9,1164.17,"0"
9.2,17.6,22.6,4,14,11.9,1164.17,"0"
9.2,17.6,22.6,4,14,11.9,1164.17,"0"
9.2,17.6,22.6,9,14,11.9,1325.67,"0"
9.2,17.6,22.6,9,14,11.9,1325.67,"0"
9.2,17.6,22.6,24,14,38.8,1958.12,"1"
9.2,17.6,22.6,14,14,38.8,1635.12,"1"
9.2,17.6,22.6,19,14,38.8,1796.62,"1"
9.2,17.6,22.6,14,14,38.8,1635.12,"1"
9.2,17.6,22.6,14,14,38.8,1635.12,"1"
9.2,17.6,22.6,14,14,38.8,1635.12,"1"
9.2,17.6,22.6,19,14,38.8,1796.62,"1"
9.2,17.6,22.6,14,14,38.8,1635.12,"1"
9.2,17.6,22.6,19,14,38.8,1796.62,"1"
9.2,17.6,22.6,19,14,38.8,1796.62,"1"
9.2,17.6,22.6,24,14,38.8,1958.12,"1"
9.2,17.6,22.6,9,4,38.8,1145.62,"0"
9.2,17.6,22.6,19,14,38.8,1796.62,"1"
9.2,17.6,22.6,19,14,38.8,1796.62,"1"
9.2,17.6,22.6,14,14,38.8,1635.12,"1"
9.2,17.6,22.6,14,14,38.8,1635.12,"1"
9.2,17.6,22.6,14,14,38.8,1635.12,"1"
9.2,17.6,22.6,14,4,38.8,1307.12,"0"
9.2,17.6,22.6,14,4,38.8,1307.12,"0"
9.2,17.6,22.6,9,4,38.8,1145.62,"0"
9.2,17.6,22.6,19,4,38.8,1468.62,"1"
9.2,17.6,22.6,24,4,38.8,1630.12,"1"
9.2,17.6,22.6,24,4,38.8,1630.12,"1"
9.2,17.6,22.6,19,4,38.8,1468.62,"1"
9.2,17.6,22.6,19,4,38.8,1468.62,"1"
9.2,17.6,22.6,19,4,38.8,1468.62,"1"
9.2,17.6,22.6,19,4,38.8,1468.62,"1"
9.2,17.6,22.6,19,4,38.8,1468.62,"1"
9.2,17.6,22.6,19,4,38.8,1468.62,"1"
9.2,17.6,22.6,24,4,38.8,1630.12,"1"
9.2,17.6,22.6,24,4,38.8,1630.12,"1"
9.2,17.6,22.6,19,4,38.8,1468.62,"1"
9.2,17.6,22.6,14,4,38.8,1307.12,"0"
9.2,17.6,22.6,14,4,38.8,1307.12,"0"
9.2,17.6,22.6,9,4,38.8,1145.62,"0"
9.2,17.6,22.6,9,4,38.8,1145.62,"0"
9.2,17.6,22.6,4,4,38.8,984.12,"0"
9.2,17.6,22.6,4,4,38.8,984.12,"0"
9.2,17.6,22.6,9,4,38.8,1145.62,"0"
9.2,17.6,22.6,9,4,38.8,1145.62,"0"
9.2,17.6,22.6,9,4,38.8,1145.62,"0"
9.2,17.6,22.6,14,4,38.8,1307.12,"0"
9.2,17.6,22.6,14,4,38.8,1307.12,"0"
9.2,17.6,22.6,19,4,38.8,1468.62,"1"
9.2,17.6,22.6,9,19,38.8,1637.62,"1"
9.2,17.6,22.6,14,19,38.8,1799.12,"1"
9.2,17.6,22.6,14,19,38.8,1799.12,"1"
9.2,17.6,22.6,19,19,38.8,1960.62,"1"
9.2,17.6,22.6,19,19,38.8,1960.62,"1"
9.2,17.6,22.6,19,19,38.8,1960.62,"1"
9.2,17.6,22.6,14,19,38.8,1799.12,"1"
9.2,17.6,22.6,19,19,38.8,1960.62,"1"
9.2,17.6,22.6,24,19,38.8,2122.12,"1"
9.2,17.6,22.6,14,19,38.8,1799.12,"1"
9.2,17.6,22.6,14,19,38.8,1799.12,"1"
9.2,17.6,22.6,14,19,38.8,1799.12,"1"
9.2,17.6,22.6,14,19,38.8,1799.12,"1"
9.2,17.6,22.6,19,19,38.8,1960.62,"1"
9.2,17.6,22.6,14,19,38.8,1799.12,"1"
9.2,17.6,22.6,14,19,38.8,1799.12,"1"
9.2,17.6,22.6,9,24,38.8,1801.62,"1"
9.2,17.6,22.6,4,19,38.8,1476.12,"1"
9.2,17.6,22.6,4,19,38.8,1476.12,"1"
9.2,17.6,22.6,4,19,38.8,1476.12,"1"
9.2,17.6,22.6,4,19,38.8,1476.12,"1"
9.2,17.6,22.6,4,19,38.8,1476.12,"1"
9.2,17.6,22.6,4,19,38.8,1476.12,"1"
9.2,17.6,22.6,4,19,38.8,1476.12,"1"
9.2,17.6,22.6,4,19,38.8,1476.12,"1"
9.2,17.6,22.6,4,19,38.8,1476.12,"1"
9.2,17.6,22.6,4,19,38.8,1476.12,"1"
9.2,17.6,22.6,4,19,38.8,1476.12,"1"
9.2,17.6,22.6,4,19,38.8,1476.12,"1"
9.2,17.6,22.6,4,19,38.8,1476.12,"1"
9.2,17.6,22.6,4,19,38.8,1476.12,"1"
9.2,17.6,22.6,4,19,38.8,1476.12,"1"
9.2,17.6,22.6,4,19,38.8,1476.12,"1"
9.2,17.6,22.6,4,19,38.8,1476.12,"1"
9.2,17.6,22.6,4,19,38.8,1476.12,"1"
9.2,17.6,22.6,4,19,38.8,1476.12,"1"
9.2,17.6,22.6,4,19,38.8,1476.12,"1"
9.2,17.6,22.6,4,19,38.8,1476.12,"1"
9.2,17.6,22.6,4,19,38.8,1476.12,"1"
9.2,17.6,22.6,4,19,38.8,1476.12,"1"
9.2,17.6,22.6,4,19,38.8,1476.12,"1"
9.2,17.6,22.6,4,19,38.8,1476.12,"1"
9.2,17.6,22.6,4,19,38.8,1476.12,"1"
9.2,17.6,22.6,4,19,38.8,1476.12,"1"
9.2,17.6,22.6,4,19,38.8,1476.12,"1"
9.2,17.6,22.6,4,19,38.8,1476.12,"1"
9.2,17.6,22.6,4,19,38.8,1476.12,"1"
9.2,17.6,22.6,4,19,38.8,1476.12,"1"
9.2,17.6,22.6,4,19,38.8,1476.12,"1"
9.2,17.6,22.6,9,19,38.8,1637.62,"1"
9.2,17.6,22.6,4,19,38.8,1476.12,"1"
9.2,17.6,22.6,4,19,38.8,1476.12,"1"
9.2,17.6,22.6,4,19,38.8,1476.12,"1"
9.2,17.6,22.6,4,19,38.8,1476.12,"1"
9.2,17.6,22.6,4,19,38.8,1476.12,"1"
9.2,17.6,22.6,4,19,38.8,1476.12,"1"
9.2,17.6,22.6,4,24,38.8,1640.12,"1"
9.2,17.6,22.6,4,4,38.8,984.12,"0"
9.2,17.6,22.6,4,4,38.8,984.12,"0"
9.2,17.6,22.6,4,4,38.8,984.12,"0"
9.2,17.6,22.6,4,4,38.8,984.12,"0"
9.2,17.6,22.6,4,4,38.8,984.12,"0"
9.2,17.6,22.6,4,4,38.8,984.12,"0"
9.2,17.6,22.6,4,4,38.8,984.12,"0"
9.2,17.6,22.6,4,4,38.8,984.12,"0"
9.2,17.6,22.6,4,4,38.8,984.12,"0"
9.2,17.6,22.6,4,4,38.8,984.12,"0"
9.2,17.6,22.6,4,4,38.8,984.12,"0"
9.2,17.6,22.6,4,4,38.8,984.12,"0"
9.2,17.6,22.6,4,4,38.8,984.12,"0"
9.2,17.6,22.6,4,4,38.8,984.12,"0"
9.2,17.6,22.6,4,4,38.8,984.12,"0"
9.2,17.6,22.6,4,4,38.8,984.12,"0"
9.2,17.6,22.6,4,4,38.8,984.12,"0"
9.2,17.6,22.6,4,4,38.8,984.12,"0"
9.2,17.6,22.6,4,4,38.8,984.12,"0"
9.2,17.6,22.6,4,4,38.8,984.12,"0"
9.2,17.6,22.6,4,4,38.8,984.12,"0"
9.2,17.6,22.6,4,19,38.8,1476.12,"1"
9.2,17.6,22.6,4,4,38.8,984.12,"0"
9.2,17.6,22.6,4,4,38.8,984.12,"0"
9.2,17.6,22.6,4,4,38.8,984.12,"0"
9.2,17.6,22.6,4,4,38.8,984.12,"0"
9.2,17.6,22.6,4,4,38.8,984.12,"0"
9.2,17.6,22.6,4,4,38.8,984.12,"0"
9.2,17.6,22.6,4,4,38.8,984.12,"0"
9.2,17.6,22.6,4,4,38.8,984.12,"0"
9.2,17.6,22.6,4,4,38.8,984.12,"0"
9.2,17.6,22.6,4,4,38.8,984.12,"0"
9.2,17.6,22.6,4,19,38.8,1476.12,"1"
9.2,17.6,22.6,4,19,38.8,1476.12,"1"
9.2,17.6,22.6,9,19,38.8,1637.62,"1"
9.2,17.6,22.6,4,19,38.8,1476.12,"1"
9.2,17.6,22.6,9,4,38.8,1145.62,"0"
9.2,17.6,22.6,9,4,38.8,1145.62,"0"
9.2,17.6,22.6,4,4,38.8,984.12,"0"
9.2,17.6,22.6,4,4,38.8,984.12,"0"
9.2,17.6,22.6,14,4,38.8,1307.12,"0"
9.2,17.6,22.6,14,4,38.8,1307.12,"0"
9.2,17.6,22.6,9,4,38.8,1145.62,"0"
9.2,17.6,22.6,9,4,38.8,1145.62,"0"
9.2,17.6,22.6,19,14,38.8,1796.62,"1"
9.2,17.6,22.6,19,4,38.8,1468.62,"1"
9.2,17.6,22.6,19,4,38.8,1468.62,"1"
9.2,17.6,22.6,24,14,38.8,1958.12,"1"
9.2,17.6,22.6,4,19,38.8,1476.12,"1"
9.2,17.6,22.6,4,4,38.8,984.12,"0"
9.2,17.6,22.6,9,4,38.8,1145.62,"0"
9.2,17.6,22.6,9,4,38.8,1145.62,"0"
9.2,17.6,22.6,9,4,38.8,1145.62,"0"
9.2,17.6,22.6,9,4,38.8,1145.62,"0"
9.2,17.6,22.6,9,4,38.8,1145.62,"0"
9.2,17.6,22.6,9,4,38.8,1145.62,"0"
9.2,17.6,22.6,9,4,38.8,1145.62,"0"
9.2,17.6,22.6,9,4,38.8,1145.62,"0"
9.2,17.6,22.6,9,4,38.8,1145.62,"0"
9.2,17.6,22.6,9,4,38.8,1145.62,"0"
9.2,17.6,22.6,9,4,38.8,1145.62,"0"
9.2,17.6,22.6,9,4,38.8,1145.62,"0"
9.2,17.6,22.6,9,4,38.8,1145.62,"0"
9.2,17.6,22.6,9,4,38.8,1145.62,"0"
9.2,17.6,22.6,9,4,38.8,1145.62,"0"
9.2,17.6,22.6,14,4,38.8,1307.12,"0"
9.2,17.6,22.6,9,4,38.8,1145.62,"0"
9.2,17.6,22.6,19,4,38.8,1468.62,"1"
9.2,17.6,22.6,4,4,38.8,984.12,"0"
9.2,17.6,22.6,4,4,38.8,984.12,"0"
9.2,17.6,22.6,9,4,38.8,1145.62,"0"
9.2,17.6,22.6,9,4,38.8,1145.62,"0"
9.2,17.6,22.6,9,4,38.8,1145.62,"0"
9.2,17.6,22.6,14,4,38.8,1307.12,"0"
9.2,17.6,22.6,9,4,38.8,1145.62,"0"
9.2,17.6,22.6,9,4,38.8,1145.62,"0"
9.2,17.6,22.6,9,4,38.8,1145.62,"0"
9.2,17.6,22.6,14,4,38.8,1307.12,"0"
9.2,17.6,22.6,14,4,38.8,1307.12,"0"
9.2,17.6,22.6,14,4,38.8,1307.12,"0"
9.2,17.6,22.6,14,4,38.8,1307.12,"0"
9.2,17.6,22.6,9,4,38.8,1145.62,"0"
9.2,17.6,22.6,14,4,38.8,1307.12,"0"
9.2,17.6,22.6,14,4,38.8,1307.12,"0"
9.2,17.6,22.6,24,9,38.8,1794.12,"1"
9.2,17.6,22.6,24,9,38.8,1794.12,"1"
9.2,17.6,22.6,19,9,38.8,1632.62,"1"
9.2,17.6,22.6,19,9,38.8,1632.62,"1"
9.2,17.6,22.6,14,4,38.8,1307.12,"0"
9.2,17.6,22.6,14,4,38.8,1307.12,"0"
9.2,17.6,22.6,14,4,38.8,1307.12,"0"
9.2,17.6,22.6,14,4,38.8,1307.12,"0"
9.2,17.6,22.6,14,4,38.8,1307.12,"0"
9.2,17.6,22.6,14,4,38.8,1307.12,"0"
9.2,17.6,22.6,14,4,38.8,1307.12,"0"
9.2,17.6,22.6,14,4,38.8,1307.12,"0"
9.2,17.6,22.6,9,4,38.8,1145.62,"0"
9.2,17.6,22.6,14,4,38.8,1307.12,"0"
9.2,17.6,22.6,4,4,38.8,984.12,"0"
9.2,17.6,22.6,4,4,38.8,984.12,"0"
9.2,17.6,22.6,4,4,38.8,984.12,"0"
9.2,17.6,22.6,4,4,38.8,984.12,"0"
9.2,17.6,22.6,4,4,38.8,984.12,"0"
9.2,17.6,22.6,4,4,38.8,984.12,"0"
9.2,17.6,22.6,4,4,38.8,984.12,"0"
9.2,17.6,22.6,4,4,38.8,984.12,"0"
9.2,17.6,22.6,4,4,38.8,984.12,"0"
9.2,17.6,22.6,4,4,38.8,984.12,"0"
9.2,17.6,22.6,14,9,38.8,1471.12,"1"
9.2,17.6,22.6,9,9,38.8,1309.62,"0"
9.2,17.6,22.6,4,9,38.8,1148.12,"0"
9.2,17.6,22.6,9,9,38.8,1309.62,"0"
9.2,17.6,22.6,9,4,38.8,1145.62,"0"
9.2,17.6,22.6,9,4,38.8,1145.62,"0"
9.2,17.6,22.6,4,4,38.8,984.12,"0"
9.2,17.6,22.6,4,4,38.8,984.12,"0"
9.2,17.6,22.6,4,4,38.8,984.12,"0"
9.2,17.6,22.6,4,4,38.8,984.12,"0"
9.2,17.6,22.6,4,4,38.8,984.12,"0"
9.2,17.6,22.6,4,4,38.8,984.12,"0"
9.2,17.6,22.6,4,4,38.8,984.12,"0"
9.2,17.6,22.6,9,4,38.8,1145.62,"0"
9.2,17.6,22.6,9,4,38.8,1145.62,"0"
9.2,17.6,22.6,9,4,38.8,1145.62,"0"
9.2,17.6,22.6,9,4,38.8,1145.62,"0"
9.2,17.6,22.6,9,4,38.8,1145.62,"0"
9.2,17.6,22.6,9,4,38.8,1145.62,"0"
9.2,17.6,22.6,9,4,38.8,1145.62,"0"
9.2,17.6,22.6,9,4,38.8,1145.62,"0"
9.2,17.6,22.6,9,4,38.8,1145.62,"0"
9.2,17.6,22.6,9,4,38.8,1145.62,"0"
9.2,17.6,22.6,9,4,38.8,1145.62,"0"
9.2,17.6,22.6,4,4,38.8,984.12,"0"
9.2,17.6,22.6,4,4,38.8,984.12,"0"
9.2,17.6,22.6,9,4,38.8,1145.62,"0"
9.2,17.6,22.6,9,4,38.8,1145.62,"0"
9.2,17.6,22.6,9,4,38.8,1145.62,"0"
9.2,17.6,22.6,9,4,38.8,1145.62,"0"
9.2,17.6,22.6,9,4,38.8,1145.62,"0"
9.2,17.6,22.6,14,4,38.8,1307.12,"0"
9.2,17.6,22.6,29,4,38.8,1791.62,"1"
9.2,17.6,22.6,24,4,38.8,1630.12,"1"
9.2,17.6,22.6,19,4,38.8,1468.62,"1"
9.2,17.6,22.6,19,4,38.8,1468.62,"1"
9.2,17.6,22.6,19,4,38.8,1468.62,"1"
9.2,17.6,22.6,24,4,38.8,1630.12,"1"
9.2,17.6,22.6,19,4,38.8,1468.62,"1"
9.2,17.6,22.6,19,4,38.8,1468.62,"1"
9.2,17.6,22.6,19,4,38.8,1468.62,"1"
9.2,17.6,22.6,19,4,38.8,1468.62,"1"
9.2,17.6,22.6,14,4,38.8,1307.12,"0"
9.2,17.6,22.6,9,4,38.8,1145.62,"0"
9.2,17.6,22.6,9,4,38.8,1145.62,"0"
9.2,17.6,22.6,9,4,38.8,1145.62,"0"
9.2,17.6,22.6,9,4,38.8,1145.62,"0"
9.2,17.6,22.6,14,4,38.8,1307.12,"0"
9.2,17.6,22.6,19,4,38.8,1468.62,"1"
9.2,17.6,22.6,14,4,38.8,1307.12,"0"
9.2,17.6,22.6,14,4,38.8,1307.12,"0"
9.2,17.6,22.6,14,4,38.8,1307.12,"0"
9.2,17.6,22.6,14,4,38.8,1307.12,"0"
9.2,17.6,22.6,9,4,38.8,1145.62,"0"
9.2,17.6,22.6,14,4,38.8,1307.12,"0"
9.2,17.6,22.6,14,4,38.8,1307.12,"0"
9.2,17.6,22.6,14,4,38.8,1307.12,"0"
9.2,17.6,22.6,9,4,38.8,1145.62,"0"
9.2,17.6,22.6,9,4,38.8,1145.62,"0"
9.2,17.6,22.6,9,4,38.8,1145.62,"0"
9.2,17.6,22.6,9,4,38.8,1145.62,"0"
9.2,17.6,22.6,9,4,38.8,1145.62,"0"
9.2,17.6,22.6,14,4,38.8,1307.12,"0"
9.2,17.6,22.6,14,4,38.8,1307.12,"0"
9.2,17.6,22.6,14,4,38.8,1307.12,"0"
9.2,17.6,22.6,14,4,38.8,1307.12,"0"
9.2,17.6,22.6,19,4,38.8,1468.62,"1"
9.2,17.6,22.6,19,4,38.8,1468.62,"1"
9.2,17.6,22.6,14,4,38.8,1307.12,"0"
9.2,17.6,22.6,14,4,38.8,1307.12,"0"
9.2,17.6,22.6,14,4,38.8,1307.12,"0"
9.2,17.6,22.6,19,4,38.8,1468.62,"1"
9.2,17.6,22.6,19,4,38.8,1468.62,"1"
9.2,17.6,22.6,19,4,38.8,1468.62,"1"
9.2,17.6,22.6,14,4,38.8,1307.12,"0"
9.2,17.6,22.6,9,4,38.8,1145.62,"0"
9.2,17.6,22.6,9,4,38.8,1145.62,"0"
9.2,17.6,22.6,9,4,38.8,1145.62,"0"
9.2,17.6,22.6,9,4,38.8,1145.62,"0"
9.2,17.6,22.6,9,4,38.8,1145.62,"0"
9.2,17.6,22.6,14,4,38.8,1307.12,"0"
9.2,17.6,22.6,19,4,38.8,1468.62,"1"
9.2,17.6,22.6,14,4,38.8,1307.12,"0"
9.2,17.6,22.6,14,4,38.8,1307.12,"0"
9.2,17.6,22.6,14,4,38.8,1307.12,"0"
9.2,17.6,22.6,19,4,38.8,1468.62,"1"
9.2,17.6,22.6,14,4,38.8,1307.12,"0"
9.2,17.6,22.6,14,4,38.8,1307.12,"0"
9.2,17.6,22.6,9,24,38.8,1801.62,"1"
9.2,17.6,22.6,9,24,38.8,1801.62,"1"
9.2,17.6,22.6,9,24,38.8,1801.62,"1"
9.2,17.6,22.6,14,24,38.8,1963.12,"1"
9.2,17.6,22.6,9,24,38.8,1801.62,"1"
9.2,17.6,22.6,4,24,38.8,1640.12,"1"
9.2,17.6,22.6,9,24,38.8,1801.62,"1"
9.2,17.6,22.6,14,24,38.8,1963.12,"1"
9.2,17.6,22.6,14,24,38.8,1963.12,"1"
9.2,17.6,22.6,14,24,38.8,1963.12,"1"
9.2,17.6,22.6,19,24,38.8,2124.62,"1"
9.2,17.6,22.6,19,24,38.8,2124.62,"1"
9.2,17.6,22.6,24,24,38.8,2286.12,"1"
9.2,17.6,22.6,29,24,38.8,2447.62,"1"
9.2,17.6,22.6,14,24,38.8,1963.12,"1"
9.2,17.6,22.6,19,24,38.8,2124.62,"1"
9.2,17.6,22.6,14,24,38.8,1963.12,"1"
9.2,17.6,22.6,14,24,38.8,1963.12,"1"
9.2,17.6,22.6,14,24,38.8,1963.12,"1"
9.2,17.6,22.6,14,24,38.8,1963.12,"1"
9.2,17.6,22.6,9,24,38.8,1801.62,"1"
9.2,17.6,22.6,9,24,38.8,1801.62,"1"
9.2,17.6,22.6,9,24,38.8,1801.62,"1"
9.2,17.6,22.6,4,24,38.8,1640.12,"1"
9.2,17.6,22.6,9,24,38.8,1801.62,"1"
9.2,17.6,22.6,4,24,38.8,1640.12,"1"
9.2,17.6,22.6,4,24,38.8,1640.12,"1"
9.2,17.6,22.6,4,24,38.8,1640.12,"1"
9.2,17.6,22.6,4,24,38.8,1640.12,"1"
9.2,17.6,22.6,4,24,38.8,1640.12,"1"
9.2,17.6,22.6,4,24,38.8,1640.12,"1"
9.2,17.6,22.6,4,24,38.8,1640.12,"1"
9.2,17.6,22.6,4,24,38.8,1640.12,"1"
9.2,17.6,22.6,4,24,38.8,1640.12,"1"
9.2,17.6,22.6,4,24,38.8,1640.12,"1"
9.2,17.6,22.6,4,24,38.8,1640.12,"1"
9.2,17.6,22.6,4,24,38.8,1640.12,"1"
9.2,17.6,22.6,4,24,38.8,1640.12,"1"
9.2,17.6,22.6,4,24,38.8,1640.12,"1"
9.2,17.6,22.6,4,24,38.8,1640.12,"1"
9.2,17.6,22.6,14,24,38.8,1963.12,"1"
9.2,17.6,22.6,14,24,38.8,1963.12,"1"
9.2,17.6,22.6,14,24,38.8,1963.12,"1"
9.2,17.6,22.6,4,19,11.9,1328.17,"0"
9.2,17.6,22.6,9,19,11.9,1489.67,"1"
9.2,17.6,22.6,4,19,11.9,1328.17,"0"
9.2,17.6,22.6,4,19,11.9,1328.17,"0"
9.2,17.6,22.6,4,19,11.9,1328.17,"0"
9.2,17.6,22.6,4,19,11.9,1328.17,"0"
9.2,17.6,22.6,4,19,11.9,1328.17,"0"
9.2,17.6,22.6,4,19,11.9,1328.17,"0"
9.2,17.6,22.6,4,19,11.9,1328.17,"0"
9.2,17.6,22.6,4,19,11.9,1328.17,"0"
9.2,17.6,22.6,4,19,11.9,1328.17,"0"
9.2,17.6,22.6,4,19,38.8,1476.12,"1"
9.2,17.6,22.6,4,24,38.8,1640.12,"1"
9.2,17.6,22.6,9,24,38.8,1801.62,"1"
9.2,17.6,22.6,4,4,38.8,984.12,"0"
9.2,17.6,22.6,4,4,38.8,984.12,"0"
9.2,17.6,22.6,4,14,38.8,1312.12,"0"
9.2,17.6,22.6,9,14,38.8,1473.62,"1"
9.2,17.6,22.6,9,14,38.8,1473.62,"1"
9.2,17.6,22.6,9,14,38.8,1473.62,"1"
9.2,17.6,22.6,4,14,38.8,1312.12,"0"
9.2,17.6,22.6,4,14,38.8,1312.12,"0"
9.2,17.6,22.6,14,4,38.8,1307.12,"0"
9.2,17.6,22.6,19,4,38.8,1468.62,"1"
9.2,17.6,22.6,19,4,38.8,1468.62,"1"
9.2,17.6,22.6,19,4,38.8,1468.62,"1"
9.2,17.6,22.6,14,4,38.8,1307.12,"0"
9.2,17.6,22.6,19,4,38.8,1468.62,"1"
9.2,17.6,22.6,14,4,38.8,1307.12,"0"
9.2,17.6,22.6,14,4,38.8,1307.12,"0"
9.2,17.6,22.6,14,4,38.8,1307.12,"0"
9.2,17.6,22.6,14,4,38.8,1307.12,"0"
9.2,17.6,22.6,14,4,38.8,1307.12,"0"
9.2,17.6,22.6,14,4,38.8,1307.12,"0"
9.2,17.6,22.6,19,4,38.8,1468.62,"1"
9.2,17.6,22.6,19,4,38.8,1468.62,"1"
9.2,17.6,22.6,14,4,38.8,1307.12,"0"
9.2,17.6,22.6,14,4,38.8,1307.12,"0"
9.2,17.6,22.6,14,4,38.8,1307.12,"0"
9.2,17.6,22.6,19,4,38.8,1468.62,"1"
9.2,17.6,22.6,14,4,38.8,1307.12,"0"
9.2,17.6,22.6,14,4,38.8,1307.12,"0"
9.2,17.6,22.6,9,9,38.8,1309.62,"0"
9.2,17.6,22.6,14,9,38.8,1471.12,"1"
9.2,17.6,22.6,19,9,38.8,1632.62,"1"
9.2,17.6,22.6,19,9,38.8,1632.62,"1"
9.2,17.6,22.6,9,9,38.8,1309.62,"0"
9.2,17.6,22.6,9,9,38.8,1309.62,"0"
9.2,17.6,22.6,14,9,38.8,1471.12,"1"
9.2,17.6,22.6,9,9,38.8,1309.62,"0"
9.2,17.6,22.6,14,9,38.8,1471.12,"1"
9.2,17.6,22.6,4,9,38.8,1148.12,"0"
9.2,17.6,22.6,4,9,38.8,1148.12,"0"
9.2,17.6,22.6,14,9,38.8,1471.12,"1"
9.2,17.6,22.6,9,9,38.8,1309.62,"0"
9.2,17.6,22.6,4,9,38.8,1148.12,"0"
9.2,17.6,22.6,4,9,38.8,1148.12,"0"
9.2,17.6,22.6,4,9,38.8,1148.12,"0"
9.2,17.6,22.6,4,9,38.8,1148.12,"0"
9.2,17.6,22.6,14,9,38.8,1471.12,"1"
9.2,17.6,22.6,14,9,38.8,1471.12,"1"
9.2,17.6,22.6,14,9,38.8,1471.12,"1"
9.2,17.6,22.6,14,19,38.8,1799.12,"1"
9.2,17.6,22.6,4,19,38.8,1476.12,"1"
9.2,17.6,22.6,4,19,38.8,1476.12,"1"
9.2,17.6,22.6,9,19,38.8,1637.62,"1"
9.2,17.6,22.6,4,4,38.8,984.12,"0"
9.2,17.6,22.6,9,19,38.8,1637.62,"1"
9.2,17.6,22.6,9,19,38.8,1637.62,"1"
9.2,17.6,22.6,9,19,38.8,1637.62,"1"
9.2,17.6,22.6,9,14,38.8,1473.62,"1"
9.2,17.6,22.6,9,14,38.8,1473.62,"1"
9.2,17.6,22.6,9,14,38.8,1473.62,"1"
9.2,17.6,22.6,9,14,38.8,1473.62,"1"
9.2,17.6,22.6,9,14,38.8,1473.62,"1"
9.2,17.6,22.6,9,14,38.8,1473.62,"1"
9.2,17.6,22.6,9,14,38.8,1473.62,"1"
9.2,17.6,22.6,4,14,38.8,1312.12,"0"
9.2,17.6,22.6,9,14,38.8,1473.62,"1"
9.2,17.6,22.6,4,14,38.8,1312.12,"0"
9.2,17.6,22.6,4,14,38.8,1312.12,"0"
9.2,17.6,22.6,9,14,38.8,1473.62,"1"
9.2,17.6,22.6,4,14,38.8,1312.12,"0"
9.2,17.6,22.6,9,14,38.8,1473.62,"1"
9.2,17.6,22.6,14,14,38.8,1635.12,"1"
9.2,17.6,22.6,14,14,38.8,1635.12,"1"
9.2,17.6,22.6,9,14,38.8,1473.62,"1"
9.2,17.6,22.6,4,4,38.8,984.12,"0"
9.2,17.6,22.6,4,4,38.8,984.12,"0"
9.2,17.6,22.6,4,4,38.8,984.12,"0"
9.2,17.6,22.6,4,4,38.8,984.12,"0"
9.2,17.6,22.6,4,4,38.8,984.12,"0"
9.2,17.6,22.6,4,4,38.8,984.12,"0"
9.2,17.6,22.6,24,4,38.8,1630.12,"1"
9.2,17.6,22.6,24,4,38.8,1630.12,"1"
9.2,17.6,22.6,9,4,38.8,1145.62,"0"
9.2,17.6,22.6,9,4,38.8,1145.62,"0"
9.2,17.6,22.6,9,4,38.8,1145.62,"0"
9.2,17.6,22.6,24,4,38.8,1630.12,"1"
9.2,17.6,22.6,24,4,38.8,1630.12,"1"
9.2,17.6,22.6,9,4,38.8,1145.62,"0"
9.2,17.6,22.6,24,4,38.8,1630.12,"1"
9.2,17.6,22.6,9,4,38.8,1145.62,"0"
9.2,17.6,22.6,4,4,11.9,836.17,"0"
9.2,17.6,22.6,4,14,11.9,1164.17,"0"
9.2,17.6,22.6,4,14,11.9,1164.17,"0"
9.2,17.6,22.6,4,14,11.9,1164.17,"0"
9.2,17.6,22.6,4,14,11.9,1164.17,"0"
9.2,17.6,22.6,4,14,11.9,1164.17,"0"
9.2,17.6,22.6,4,14,11.9,1164.17,"0"
9.2,17.6,22.6,4,14,11.9,1164.17,"0"
9.2,17.6,22.6,4,14,11.9,1164.17,"0"
9.2,17.6,22.6,4,14,11.9,1164.17,"0"
9.2,17.6,22.6,4,14,11.9,1164.17,"0"
9.2,17.6,22.6,4,14,11.9,1164.17,"0"
9.2,17.6,22.6,4,14,11.9,1164.17,"0"
9.2,17.6,22.6,4,14,11.9,1164.17,"0"
9.2,17.6,22.6,4,14,11.9,1164.17,"0"
9.2,17.6,22.6,4,14,11.9,1164.17,"0"
9.2,17.6,22.6,4,4,11.9,836.17,"0"
9.2,17.6,22.6,14,9,38.8,1471.12,"1"
9.2,17.6,22.6,14,9,38.8,1471.12,"1"
9.2,17.6,22.6,9,9,38.8,1309.62,"0"
9.2,17.6,22.6,14,9,38.8,1471.12,"1"
9.2,17.6,22.6,4,14,38.8,1312.12,"0"
9.2,17.6,22.6,4,14,38.8,1312.12,"0"
9.2,17.6,22.6,4,14,38.8,1312.12,"0"
9.2,17.6,22.6,4,14,38.8,1312.12,"0"
9.2,17.6,22.6,4,14,38.8,1312.12,"0"
9.2,17.6,22.6,4,14,38.8,1312.12,"0"
9.2,17.6,22.6,4,14,38.8,1312.12,"0"
9.2,17.6,22.6,4,14,38.8,1312.12,"0"
9.2,17.6,22.6,4,14,38.8,1312.12,"0"
9.2,17.6,22.6,4,14,38.8,1312.12,"0"
9.2,17.6,22.6,4,14,38.8,1312.12,"0"
9.2,17.6,22.6,4,14,38.8,1312.12,"0"
9.2,17.6,22.6,14,9,38.8,1471.12,"1"
9.2,17.6,22.6,14,9,38.8,1471.12,"1"
9.2,17.6,22.6,14,9,38.8,1471.12,"1"
9.2,17.6,22.6,19,9,38.8,1632.62,"1"
9.2,17.6,22.6,19,9,38.8,1632.62,"1"
9.2,17.6,22.6,14,9,38.8,1471.12,"1"
9.2,17.6,22.6,14,9,38.8,1471.12,"1"
9.2,17.6,22.6,14,9,38.8,1471.12,"1"
9.2,17.6,22.6,9,9,38.8,1309.62,"0"
9.2,17.6,22.6,14,9,38.8,1471.12,"1"
9.2,17.6,22.6,14,9,38.8,1471.12,"1"
9.2,17.6,22.6,9,9,38.8,1309.62,"0"
9.2,17.6,22.6,14,9,38.8,1471.12,"1"
9.2,17.6,22.6,14,9,38.8,1471.12,"1"
9.2,17.6,22.6,14,9,38.8,1471.12,"1"
9.2,17.6,22.6,14,9,38.8,1471.12,"1"
9.2,17.6,22.6,9,9,38.8,1309.62,"0"
9.2,17.6,22.6,14,9,38.8,1471.12,"1"
9.2,17.6,22.6,14,9,38.8,1471.12,"1"
9.2,17.6,22.6,14,9,38.8,1471.12,"1"
9.2,17.6,22.6,14,9,38.8,1471.12,"1"
9.2,17.6,22.6,14,9,38.8,1471.12,"1"
9.2,17.6,22.6,14,9,38.8,1471.12,"1"
9.2,17.6,22.6,14,9,38.8,1471.12,"1"
9.2,17.6,22.6,4,14,38.8,1312.12,"0"
9.2,17.6,22.6,9,14,38.8,1473.62,"1"
9.2,17.6,22.6,9,14,38.8,1473.62,"1"
9.2,17.6,22.6,4,14,38.8,1312.12,"0"
9.2,17.6,22.6,4,14,38.8,1312.12,"0"
9.2,17.6,22.6,4,14,38.8,1312.12,"0"
9.2,17.6,22.6,4,14,38.8,1312.12,"0"
9.2,17.6,22.6,9,4,11.9,997.67,"0"
9.2,17.6,22.6,9,9,11.9,1161.67,"0"
9.2,17.6,22.6,9,9,11.9,1161.67,"0"
9.2,17.6,22.6,9,14,11.9,1325.67,"0"
9.2,17.6,22.6,14,14,11.9,1487.17,"1"
9.2,17.6,22.6,14,14,11.9,1487.17,"1"
9.2,17.6,22.6,9,4,38.8,1145.62,"0"
9.2,17.6,22.6,9,14,38.8,1473.62,"1"
9.2,17.6,22.6,4,14,38.8,1312.12,"0"
9.2,17.6,22.6,4,14,38.8,1312.12,"0"
9.2,17.6,22.6,4,14,38.8,1312.12,"0"
9.2,17.6,22.6,4,14,38.8,1312.12,"0"
9.2,17.6,22.6,9,14,38.8,1473.62,"1"
9.2,17.6,22.6,9,14,38.8,1473.62,"1"
9.2,17.6,22.6,9,14,38.8,1473.62,"1"
9.2,17.6,22.6,4,14,38.8,1312.12,"0"
9.2,17.6,22.6,4,14,38.8,1312.12,"0"
9.2,17.6,22.6,4,14,38.8,1312.12,"0"
9.2,17.6,22.6,4,14,38.8,1312.12,"0"
9.2,17.6,22.6,4,14,38.8,1312.12,"0"
9.2,17.6,22.6,4,14,38.8,1312.12,"0"
9.2,17.6,22.6,4,14,38.8,1312.12,"0"
9.2,17.6,22.6,4,14,38.8,1312.12,"0"
9.2,17.6,22.6,9,14,38.8,1473.62,"1"
9.2,17.6,22.6,9,14,38.8,1473.62,"1"
9.2,17.6,22.6,9,14,38.8,1473.62,"1"
9.2,17.6,22.6,9,14,38.8,1473.62,"1"
9.2,17.6,22.6,9,14,38.8,1473.62,"1"
9.2,17.6,22.6,9,14,38.8,1473.62,"1"
9.2,17.6,22.6,9,14,38.8,1473.62,"1"
9.2,17.6,22.6,4,14,38.8,1312.12,"0"
9.2,17.6,22.6,4,14,38.8,1312.12,"0"
9.2,17.6,22.6,4,14,38.8,1312.12,"0"
9.2,17.6,22.6,9,14,38.8,1473.62,"1"
9.2,17.6,22.6,9,14,38.8,1473.62,"1"
9.2,17.6,22.6,9,14,38.8,1473.62,"1"
9.2,17.6,22.6,4,14,38.8,1312.12,"0"
9.2,17.6,22.6,4,14,38.8,1312.12,"0"
9.2,17.6,22.6,4,14,38.8,1312.12,"0"
9.2,17.6,22.6,4,14,38.8,1312.12,"0"
9.2,17.6,22.6,4,14,38.8,1312.12,"0"
9.2,17.6,22.6,4,4,38.8,984.12,"0"
9.2,17.6,22.6,14,9,38.8,1471.12,"1"
9.2,17.6,22.6,14,9,38.8,1471.12,"1"
9.2,17.6,22.6,14,9,38.8,1471.12,"1"
9.2,17.6,22.6,9,9,38.8,1309.62,"0"
9.2,17.6,22.6,9,9,38.8,1309.62,"0"
9.2,17.6,22.6,9,9,38.8,1309.62,"0"
9.2,17.6,22.6,14,9,38.8,1471.12,"1"
9.2,17.6,22.6,14,9,38.8,1471.12,"1"
9.2,17.6,22.6,14,4,38.8,1307.12,"0"
9.2,17.6,22.6,9,14,38.8,1473.62,"1"
9.2,17.6,22.6,9,4,38.8,1145.62,"0"
9.2,17.6,22.6,9,14,38.8,1473.62,"1"
9.2,17.6,22.6,9,14,38.8,1473.62,"1"
9.2,17.6,22.6,4,14,38.8,1312.12,"0"
9.2,17.6,22.6,4,14,38.8,1312.12,"0"
9.2,17.6,22.6,29,4,38.8,1791.62,"1"
9.2,17.6,22.6,9,14,38.8,1473.62,"1"
9.2,17.6,22.6,9,14,38.8,1473.62,"1"
9.2,17.6,22.6,24,4,38.8,1630.12,"1"
9.2,17.6,22.6,4,14,11.9,1164.17,"0"
9.2,17.6,22.6,4,14,11.9,1164.17,"0"
9.2,17.6,22.6,4,14,11.9,1164.17,"0"
9.2,17.6,22.6,4,14,11.9,1164.17,"0"
9.2,17.6,22.6,4,14,11.9,1164.17,"0"
9.2,17.6,22.6,4,14,11.9,1164.17,"0"
9.2,17.6,22.6,4,14,11.9,1164.17,"0"
9.2,17.6,22.6,4,14,11.9,1164.17,"0"
9.2,17.6,22.6,9,14,38.8,1473.62,"1"
9.2,17.6,22.6,4,14,38.8,1312.12,"0"
9.2,17.6,22.6,4,14,38.8,1312.12,"0"
9.2,17.6,22.6,4,14,38.8,1312.12,"0"
9.2,17.6,22.6,4,14,38.8,1312.12,"0"
9.2,17.6,22.6,4,14,38.8,1312.12,"0"
9.2,17.6,22.6,4,14,38.8,1312.12,"0"
9.2,17.6,22.6,4,14,38.8,1312.12,"0"
9.2,17.6,22.6,4,14,38.8,1312.12,"0"
9.2,17.6,22.6,4,14,38.8,1312.12,"0"
9.2,17.6,22.6,4,14,38.8,1312.12,"0"
9.2,17.6,22.6,4,14,38.8,1312.12,"0"
9.2,17.6,22.6,4,14,38.8,1312.12,"0"
9.2,17.6,22.6,4,14,38.8,1312.12,"0"
9.2,17.6,22.6,9,14,38.8,1473.62,"1"
9.2,17.6,22.6,9,14,38.8,1473.62,"1"
9.2,17.6,22.6,4,14,11.9,1164.17,"0"
9.2,17.6,22.6,4,14,11.9,1164.17,"0"
9.2,17.6,22.6,4,14,11.9,1164.17,"0"
9.2,17.6,22.6,4,14,11.9,1164.17,"0"
9.2,17.6,22.6,9,14,11.9,1325.67,"0"
9.2,17.6,22.6,9,14,11.9,1325.67,"0"
9.2,17.6,22.6,9,14,11.9,1325.67,"0"
9.2,17.6,22.6,9,14,11.9,1325.67,"0"
9.2,17.6,22.6,9,14,11.9,1325.67,"0"
9.2,17.6,22.6,9,14,11.9,1325.67,"0"
9.2,17.6,22.6,9,14,11.9,1325.67,"0"
9.2,17.6,22.6,9,14,11.9,1325.67,"0"
9.2,17.6,22.6,9,14,11.9,1325.67,"0"
9.2,17.6,22.6,9,14,11.9,1325.67,"0"
9.2,17.6,22.6,4,14,11.9,1164.17,"0"
9.2,17.6,22.6,4,14,11.9,1164.17,"0"
9.2,17.6,22.6,4,14,11.9,1164.17,"0"
9.2,17.6,22.6,4,14,11.9,1164.17,"0"
9.2,17.6,22.6,4,14,11.9,1164.17,"0"
9.2,17.6,22.6,9,14,11.9,1325.67,"0"
9.2,17.6,22.6,4,14,11.9,1164.17,"0"
9.2,17.6,22.6,9,14,11.9,1325.67,"0"
9.2,17.6,22.6,9,4,11.9,997.67,"0"
9.2,17.6,22.6,9,4,11.9,997.67,"0"
9.2,17.6,22.6,9,4,11.9,997.67,"0"
9.2,17.6,22.6,9,9,11.9,1161.67,"0"
9.2,17.6,22.6,9,9,11.9,1161.67,"0"
9.2,17.6,22.6,9,9,11.9,1161.67,"0"
9.2,17.6,22.6,9,9,11.9,1161.67,"0"
9.2,17.6,22.6,9,9,11.9,1161.67,"0"
9.2,17.6,22.6,9,9,11.9,1161.67,"0"
9.2,17.6,22.6,9,9,11.9,1161.67,"0"
9.2,17.6,22.6,9,9,11.9,1161.67,"0"
9.2,17.6,22.6,9,4,11.9,997.67,"0"
9.2,17.6,22.6,9,14,38.8,1473.62,"1"
9.2,17.6,22.6,4,14,38.8,1312.12,"0"
9.2,17.6,22.6,9,9,38.8,1309.62,"0"
9.2,17.6,22.6,9,9,38.8,1309.62,"0"
9.2,17.6,22.6,9,9,38.8,1309.62,"0"
9.2,17.6,22.6,4,14,38.8,1312.12,"0"
9.2,17.6,22.6,9,9,38.8,1309.62,"0"
9.2,17.6,22.6,9,9,38.8,1309.62,"0"
9.2,17.6,22.6,9,14,38.8,1473.62,"1"
9.2,17.6,22.6,9,14,38.8,1473.62,"1"
9.2,17.6,22.6,9,14,38.8,1473.62,"1"
9.2,17.6,22.6,9,14,38.8,1473.62,"1"
9.2,17.6,22.6,9,14,38.8,1473.62,"1"
9.2,17.6,22.6,9,14,38.8,1473.62,"1"
9.2,17.6,22.6,9,14,38.8,1473.62,"1"
9.2,17.6,22.6,9,14,38.8,1473.62,"1"
9.2,17.6,22.6,9,14,38.8,1473.62,"1"
9.2,17.6,22.6,9,14,38.8,1473.62,"1"
9.2,17.6,22.6,9,14,38.8,1473.62,"1"
9.2,17.6,22.6,9,14,38.8,1473.62,"1"
9.2,17.6,22.6,9,14,38.8,1473.62,"1"
9.2,17.6,22.6,9,14,38.8,1473.62,"1"
9.2,17.6,22.6,9,14,38.8,1473.62,"1"
9.2,17.6,22.6,9,14,38.8,1473.62,"1"
9.2,17.6,22.6,9,14,38.8,1473.62,"1"
9.2,17.6,22.6,4,14,38.8,1312.12,"0"
9.2,17.6,22.6,24,4,38.8,1630.12,"1"
9.2,17.6,22.6,19,4,38.8,1468.62,"1"
9.2,17.6,22.6,19,4,38.8,1468.62,"1"
9.2,17.6,22.6,4,14,11.9,1164.17,"0"
9.2,17.6,22.6,4,14,11.9,1164.17,"0"
9.2,17.6,22.6,4,9,38.8,1148.12,"0"
9.2,17.6,22.6,9,9,38.8,1309.62,"0"
9.2,17.6,22.6,4,9,38.8,1148.12,"0"
9.2,17.6,22.6,9,9,38.8,1309.62,"0"
9.2,17.6,22.6,9,9,38.8,1309.62,"0"
9.2,17.6,22.6,9,9,38.8,1309.62,"0"
9.2,17.6,22.6,9,9,38.8,1309.62,"0"
9.2,17.6,22.6,4,9,38.8,1148.12,"0"
9.2,17.6,22.6,9,9,38.8,1309.62,"0"
9.2,17.6,22.6,9,9,38.8,1309.62,"0"
9.2,17.6,22.6,19,19,38.8,1960.62,"1"
9.2,17.6,22.6,19,19,38.8,1960.62,"1"
9.2,17.6,22.6,24,4,38.8,1630.12,"1"
9.2,17.6,22.6,24,4,38.8,1630.12,"1"
9.2,17.6,22.6,14,9,38.8,1471.12,"1"
9.2,17.6,22.6,9,9,38.8,1309.62,"0"
9.2,17.6,22.6,9,9,38.8,1309.62,"0"
9.2,17.6,22.6,9,9,38.8,1309.62,"0"
9.2,17.6,22.6,9,9,38.8,1309.62,"0"
9.2,17.6,22.6,9,9,38.8,1309.62,"0"
9.2,17.6,22.6,9,9,38.8,1309.62,"0"
9.2,17.6,22.6,9,9,38.8,1309.62,"0"
9.2,17.6,22.6,9,9,38.8,1309.62,"0"
9.2,17.6,22.6,9,9,38.8,1309.62,"0"
9.2,17.6,22.6,9,9,38.8,1309.62,"0"
9.2,17.6,22.6,9,9,38.8,1309.62,"0"
9.2,17.6,22.6,9,9,38.8,1309.62,"0"
9.2,17.6,22.6,9,9,38.8,1309.62,"0"
9.2,17.6,22.6,9,9,38.8,1309.62,"0"
9.2,17.6,22.6,9,9,38.8,1309.62,"0"
9.2,17.6,22.6,9,9,38.8,1309.62,"0"
9.2,17.6,22.6,14,9,38.8,1471.12,"1"
9.2,17.6,22.6,9,9,38.8,1309.62,"0"
9.2,17.6,22.6,14,9,38.8,1471.12,"1"
9.2,17.6,22.6,4,9,38.8,1148.12,"0"
9.2,17.6,22.6,9,9,38.8,1309.62,"0"
9.2,17.6,22.6,9,9,38.8,1309.62,"0"
9.2,17.6,22.6,9,9,38.8,1309.62,"0"
9.2,17.6,22.6,9,9,38.8,1309.62,"0"
9.2,17.6,22.6,9,9,38.8,1309.62,"0"
9.2,17.6,22.6,9,9,38.8,1309.62,"0"
9.2,17.6,22.6,9,9,38.8,1309.62,"0"
9.2,17.6,22.6,9,9,38.8,1309.62,"0"
9.2,17.6,22.6,9,9,38.8,1309.62,"0"
9.2,17.6,22.6,9,9,38.8,1309.62,"0"
9.2,17.6,22.6,9,9,38.8,1309.62,"0"
9.2,17.6,22.6,9,9,38.8,1309.62,"0"
9.2,17.6,22.6,9,9,38.8,1309.62,"0"
9.2,17.6,22.6,9,9,38.8,1309.62,"0"
9.2,17.6,22.6,9,9,38.8,1309.62,"0"
9.2,17.6,22.6,14,9,38.8,1471.12,"1"
9.2,17.6,22.6,9,9,38.8,1309.62,"0"
9.2,17.6,22.6,14,9,38.8,1471.12,"1"
9.2,17.6,22.6,19,9,38.8,1632.62,"1"
9.2,17.6,22.6,14,9,38.8,1471.12,"1"
9.2,17.6,22.6,14,9,38.8,1471.12,"1"
9.2,17.6,22.6,14,9,38.8,1471.12,"1"
9.2,17.6,22.6,19,9,38.8,1632.62,"1"
9.2,17.6,22.6,9,9,38.8,1309.62,"0"
9.2,17.6,22.6,9,9,38.8,1309.62,"0"
9.2,17.6,22.6,9,9,38.8,1309.62,"0"
9.2,17.6,22.6,4,9,38.8,1148.12,"0"
9.2,17.6,22.6,9,9,38.8,1309.62,"0"
9.2,17.6,22.6,14,9,38.8,1471.12,"1"
9.2,17.6,22.6,19,9,38.8,1632.62,"1"
9.2,17.6,22.6,14,9,38.8,1471.12,"1"
9.2,17.6,22.6,4,9,38.8,1148.12,"0"
9.2,17.6,22.6,4,9,38.8,1148.12,"0"
9.2,17.6,22.6,4,9,38.8,1148.12,"0"
9.2,17.6,22.6,4,9,38.8,1148.12,"0"
9.2,17.6,22.6,4,9,38.8,1148.12,"0"
9.2,17.6,22.6,4,9,38.8,1148.12,"0"
9.2,17.6,22.6,4,9,38.8,1148.12,"0"
9.2,17.6,22.6,4,9,38.8,1148.12,"0"
9.2,17.6,22.6,4,9,38.8,1148.12,"0"
9.2,17.6,22.6,14,9,38.8,1471.12,"1"
9.2,17.6,22.6,14,9,38.8,1471.12,"1"
9.2,17.6,22.6,24,9,38.8,1794.12,"1"
9.2,17.6,22.6,19,9,38.8,1632.62,"1"
9.2,17.6,22.6,19,9,38.8,1632.62,"1"
9.2,17.6,22.6,24,9,38.8,1794.12,"1"
9.2,17.6,22.6,19,9,38.8,1632.62,"1"
9.2,17.6,22.6,14,9,38.8,1471.12,"1"
9.2,17.6,22.6,24,9,38.8,1794.12,"1"
9.2,17.6,22.6,19,9,38.8,1632.62,"1"
9.2,17.6,22.6,9,19,38.8,1637.62,"1"
9.2,17.6,22.6,9,19,38.8,1637.62,"1"
9.2,17.6,22.6,9,19,38.8,1637.62,"1"
9.2,17.6,22.6,14,14,38.8,1635.12,"1"
9.2,17.6,22.6,9,9,38.8,1309.62,"0"
9.2,17.6,22.6,9,9,38.8,1309.62,"0"
9.2,17.6,22.6,9,14,38.8,1473.62,"1"
9.2,17.6,22.6,14,9,38.8,1471.12,"1"
9.2,17.6,22.6,9,9,38.8,1309.62,"0"
9.2,17.6,22.6,9,9,38.8,1309.62,"0"
9.2,17.6,22.6,14,14,38.8,1635.12,"1"
9.2,17.6,22.6,14,14,38.8,1635.12,"1"
9.2,17.6,22.6,9,14,38.8,1473.62,"1"
9.2,17.6,22.6,9,14,38.8,1473.62,"1"
9.2,17.6,22.6,9,14,38.8,1473.62,"1"
9.2,17.6,22.6,9,14,38.8,1473.62,"1"
9.2,17.6,22.6,14,14,38.8,1635.12,"1"
9.2,17.6,22.6,9,14,38.8,1473.62,"1"
9.2,17.6,22.6,9,14,38.8,1473.62,"1"
9.2,17.6,22.6,9,14,38.8,1473.62,"1"
9.2,17.6,22.6,4,14,38.8,1312.12,"0"
9.2,17.6,22.6,4,14,38.8,1312.12,"0"
9.2,17.6,22.6,9,14,38.8,1473.62,"1"
9.2,17.6,22.6,9,19,38.8,1637.62,"1"
9.2,17.6,22.6,9,19,38.8,1637.62,"1"
9.2,17.6,22.6,9,19,38.8,1637.62,"1"
9.2,17.6,22.6,9,19,38.8,1637.62,"1"
9.2,17.6,22.6,9,19,38.8,1637.62,"1"
9.2,17.6,22.6,9,19,38.8,1637.62,"1"
9.2,17.6,22.6,9,19,38.8,1637.62,"1"
9.2,17.6,22.6,9,19,38.8,1637.62,"1"
9.2,17.6,22.6,9,19,38.8,1637.62,"1"
9.2,17.6,22.6,9,19,38.8,1637.62,"1"
9.2,17.6,22.6,9,19,38.8,1637.62,"1"
9.2,17.6,22.6,9,4,38.8,1145.62,"0"
9.2,17.6,22.6,9,4,38.8,1145.62,"0"
9.2,17.6,22.6,4,19,38.8,1476.12,"1"
9.2,17.6,22.6,9,19,38.8,1637.62,"1"
9.2,17.6,22.6,9,19,38.8,1637.62,"1"
9.2,17.6,22.6,9,19,38.8,1637.62,"1"
9.2,17.6,22.6,4,19,38.8,1476.12,"1"
9.2,17.6,22.6,4,19,38.8,1476.12,"1"
9.2,17.6,22.6,4,19,38.8,1476.12,"1"
9.2,17.6,22.6,14,4,38.8,1307.12,"0"
9.2,17.6,22.6,9,4,38.8,1145.62,"0"
9.2,17.6,22.6,14,4,38.8,1307.12,"0"
9.2,17.6,22.6,14,4,38.8,1307.12,"0"
9.2,17.6,22.6,9,4,38.8,1145.62,"0"
9.2,17.6,22.6,9,4,38.8,1145.62,"0"
9.2,17.6,22.6,19,4,38.8,1468.62,"1"
9.2,17.6,22.6,19,4,38.8,1468.62,"1"
9.2,17.6,22.6,9,4,38.8,1145.62,"0"
9.2,17.6,22.6,9,4,38.8,1145.62,"0"
9.2,17.6,22.6,14,4,38.8,1307.12,"0"
9.2,17.6,22.6,14,4,38.8,1307.12,"0"
9.2,17.6,22.6,14,4,38.8,1307.12,"0"
9.2,17.6,22.6,24,4,38.8,1630.12,"1"
9.2,17.6,22.6,24,4,38.8,1630.12,"1"
9.2,17.6,22.6,19,4,38.8,1468.62,"1"
9.2,17.6,22.6,14,4,38.8,1307.12,"0"
9.2,17.6,22.6,9,4,38.8,1145.62,"0"
9.2,17.6,22.6,4,4,38.8,984.12,"0"
9.2,17.6,22.6,4,4,38.8,984.12,"0"
9.2,17.6,22.6,9,19,38.8,1637.62,"1"
9.2,17.6,22.6,9,19,38.8,1637.62,"1"
9.2,17.6,22.6,4,9,38.8,1148.12,"0"
9.2,17.6,22.6,4,19,38.8,1476.12,"1"
9.2,17.6,22.6,4,19,38.8,1476.12,"1"
9.2,17.6,22.6,9,19,38.8,1637.62,"1"
9.2,17.6,22.6,14,19,38.8,1799.12,"1"
9.2,17.6,22.6,9,19,38.8,1637.62,"1"
9.2,17.6,22.6,9,19,38.8,1637.62,"1"
9.2,17.6,22.6,9,19,38.8,1637.62,"1"
9.2,17.6,22.6,9,9,38.8,1309.62,"0"
9.2,17.6,22.6,14,4,38.8,1307.12,"0"
9.2,17.6,22.6,19,4,38.8,1468.62,"1"
9.2,17.6,22.6,19,4,38.8,1468.62,"1"
9.2,17.6,22.6,24,4,38.8,1630.12,"1"
9.2,17.6,22.6,24,4,38.8,1630.12,"1"
9.2,17.6,22.6,24,4,38.8,1630.12,"1"
9.2,17.6,22.6,19,4,38.8,1468.62,"1"
9.2,17.6,22.6,14,4,38.8,1307.12,"0"
9.2,17.6,22.6,19,4,38.8,1468.62,"1"
9.2,17.6,22.6,19,4,38.8,1468.62,"1"
9.2,17.6,22.6,19,4,38.8,1468.62,"1"
9.2,17.6,22.6,19,4,38.8,1468.62,"1"
9.2,17.6,22.6,14,4,38.8,1307.12,"0"
9.2,17.6,22.6,19,4,38.8,1468.62,"1"
9.2,17.6,22.6,19,4,38.8,1468.62,"1"
9.2,17.6,22.6,14,4,38.8,1307.12,"0"
9.2,17.6,22.6,14,4,38.8,1307.12,"0"
9.2,17.6,22.6,14,4,38.8,1307.12,"0"
9.2,17.6,22.6,14,4,38.8,1307.12,"0"
9.2,17.6,22.6,14,4,38.8,1307.12,"0"
9.2,17.6,22.6,14,4,38.8,1307.12,"0"
9.2,17.6,22.6,9,4,38.8,1145.62,"0"
9.2,17.6,22.6,9,4,38.8,1145.62,"0"
9.2,17.6,22.6,14,4,38.8,1307.12,"0"
9.2,17.6,22.6,14,4,38.8,1307.12,"0"
9.2,17.6,22.6,14,4,38.8,1307.12,"0"
9.2,17.6,22.6,14,4,38.8,1307.12,"0"
9.2,17.6,22.6,29,4,38.8,1791.62,"1"
9.2,17.6,22.6,29,4,38.8,1791.62,"1"
9.2,17.6,22.6,29,4,38.8,1791.62,"1"
9.2,17.6,22.6,29,4,38.8,1791.62,"1"
9.2,17.6,22.6,29,4,38.8,1791.62,"1"
9.2,17.6,22.6,14,4,38.8,1307.12,"0"
9.2,17.6,22.6,14,4,38.8,1307.12,"0"
9.2,17.6,22.6,9,4,38.8,1145.62,"0"
9.2,17.6,22.6,9,4,38.8,1145.62,"0"
9.2,17.6,22.6,9,4,38.8,1145.62,"0"
9.2,17.6,22.6,24,4,38.8,1630.12,"1"
9.2,17.6,22.6,9,19,38.8,1637.62,"1"
9.2,17.6,22.6,4,9,38.8,1148.12,"0"
9.2,17.6,22.6,4,9,38.8,1148.12,"0"
9.2,17.6,22.6,4,9,38.8,1148.12,"0"
9.2,17.6,22.6,9,9,38.8,1309.62,"0"
9.2,17.6,22.6,9,19,38.8,1637.62,"1"
9.2,17.6,22.6,4,9,38.8,1148.12,"0"
9.2,17.6,22.6,4,9,38.8,1148.12,"0"
9.2,17.6,22.6,4,9,38.8,1148.12,"0"
9.2,17.6,22.6,4,9,38.8,1148.12,"0"
9.2,17.6,22.6,4,9,38.8,1148.12,"0"
9.2,17.6,22.6,4,9,38.8,1148.12,"0"
9.2,17.6,22.6,4,9,38.8,1148.12,"0"
9.2,17.6,22.6,9,14,38.8,1473.62,"1"
9.2,17.6,22.6,4,14,38.8,1312.12,"0"
9.2,17.6,22.6,4,14,38.8,1312.12,"0"
9.2,17.6,22.6,9,14,38.8,1473.62,"1"
9.2,17.6,22.6,9,14,38.8,1473.62,"1"
9.2,17.6,22.6,9,14,38.8,1473.62,"1"
9.2,17.6,22.6,9,14,38.8,1473.62,"1"
9.2,17.6,22.6,9,14,38.8,1473.62,"1"
9.2,17.6,22.6,9,14,38.8,1473.62,"1"
9.2,17.6,22.6,9,14,38.8,1473.62,"1"
9.2,17.6,22.6,9,14,38.8,1473.62,"1"
9.2,17.6,22.6,9,14,38.8,1473.62,"1"
9.2,17.6,22.6,9,4,38.8,1145.62,"0"
9.2,17.6,22.6,14,4,38.8,1307.12,"0"
9.2,17.6,22.6,14,4,38.8,1307.12,"0"
9.2,17.6,22.6,14,4,38.8,1307.12,"0"
9.2,17.6,22.6,14,4,38.8,1307.12,"0"
9.2,17.6,22.6,14,4,38.8,1307.12,"0"
9.2,17.6,22.6,9,4,38.8,1145.62,"0"
9.2,17.6,22.6,14,4,38.8,1307.12,"0"
9.2,17.6,22.6,19,4,38.8,1468.62,"1"
9.2,17.6,22.6,19,4,38.8,1468.62,"1"
9.2,17.6,22.6,19,4,38.8,1468.62,"1"
9.2,17.6,22.6,19,4,38.8,1468.62,"1"
9.2,17.6,22.6,14,4,38.8,1307.12,"0"
9.2,17.6,22.6,9,4,38.8,1145.62,"0"
9.2,17.6,22.6,4,9,38.8,1148.12,"0"
9.2,17.6,22.6,4,9,38.8,1148.12,"0"
9.2,17.6,22.6,4,9,38.8,1148.12,"0"
9.2,17.6,22.6,4,4,38.8,984.12,"0"
9.2,17.6,22.6,9,4,38.8,1145.62,"0"
9.2,17.6,22.6,4,4,38.8,984.12,"0"
9.2,17.6,22.6,19,4,38.8,1468.62,"1"
9.2,17.6,22.6,4,4,38.8,984.12,"0"
9.2,17.6,22.6,4,4,38.8,984.12,"0"
9.2,17.6,22.6,4,9,38.8,1148.12,"0"
9.2,17.6,22.6,4,9,38.8,1148.12,"0"
9.2,17.6,22.6,4,9,38.8,1148.12,"0"
9.2,17.6,22.6,4,9,38.8,1148.12,"0"
9.2,17.6,22.6,4,9,38.8,1148.12,"0"
9.2,17.6,22.6,4,9,38.8,1148.12,"0"
9.2,17.6,22.6,4,9,38.8,1148.12,"0"
9.2,17.6,22.6,4,9,38.8,1148.12,"0"
9.2,17.6,22.6,4,9,38.8,1148.12,"0"
9.2,17.6,22.6,4,9,38.8,1148.12,"0"
9.2,17.6,22.6,4,4,38.8,984.12,"0"
9.2,17.6,22.6,4,4,38.8,984.12,"0"
9.2,17.6,22.6,9,4,38.8,1145.62,"0"
9.2,17.6,22.6,9,4,38.8,1145.62,"0"
9.2,17.6,22.6,9,4,38.8,1145.62,"0"
9.2,17.6,22.6,9,4,38.8,1145.62,"0"
9.2,17.6,22.6,4,14,38.8,1312.12,"0"
9.2,17.6,22.6,4,14,38.8,1312.12,"0"
9.2,17.6,22.6,4,14,38.8,1312.12,"0"
9.2,17.6,22.6,4,14,38.8,1312.12,"0"
9.2,17.6,22.6,4,14,38.8,1312.12,"0"
9.2,17.6,22.6,4,14,38.8,1312.12,"0"
9.2,17.6,22.6,4,14,38.8,1312.12,"0"
9.2,17.6,22.6,4,14,38.8,1312.12,"0"
9.2,17.6,22.6,4,14,38.8,1312.12,"0"
9.2,17.6,22.6,4,14,38.8,1312.12,"0"
9.2,17.6,22.6,4,14,38.8,1312.12,"0"
9.2,17.6,22.6,4,19,11.9,1328.17,"0"
9.2,17.6,22.6,9,19,38.8,1637.62,"1"
9.2,17.6,22.6,9,19,38.8,1637.62,"1"
9.2,17.6,22.6,9,19,38.8,1637.62,"1"
9.2,17.6,22.6,4,19,38.8,1476.12,"1"
9.2,17.6,22.6,4,19,38.8,1476.12,"1"
9.2,17.6,22.6,4,19,38.8,1476.12,"1"
9.2,17.6,22.6,19,19,38.8,1960.62,"1"
9.2,17.6,22.6,4,19,38.8,1476.12,"1"
9.2,17.6,22.6,4,19,38.8,1476.12,"1"
9.2,17.6,22.6,4,4,38.8,984.12,"0"
9.2,17.6,22.6,4,4,38.8,984.12,"0"
9.2,17.6,22.6,4,4,38.8,984.12,"0"
9.2,17.6,22.6,4,4,38.8,984.12,"0"
9.2,17.6,22.6,4,4,38.8,984.12,"0"
9.2,17.6,22.6,4,4,38.8,984.12,"0"
9.2,17.6,22.6,4,4,38.8,984.12,"0"
9.2,17.6,22.6,4,4,38.8,984.12,"0"
9.2,17.6,22.6,4,4,38.8,984.12,"0"
9.2,17.6,22.6,4,4,38.8,984.12,"0"
9.2,17.6,22.6,4,4,38.8,984.12,"0"
9.2,17.6,22.6,4,4,38.8,984.12,"0"
9.2,17.6,22.6,4,4,38.8,984.12,"0"
9.2,17.6,22.6,4,4,38.8,984.12,"0"
9.2,17.6,22.6,4,4,38.8,984.12,"0"
9.2,17.6,22.6,4,4,38.8,984.12,"0"
9.2,17.6,22.6,4,4,38.8,984.12,"0"
9.2,17.6,22.6,4,4,38.8,984.12,"0"
9.2,17.6,22.6,4,4,38.8,984.12,"0"
9.2,17.6,22.6,4,4,38.8,984.12,"0"
9.2,17.6,22.6,4,19,38.8,1476.12,"1"
9.2,17.6,22.6,4,19,38.8,1476.12,"1"
9.2,17.6,22.6,4,19,38.8,1476.12,"1"
9.2,17.6,22.6,4,19,38.8,1476.12,"1"
9.2,17.6,22.6,4,19,38.8,1476.12,"1"
9.2,17.6,22.6,4,19,38.8,1476.12,"1"
9.2,17.6,22.6,4,19,38.8,1476.12,"1"
9.2,17.6,22.6,4,19,38.8,1476.12,"1"
9.2,17.6,22.6,4,19,38.8,1476.12,"1"
9.2,17.6,22.6,4,19,38.8,1476.12,"1"
9.2,17.6,22.6,4,19,38.8,1476.12,"1"
9.2,17.6,22.6,4,19,38.8,1476.12,"1"
9.2,17.6,22.6,4,19,38.8,1476.12,"1"
9.2,17.6,22.6,4,19,38.8,1476.12,"1"
9.2,17.6,22.6,4,19,38.8,1476.12,"1"
9.2,17.6,22.6,4,19,38.8,1476.12,"1"
9.2,17.6,22.6,4,19,38.8,1476.12,"1"
9.2,17.6,22.6,4,19,38.8,1476.12,"1"
9.2,17.6,22.6,4,19,38.8,1476.12,"1"
9.2,17.6,22.6,4,19,38.8,1476.12,"1"
9.2,17.6,22.6,4,19,38.8,1476.12,"1"
9.2,17.6,22.6,4,19,38.8,1476.12,"1"
9.2,17.6,22.6,4,4,38.8,984.12,"0"
9.2,17.6,22.6,4,4,38.8,984.12,"0"
9.2,17.6,22.6,4,4,38.8,984.12,"0"
9.2,17.6,22.6,4,19,38.8,1476.12,"1"
9.2,17.6,22.6,4,19,38.8,1476.12,"1"
9.2,17.6,22.6,4,9,38.8,1148.12,"0"
9.2,17.6,22.6,4,4,38.8,984.12,"0"
9.2,17.6,22.6,4,4,38.8,984.12,"0"
9.2,17.6,22.6,4,4,38.8,984.12,"0"
9.2,17.6,22.6,4,9,38.8,1148.12,"0"
9.2,17.6,22.6,4,9,38.8,1148.12,"0"
9.2,17.6,22.6,9,19,38.8,1637.62,"1"
9.2,17.6,22.6,4,9,38.8,1148.12,"0"
9.2,17.6,22.6,4,19,38.8,1476.12,"1"
9.2,17.6,22.6,9,14,38.8,1473.62,"1"
9.2,17.6,22.6,9,14,38.8,1473.62,"1"
9.2,17.6,22.6,9,14,38.8,1473.62,"1"
9.2,17.6,22.6,14,14,38.8,1635.12,"1"
9.2,17.6,22.6,9,14,38.8,1473.62,"1"
9.2,17.6,22.6,9,14,38.8,1473.62,"1"
9.2,17.6,22.6,9,14,38.8,1473.62,"1"
9.2,17.6,22.6,29,4,38.8,1791.62,"1"
9.2,17.6,22.6,9,19,38.8,1637.62,"1"
9.2,17.6,22.6,9,24,38.8,1801.62,"1"
9.2,17.6,22.6,9,24,38.8,1801.62,"1"
9.2,17.6,22.6,9,4,38.8,1145.62,"0"
9.2,17.6,22.6,9,9,38.8,1309.62,"0"
9.2,17.6,22.6,9,19,38.8,1637.62,"1"
9.2,17.6,22.6,14,9,38.8,1471.12,"1"
9.2,17.6,22.6,29,4,38.8,1791.62,"1"
9.2,17.6,22.6,29,14,38.8,2119.62,"1"
9.2,17.6,22.6,29,4,38.8,1791.62,"1"
9.2,17.6,22.6,29,9,38.8,1955.62,"1"
9.2,17.6,22.6,29,9,38.8,1955.62,"1"
9.2,17.6,22.6,24,19,38.8,2122.12,"1"
9.2,17.6,22.6,29,14,38.8,2008.58,"1"
9.2,17.6,22.6,14,19,38.8,1799.12,"1"
9.2,17.6,22.6,29,4,38.8,1791.62,"1"
9.2,17.6,22.6,24,9,38.8,1794.12,"1"
9.2,17.6,22.6,29,4,38.8,1791.62,"1"
9.2,17.6,22.6,29,14,38.8,2119.62,"1"
9.2,17.6,22.6,14,14,38.8,1635.12,"1"
9.2,17.6,22.6,14,4,38.8,1307.12,"0"
9.2,17.6,22.6,19,4,38.8,1468.62,"1"
9.2,17.6,22.6,29,4,38.8,1791.62,"1"
9.2,17.6,22.6,19,4,38.8,1468.62,"1"
9.2,17.6,22.6,29,4,38.8,1791.62,"1"
9.2,17.6,22.6,24,4,38.8,1630.12,"1"
9.2,17.6,22.6,24,4,38.8,1630.12,"1"
9.2,17.6,22.6,24,4,38.8,1630.12,"1"
9.2,17.6,22.6,24,4,38.8,1630.12,"1"
9.2,17.6,22.6,19,4,38.8,1468.62,"1"
9.2,17.6,22.6,9,19,38.8,1637.62,"1"
9.2,17.6,22.6,19,4,38.8,1468.62,"1"
9.2,17.6,22.6,24,4,38.8,1630.12,"1"
9.2,17.6,22.6,19,4,38.8,1468.62,"1"
9.2,17.6,22.6,19,19,38.8,1960.62,"1"
9.2,17.6,22.6,19,4,38.8,1468.62,"1"
9.2,17.6,22.6,14,4,38.8,1307.12,"0"
9.2,17.6,22.6,14,4,38.8,1307.12,"0"
9.2,17.6,22.6,19,4,38.8,1468.62,"1"
9.2,17.6,22.6,19,4,38.8,1468.62,"1"
9.2,17.6,22.6,19,4,38.8,1468.62,"1"
9.2,17.6,22.6,14,4,38.8,1307.12,"0"
9.2,17.6,22.6,19,9,38.8,1632.62,"1"
9.2,17.6,22.6,19,9,38.8,1632.62,"1"
9.2,17.6,22.6,19,9,38.8,1632.62,"1"
9.2,17.6,22.6,19,9,38.8,1632.62,"1"
9.2,17.6,22.6,19,9,38.8,1632.62,"1"
9.2,17.6,22.6,19,9,38.8,1632.62,"1"
9.2,17.6,22.6,14,9,38.8,1471.12,"1"
9.2,17.6,22.6,19,9,38.8,1632.62,"1"
9.2,17.6,22.6,19,19,38.8,1960.62,"1"
9.2,17.6,22.6,19,19,38.8,1960.62,"1"
9.2,17.6,22.6,24,19,38.8,2122.12,"1"
9.2,17.6,22.6,19,19,38.8,1960.62,"1"
9.2,17.6,22.6,9,19,38.8,1637.62,"1"
9.2,17.6,22.6,19,19,38.8,1960.62,"1"
9.2,17.6,22.6,19,19,38.8,1960.62,"1"
9.2,17.6,22.6,24,19,38.8,2122.12,"1"
9.2,17.6,22.6,19,19,38.8,1960.62,"1"
9.2,17.6,22.6,19,19,38.8,1960.62,"1"
9.2,17.6,22.6,19,19,38.8,1960.62,"1"
9.2,17.6,22.6,24,19,38.8,2122.12,"1"
9.2,17.6,22.6,29,4,38.8,1791.62,"1"
9.2,17.6,22.6,24,4,38.8,1630.12,"1"
9.2,17.6,22.6,29,4,38.8,1791.62,"1"
9.2,17.6,22.6,29,4,38.8,1791.62,"1"
9.2,17.6,22.6,29,4,38.8,1791.62,"1"
9.2,17.6,22.6,29,4,38.8,1791.62,"1"
9.2,17.6,22.6,19,4,38.8,1468.62,"1"
9.2,17.6,22.6,24,4,38.8,1630.12,"1"
9.2,17.6,22.6,19,4,38.8,1468.62,"1"
9.2,17.6,22.6,19,4,38.8,1468.62,"1"
9.2,17.6,22.6,24,4,38.8,1630.12,"1"
9.2,17.6,22.6,24,4,38.8,1630.12,"1"
9.2,17.6,22.6,29,4,38.8,1791.62,"1"
9.2,17.6,22.6,24,4,38.8,1630.12,"1"
9.2,17.6,22.6,29,4,38.8,1791.62,"1"
9.2,17.6,22.6,24,4,38.8,1630.12,"1"
9.2,17.6,22.6,29,4,38.8,1791.62,"1"
9.2,17.6,22.6,29,4,38.8,1791.62,"1"
9.2,17.6,22.6,29,4,38.8,1791.62,"1"
9.2,17.6,22.6,29,4,38.8,1791.62,"1"
9.2,17.6,22.6,9,9,4.2,1119.32,"0"
9.2,17.6,22.6,9,4,38.8,1145.62,"0"
9.2,17.6,22.6,9,14,38.8,1473.62,"1"
9.2,17.6,22.6,14,14,38.8,1635.12,"1"
9.2,17.6,22.6,9,14,38.8,1473.62,"1"
9.2,17.6,22.6,19,14,38.8,1796.62,"1"
9.2,17.6,22.6,29,14,38.8,2119.62,"1"
9.2,17.6,22.6,29,14,38.8,2119.62,"1"
9.2,17.6,22.6,24,14,38.8,1958.12,"1"
9.2,17.6,22.6,14,14,38.8,1635.12,"1"
9.2,17.6,22.6,19,14,38.8,1796.62,"1"
9.2,17.6,22.6,19,14,38.8,1796.62,"1"
9.2,17.6,22.6,19,14,38.8,1796.62,"1"
9.2,17.6,22.6,19,14,38.8,1796.62,"1"
9.2,17.6,22.6,14,14,38.8,1635.12,"1"
9.2,17.6,22.6,19,14,38.8,1796.62,"1"
9.2,17.6,22.6,14,14,38.8,1635.12,"1"
9.2,17.6,22.6,19,14,38.8,1796.62,"1"
9.2,17.6,22.6,14,14,38.8,1635.12,"1"
9.2,17.6,22.6,14,14,38.8,1635.12,"1"
9.2,17.6,22.6,14,14,38.8,1635.12,"1"
9.2,17.6,22.6,14,14,38.8,1635.12,"1"
9.2,17.6,22.6,19,14,38.8,1796.62,"1"
9.2,17.6,22.6,19,4,38.8,1468.62,"1"
9.2,17.6,22.6,14,4,38.8,1307.12,"0"
9.2,17.6,22.6,14,4,38.8,1307.12,"0"
9.2,17.6,22.6,19,4,38.8,1468.62,"1"
9.2,17.6,22.6,19,4,38.8,1468.62,"1"
9.2,17.6,22.6,14,4,38.8,1307.12,"0"
9.2,17.6,22.6,14,4,38.8,1307.12,"0"
9.2,17.6,22.6,14,4,38.8,1307.12,"0"
9.2,17.6,22.6,9,4,38.8,1145.62,"0"
9.2,17.6,22.6,9,4,38.8,1145.62,"0"
9.2,17.6,22.6,9,4,38.8,1145.62,"0"
9.2,17.6,22.6,9,4,38.8,1145.62,"0"
9.2,17.6,22.6,14,4,38.8,1307.12,"0"
9.2,17.6,22.6,14,4,38.8,1307.12,"0"
9.2,17.6,22.6,4,4,38.8,984.12,"0"
9.2,17.6,22.6,19,4,38.8,1468.62,"1"
9.2,17.6,22.6,19,4,38.8,1468.62,"1"
9.2,17.6,22.6,19,4,38.8,1468.62,"1"
9.2,17.6,22.6,19,4,38.8,1468.62,"1"
9.2,17.6,22.6,14,4,38.8,1307.12,"0"
9.2,17.6,22.6,19,4,38.8,1468.62,"1"
9.2,17.6,22.6,14,4,38.8,1307.12,"0"
9.2,17.6,22.6,14,4,38.8,1307.12,"0"
9.2,17.6,22.6,9,14,38.8,1473.62,"1"
9.2,17.6,22.6,19,4,38.8,1468.62,"1"
9.2,17.6,22.6,19,4,38.8,1468.62,"1"
9.2,17.6,22.6,24,4,38.8,1630.12,"1"
9.2,17.6,22.6,24,4,38.8,1630.12,"1"
9.2,17.6,22.6,14,4,38.8,1307.12,"0"
9.2,17.6,22.6,29,4,38.8,1791.62,"1"
9.2,17.6,22.6,14,14,38.8,1635.12,"1"
9.2,17.6,22.6,14,14,38.8,1635.12,"1"
9.2,17.6,22.6,19,4,38.8,1468.62,"1"
9.2,17.6,22.6,24,9,38.8,1794.12,"1"
9.2,17.6,22.6,19,9,38.8,1632.62,"1"
9.2,17.6,22.6,14,14,38.8,1635.12,"1"
9.2,17.6,22.6,29,4,38.8,1791.62,"1"
9.2,17.6,22.6,29,4,38.8,1791.62,"1"
9.2,17.6,22.6,19,4,38.8,1468.62,"1"
9.2,17.6,22.6,14,14,38.8,1635.12,"1"
9.2,17.6,22.6,9,14,38.8,1473.62,"1"
9.2,17.6,22.6,9,4,38.8,1145.62,"0"
9.2,17.6,22.6,9,4,38.8,1145.62,"0"
9.2,17.6,22.6,14,4,38.8,1307.12,"0"
9.2,17.6,22.6,14,4,38.8,1307.12,"0"
9.2,17.6,22.6,14,14,38.8,1635.12,"1"
9.2,17.6,22.6,14,14,38.8,1635.12,"1"
9.2,17.6,22.6,14,14,38.8,1635.12,"1"
9.2,17.6,22.6,9,14,38.8,1473.62,"1"
9.2,17.6,22.6,9,14,38.8,1473.62,"1"
9.2,17.6,22.6,9,14,38.8,1473.62,"1"
9.2,17.6,22.6,9,14,38.8,1473.62,"1"
9.2,17.6,22.6,9,14,38.8,1473.62,"1"
9.2,17.6,22.6,14,14,38.8,1635.12,"1"
9.2,17.6,22.6,14,4,38.8,1307.12,"0"
9.2,17.6,22.6,24,4,38.8,1630.12,"1"
9.2,17.6,22.6,19,4,38.8,1468.62,"1"
9.2,17.6,22.6,24,4,38.8,1630.12,"1"
9.2,17.6,22.6,29,4,38.8,1791.62,"1"
9.2,17.6,22.6,19,14,38.8,1796.62,"1"
9.2,17.6,22.6,14,14,38.8,1635.12,"1"
9.2,17.6,22.6,9,14,38.8,1473.62,"1"
9.2,17.6,22.6,14,14,38.8,1635.12,"1"
9.2,17.6,22.6,14,14,38.8,1635.12,"1"
9.2,17.6,22.6,14,14,38.8,1635.12,"1"
9.2,17.6,22.6,19,14,38.8,1796.62,"1"
9.2,17.6,22.6,19,14,38.8,1796.62,"1"
9.2,17.6,22.6,19,14,38.8,1796.62,"1"
9.2,17.6,22.6,24,14,38.8,1958.12,"1"
9.2,17.6,22.6,29,14,38.8,2119.62,"1"
9.2,17.6,22.6,29,14,38.8,2119.62,"1"
9.2,17.6,22.6,29,14,38.8,2119.62,"1"
9.2,17.6,22.6,29,14,38.8,2119.62,"1"
9.2,17.6,22.6,19,14,38.8,1796.62,"1"
9.2,17.6,22.6,19,14,38.8,1796.62,"1"
9.2,17.6,22.6,19,14,38.8,1796.62,"1"
9.2,17.6,22.6,19,14,38.8,1796.62,"1"
9.2,17.6,22.6,14,14,38.8,1635.12,"1"
9.2,17.6,22.6,19,4,38.8,1468.62,"1"
9.2,17.6,22.6,19,4,38.8,1468.62,"1"
9.2,17.6,22.6,19,4,38.8,1468.62,"1"
9.2,17.6,22.6,19,4,38.8,1468.62,"1"
9.2,17.6,22.6,14,4,38.8,1307.12,"0"
9.2,17.6,22.6,19,4,38.8,1468.62,"1"
9.2,17.6,22.6,14,4,38.8,1307.12,"0"
9.2,17.6,22.6,14,4,38.8,1307.12,"0"
9.2,17.6,22.6,19,4,38.8,1468.62,"1"
9.2,17.6,22.6,14,4,38.8,1307.12,"0"
9.2,17.6,22.6,9,4,38.8,1145.62,"0"
9.2,17.6,22.6,14,4,38.8,1307.12,"0"
9.2,17.6,22.6,9,4,38.8,1145.62,"0"
9.2,17.6,22.6,9,4,38.8,1145.62,"0"
9.2,17.6,22.6,9,4,38.8,1145.62,"0"
9.2,17.6,22.6,9,4,38.8,1145.62,"0"
9.2,17.6,22.6,9,4,38.8,1145.62,"0"
9.2,17.6,22.6,9,4,38.8,1145.62,"0"
9.2,17.6,22.6,9,4,38.8,1145.62,"0"
9.2,17.6,22.6,9,4,38.8,1145.62,"0"
9.2,17.6,22.6,9,4,38.8,1145.62,"0"
9.2,17.6,22.6,9,4,38.8,1145.62,"0"
9.2,17.6,22.6,9,4,38.8,1145.62,"0"
9.2,17.6,22.6,14,4,38.8,1307.12,"0"
9.2,17.6,22.6,9,4,38.8,1145.62,"0"
9.2,17.6,22.6,14,4,38.8,1307.12,"0"
9.2,17.6,22.6,14,4,38.8,1307.12,"0"
9.2,17.6,22.6,9,4,38.8,1145.62,"0"
9.2,17.6,22.6,14,4,38.8,1307.12,"0"
9.2,17.6,22.6,14,4,38.8,1307.12,"0"
9.2,17.6,22.6,14,4,38.8,1307.12,"0"
9.2,17.6,22.6,14,4,38.8,1307.12,"0"
9.2,17.6,22.6,14,4,38.8,1307.12,"0"
9.2,17.6,22.6,24,4,38.8,1630.12,"1"
9.2,17.6,22.6,14,4,38.8,1307.12,"0"
9.2,17.6,22.6,14,4,38.8,1307.12,"0"
9.2,17.6,22.6,14,4,38.8,1307.12,"0"
9.2,17.6,22.6,19,4,38.8,1468.62,"1"
9.2,17.6,22.6,19,4,38.8,1468.62,"1"
9.2,17.6,22.6,14,4,38.8,1307.12,"0"
9.2,17.6,22.6,19,4,38.8,1468.62,"1"
9.2,17.6,22.6,19,4,38.8,1468.62,"1"
9.2,17.6,22.6,19,4,38.8,1468.62,"1"
9.2,17.6,22.6,19,4,38.8,1468.62,"1"
9.2,17.6,22.6,14,4,38.8,1307.12,"0"
9.2,17.6,22.6,14,4,38.8,1307.12,"0"
9.2,17.6,22.6,14,4,38.8,1307.12,"0"
9.2,17.6,22.6,14,4,38.8,1307.12,"0"
9.2,17.6,22.6,14,4,38.8,1307.12,"0"
9.2,17.6,22.6,14,4,38.8,1307.12,"0"
9.2,17.6,22.6,14,4,38.8,1307.12,"0"
9.2,17.6,22.6,19,4,38.8,1468.62,"1"
9.2,17.6,22.6,19,4,38.8,1468.62,"1"
9.2,17.6,22.6,14,4,38.8,1307.12,"0"
9.2,17.6,22.6,14,4,38.8,1307.12,"0"
9.2,17.6,22.6,14,4,38.8,1307.12,"0"
9.2,17.6,22.6,14,4,38.8,1307.12,"0"
9.2,17.6,22.6,19,4,38.8,1468.62,"1"
9.2,17.6,22.6,19,4,38.8,1468.62,"1"
9.2,17.6,22.6,19,4,38.8,1468.62,"1"
9.2,17.6,22.6,14,4,38.8,1307.12,"0"
9.2,17.6,22.6,14,4,38.8,1307.12,"0"
9.2,17.6,22.6,14,14,38.8,1635.12,"1"
9.2,17.6,22.6,14,14,38.8,1635.12,"1"
9.2,17.6,22.6,14,14,38.8,1635.12,"1"
9.2,17.6,22.6,14,14,38.8,1635.12,"1"
9.2,17.6,22.6,14,14,38.8,1635.12,"1"
9.2,17.6,22.6,14,14,38.8,1635.12,"1"
9.2,17.6,22.6,19,14,38.8,1796.62,"1"
9.2,17.6,22.6,14,14,38.8,1635.12,"1"
9.2,17.6,22.6,14,14,38.8,1635.12,"1"
9.2,17.6,22.6,14,14,38.8,1635.12,"1"
9.2,17.6,22.6,19,14,38.8,1796.62,"1"
9.2,17.6,22.6,14,14,38.8,1635.12,"1"
9.2,17.6,22.6,14,14,38.8,1635.12,"1"
9.2,17.6,22.6,14,14,38.8,1635.12,"1"
9.2,17.6,22.6,14,14,38.8,1635.12,"1"
9.2,17.6,22.6,14,14,38.8,1635.12,"1"
9.2,17.6,22.6,14,14,38.8,1635.12,"1"
9.2,17.6,22.6,14,14,38.8,1635.12,"1"
9.2,17.6,22.6,14,14,38.8,1635.12,"1"
9.2,17.6,22.6,14,14,38.8,1635.12,"1"
9.2,17.6,22.6,14,14,38.8,1635.12,"1"
9.2,17.6,22.6,14,14,38.8,1635.12,"1"
9.2,17.6,22.6,14,14,38.8,1635.12,"1"
9.2,17.6,22.6,14,14,38.8,1635.12,"1"
9.2,17.6,22.6,14,14,38.8,1635.12,"1"
9.2,17.6,22.6,14,14,38.8,1635.12,"1"
9.2,17.6,22.6,14,14,38.8,1635.12,"1"
9.2,17.6,22.6,14,14,38.8,1635.12,"1"
9.2,17.6,22.6,14,14,38.8,1635.12,"1"
9.2,17.6,22.6,14,14,38.8,1635.12,"1"
9.2,17.6,22.6,14,14,38.8,1635.12,"1"
9.2,17.6,22.6,14,14,38.8,1635.12,"1"
9.2,17.6,22.6,14,14,38.8,1635.12,"1"
9.2,17.6,22.6,19,14,38.8,1796.62,"1"
9.2,17.6,22.6,14,14,38.8,1635.12,"1"
9.2,17.6,22.6,14,14,38.8,1635.12,"1"
9.2,17.6,22.6,14,4,38.8,1307.12,"0"
9.2,17.6,22.6,14,4,38.8,1307.12,"0"
9.2,17.6,22.6,14,4,38.8,1307.12,"0"
9.2,17.6,22.6,14,4,38.8,1307.12,"0"
9.2,17.6,22.6,14,4,38.8,1307.12,"0"
9.2,17.6,22.6,14,4,38.8,1307.12,"0"
9.2,17.6,22.6,9,4,38.8,1145.62,"0"
9.2,17.6,22.6,9,4,38.8,1145.62,"0"
9.2,17.6,22.6,9,4,38.8,1145.62,"0"
9.2,17.6,22.6,19,4,38.8,1468.62,"1"
9.2,17.6,22.6,19,4,38.8,1468.62,"1"
9.2,17.6,22.6,19,4,38.8,1468.62,"1"
9.2,17.6,22.6,19,4,38.8,1468.62,"1"
9.2,17.6,22.6,19,4,38.8,1468.62,"1"
9.2,17.6,22.6,19,4,38.8,1468.62,"1"
9.2,17.6,22.6,19,4,38.8,1468.62,"1"
9.2,17.6,22.6,14,4,38.8,1307.12,"0"
9.2,17.6,22.6,19,4,38.8,1468.62,"1"
9.2,17.6,22.6,19,4,38.8,1468.62,"1"
9.2,17.6,22.6,14,4,38.8,1307.12,"0"
9.2,17.6,22.6,14,4,38.8,1307.12,"0"
9.2,17.6,22.6,14,4,38.8,1307.12,"0"
9.2,17.6,22.6,9,4,38.8,1145.62,"0"
9.2,17.6,22.6,9,4,38.8,1145.62,"0"
9.2,17.6,22.6,9,4,38.8,1145.62,"0"
9.2,17.6,22.6,14,4,38.8,1307.12,"0"
9.2,17.6,22.6,19,4,38.8,1468.62,"1"
9.2,17.6,22.6,14,4,38.8,1307.12,"0"
9.2,17.6,22.6,14,4,38.8,1307.12,"0"
9.2,17.6,22.6,19,4,38.8,1468.62,"1"
9.2,17.6,22.6,19,4,38.8,1468.62,"1"
9.2,17.6,22.6,9,4,38.8,1145.62,"0"
9.2,17.6,22.6,9,4,38.8,1145.62,"0"
9.2,17.6,22.6,9,4,38.8,1145.62,"0"
9.2,17.6,22.6,9,4,38.8,1145.62,"0"
9.2,17.6,22.6,9,4,38.8,1145.62,"0"
9.2,17.6,22.6,9,4,38.8,1145.62,"0"
9.2,17.6,22.6,9,4,38.8,1145.62,"0"
9.2,17.6,22.6,14,4,38.8,1307.12,"0"
9.2,17.6,22.6,9,4,38.8,1145.62,"0"
9.2,17.6,22.6,14,4,38.8,1307.12,"0"
9.2,17.6,22.6,9,4,38.8,1145.62,"0"
9.2,17.6,22.6,9,4,38.8,1145.62,"0"
9.2,17.6,22.6,9,4,38.8,1145.62,"0"
9.2,17.6,22.6,9,4,38.8,1145.62,"0"
9.2,17.6,22.6,9,4,38.8,1145.62,"0"
9.2,17.6,22.6,14,4,38.8,1307.12,"0"
9.2,17.6,22.6,9,4,38.8,1145.62,"0"
9.2,17.6,22.6,14,4,38.8,1307.12,"0"
9.2,17.6,22.6,9,4,38.8,1145.62,"0"
9.2,17.6,22.6,9,4,38.8,1145.62,"0"
9.2,17.6,22.6,14,4,38.8,1307.12,"0"
9.2,17.6,22.6,14,4,38.8,1307.12,"0"
9.2,17.6,22.6,14,4,38.8,1307.12,"0"
9.2,17.6,22.6,14,14,38.8,1635.12,"1"
9.2,17.6,22.6,14,4,38.8,1307.12,"0"
9.2,17.6,22.6,9,4,38.8,1145.62,"0"
9.2,17.6,22.6,14,14,38.8,1635.12,"1"
9.2,17.6,22.6,19,4,38.8,1468.62,"1"
9.2,17.6,22.6,14,4,38.8,1307.12,"0"
9.2,17.6,22.6,14,4,38.8,1307.12,"0"
9.2,17.6,22.6,14,14,38.8,1635.12,"1"
9.2,17.6,22.6,19,14,38.8,1796.62,"1"
9.2,17.6,22.6,9,14,38.8,1473.62,"1"
9.2,17.6,22.6,14,14,38.8,1635.12,"1"
9.2,17.6,22.6,24,4,38.8,1630.12,"1"
9.2,17.6,22.6,24,4,38.8,1630.12,"1"
9.2,17.6,22.6,9,9,38.8,1309.62,"0"
9.2,17.6,22.6,9,9,38.8,1309.62,"0"
9.2,17.6,22.6,9,9,38.8,1309.62,"0"
9.2,17.6,22.6,9,14,38.8,1473.62,"1"
9.2,17.6,22.6,24,4,38.8,1630.12,"1"
9.2,17.6,22.6,9,14,38.8,1473.62,"1"
9.2,17.6,22.6,29,14,38.8,2119.62,"1"
9.2,17.6,22.6,19,14,38.8,1796.62,"1"
9.2,17.6,22.6,9,14,38.8,1473.62,"1"
9.2,17.6,22.6,9,14,38.8,1473.62,"1"
9.2,17.6,22.6,14,14,38.8,1635.12,"1"
9.2,17.6,22.6,14,14,38.8,1635.12,"1"
9.2,17.6,22.6,19,14,38.8,1796.62,"1"
9.2,17.6,22.6,19,14,38.8,1796.62,"1"
9.2,17.6,22.6,14,14,38.8,1635.12,"1"
9.2,17.6,22.6,19,14,38.8,1796.62,"1"
9.2,17.6,22.6,14,14,38.8,1635.12,"1"
9.2,17.6,22.6,14,4,38.8,1307.12,"0"
9.2,17.6,22.6,14,9,38.8,1471.12,"1"
9.2,17.6,22.6,4,9,38.8,1148.12,"0"
9.2,17.6,22.6,29,9,38.8,1955.62,"1"
9.2,17.6,22.6,19,9,38.8,1632.62,"1"
9.2,17.6,22.6,14,9,38.8,1471.12,"1"
9.2,17.6,22.6,14,9,38.8,1471.12,"1"
9.2,17.6,22.6,24,9,38.8,1794.12,"1"
9.2,17.6,22.6,24,9,38.8,1794.12,"1"
9.2,17.6,22.6,29,9,38.8,1955.62,"1"
9.2,17.6,22.6,24,9,38.8,1794.12,"1"
9.2,17.6,22.6,19,9,38.8,1632.62,"1"
9.2,17.6,22.6,14,9,38.8,1471.12,"1"
9.2,17.6,22.6,14,9,38.8,1471.12,"1"
9.2,17.6,22.6,14,9,38.8,1471.12,"1"
9.2,17.6,22.6,14,9,38.8,1471.12,"1"
9.2,17.6,22.6,14,9,38.8,1471.12,"1"
9.2,17.6,22.6,19,9,38.8,1632.62,"1"
9.2,17.6,22.6,14,9,38.8,1471.12,"1"
9.2,17.6,22.6,24,4,38.8,1630.12,"1"
9.2,17.6,22.6,4,4,38.8,984.12,"0"
9.2,17.6,22.6,24,4,38.8,1630.12,"1"
9.2,17.6,22.6,14,14,38.8,1635.12,"1"
9.2,17.6,22.6,14,14,38.8,1635.12,"1"
9.2,17.6,22.6,14,14,38.8,1635.12,"1"
9.2,17.6,22.6,24,14,38.8,1958.12,"1"
9.2,17.6,22.6,24,14,38.8,1958.12,"1"
9.2,17.6,22.6,14,19,38.8,1799.12,"1"
9.2,17.6,22.6,19,19,38.8,1960.62,"1"
9.2,17.6,22.6,29,19,38.8,2283.62,"1"
9.2,17.6,22.6,14,4,38.8,1307.12,"0"
9.2,17.6,22.6,19,4,38.8,1468.62,"1"
9.2,17.6,22.6,24,4,38.8,1630.12,"1"
9.2,17.6,22.6,24,4,38.8,1630.12,"1"
9.2,17.6,22.6,29,19,38.8,2283.62,"1"
9.2,17.6,22.6,29,19,38.8,2283.62,"1"
9.2,17.6,22.6,19,4,38.8,1468.62,"1"
9.2,17.6,22.6,9,9,38.8,1309.62,"0"
9.2,17.6,22.6,9,9,38.8,1309.62,"0"
9.2,17.6,22.6,9,9,38.8,1309.62,"0"
9.2,17.6,22.6,9,14,38.8,1473.62,"1"
9.2,17.6,22.6,14,14,38.8,1635.12,"1"
9.2,17.6,22.6,9,14,38.8,1473.62,"1"
9.2,17.6,22.6,9,14,38.8,1473.62,"1"
9.2,17.6,22.6,9,14,38.8,1473.62,"1"
9.2,17.6,22.6,14,14,38.8,1635.12,"1"
9.2,17.6,22.6,9,14,38.8,1473.62,"1"
9.2,17.6,22.6,9,14,38.8,1473.62,"1"
9.2,17.6,22.6,9,14,38.8,1473.62,"1"
9.2,17.6,22.6,9,14,38.8,1473.62,"1"
9.2,17.6,22.6,29,4,38.8,1791.62,"1"
9.2,17.6,22.6,9,14,38.8,1473.62,"1"
9.2,17.6,22.6,14,19,38.8,1799.12,"1"
9.2,17.6,22.6,14,19,38.8,1799.12,"1"
9.2,17.6,22.6,14,19,38.8,1799.12,"1"
9.2,17.6,22.6,14,19,38.8,1799.12,"1"
9.2,17.6,22.6,9,19,38.8,1637.62,"1"
9.2,17.6,22.6,9,19,38.8,1637.62,"1"
9.2,17.6,22.6,14,14,38.8,1635.12,"1"
9.2,17.6,22.6,4,14,38.8,1312.12,"0"
9.2,17.6,22.6,14,14,38.8,1635.12,"1"
9.2,17.6,22.6,9,14,38.8,1473.62,"1"
9.2,17.6,22.6,19,4,38.8,1468.62,"1"
9.2,17.6,22.6,14,4,38.8,1307.12,"0"
9.2,17.6,22.6,9,4,38.8,1145.62,"0"
9.2,17.6,22.6,9,14,38.8,1473.62,"1"
9.2,17.6,22.6,14,14,38.8,1635.12,"1"
9.2,17.6,22.6,19,4,38.8,1468.62,"1"
9.2,17.6,22.6,14,4,38.8,1307.12,"0"
9.2,17.6,22.6,14,14,38.8,1635.12,"1"
9.2,17.6,22.6,14,14,38.8,1635.12,"1"
9.2,17.6,22.6,9,14,38.8,1473.62,"1"
9.2,17.6,22.6,9,9,38.8,1309.62,"0"
9.2,17.6,22.6,9,9,38.8,1309.62,"0"
9.2,17.6,22.6,9,9,38.8,1309.62,"0"
9.2,17.6,22.6,9,9,38.8,1309.62,"0"
9.2,17.6,22.6,14,9,38.8,1471.12,"1"
9.2,17.6,22.6,14,9,38.8,1471.12,"1"
9.2,17.6,22.6,14,9,38.8,1471.12,"1"
9.2,17.6,22.6,19,9,38.8,1632.62,"1"
9.2,17.6,22.6,24,9,38.8,1794.12,"1"
9.2,17.6,22.6,19,9,38.8,1632.62,"1"
9.2,17.6,22.6,19,9,38.8,1632.62,"1"
9.2,17.6,22.6,14,9,38.8,1471.12,"1"
9.2,17.6,22.6,14,9,38.8,1471.12,"1"
9.2,17.6,22.6,9,9,38.8,1309.62,"0"
9.2,17.6,22.6,9,9,38.8,1309.62,"0"
9.2,17.6,22.6,9,9,38.8,1309.62,"0"
9.2,17.6,22.6,9,9,38.8,1309.62,"0"
9.2,17.6,22.6,9,9,38.8,1309.62,"0"
9.2,17.6,22.6,19,9,38.8,1632.62,"1"
9.2,17.6,22.6,19,9,38.8,1632.62,"1"
9.2,17.6,22.6,19,9,38.8,1632.62,"1"
9.2,17.6,22.6,19,9,38.8,1632.62,"1"
9.2,17.6,22.6,19,9,38.8,1632.62,"1"
9.2,17.6,22.6,9,9,38.8,1309.62,"0"
9.2,17.6,22.6,4,9,38.8,1148.12,"0"
9.2,17.6,22.6,9,9,38.8,1309.62,"0"
9.2,17.6,22.6,4,9,38.8,1148.12,"0"
9.2,17.6,22.6,9,9,38.8,1309.62,"0"
9.2,17.6,22.6,9,9,38.8,1309.62,"0"
9.2,17.6,22.6,9,9,38.8,1309.62,"0"
9.2,17.6,22.6,9,9,38.8,1309.62,"0"
9.2,17.6,22.6,9,9,38.8,1309.62,"0"
9.2,17.6,22.6,9,9,38.8,1309.62,"0"
9.2,17.6,22.6,4,9,38.8,1148.12,"0"
9.2,17.6,22.6,9,9,38.8,1309.62,"0"
9.2,17.6,22.6,9,9,38.8,1309.62,"0"
9.2,17.6,22.6,9,9,38.8,1309.62,"0"
9.2,17.6,22.6,19,14,38.8,1796.62,"1"
9.2,17.6,22.6,9,19,38.8,1637.62,"1"
9.2,17.6,22.6,9,19,38.8,1637.62,"1"
9.2,17.6,22.6,9,14,38.8,1473.62,"1"
9.2,17.6,22.6,9,14,38.8,1473.62,"1"
9.2,17.6,22.6,9,14,38.8,1473.62,"1"
9.2,17.6,22.6,9,14,38.8,1473.62,"1"
9.2,17.6,22.6,9,14,38.8,1473.62,"1"
9.2,17.6,22.6,14,14,38.8,1635.12,"1"
9.2,17.6,22.6,14,14,38.8,1635.12,"1"
9.2,17.6,22.6,19,14,38.8,1796.62,"1"
9.2,17.6,22.6,24,19,38.8,2122.12,"1"
9.2,17.6,22.6,29,19,38.8,2283.62,"1"
9.2,17.6,22.6,29,19,38.8,2283.62,"1"
9.2,17.6,22.6,29,19,38.8,2283.62,"1"
9.2,17.6,22.6,29,19,38.8,2283.62,"1"
9.2,17.6,22.6,29,19,38.8,2283.62,"1"
9.2,17.6,22.6,4,19,38.8,1476.12,"1"
9.2,17.6,22.6,14,14,38.8,1635.12,"1"
9.2,17.6,22.6,19,14,38.8,1796.62,"1"
9.2,17.6,22.6,14,14,38.8,1635.12,"1"
9.2,17.6,22.6,4,14,38.8,1312.12,"0"
9.2,17.6,22.6,4,14,38.8,1312.12,"0"
9.2,17.6,22.6,4,14,38.8,1312.12,"0"
9.2,17.6,22.6,4,14,38.8,1312.12,"0"
9.2,17.6,22.6,4,14,38.8,1312.12,"0"
9.2,17.6,22.6,4,14,38.8,1312.12,"0"
9.2,17.6,22.6,4,14,38.8,1312.12,"0"
9.2,17.6,22.6,4,14,38.8,1312.12,"0"
9.2,17.6,22.6,4,14,38.8,1312.12,"0"
9.2,17.6,22.6,4,14,38.8,1312.12,"0"
9.2,17.6,22.6,4,19,38.8,1476.12,"1"
9.2,17.6,22.6,4,19,38.8,1476.12,"1"
9.2,17.6,22.6,4,19,38.8,1476.12,"1"
9.2,17.6,22.6,4,19,38.8,1476.12,"1"
9.2,17.6,22.6,4,19,38.8,1476.12,"1"
9.2,17.6,22.6,4,19,38.8,1476.12,"1"
9.2,17.6,22.6,4,19,38.8,1476.12,"1"
9.2,17.6,22.6,14,4,38.8,1307.12,"0"
9.2,17.6,22.6,9,4,38.8,1145.62,"0"
9.2,17.6,22.6,14,4,38.8,1307.12,"0"
9.2,17.6,22.6,9,4,38.8,1145.62,"0"
9.2,17.6,22.6,9,4,38.8,1145.62,"0"
9.2,17.6,22.6,9,4,38.8,1145.62,"0"
9.2,17.6,22.6,9,4,38.8,1145.62,"0"
9.2,17.6,22.6,9,4,38.8,1145.62,"0"
9.2,17.6,22.6,19,4,38.8,1468.62,"1"
9.2,17.6,22.6,19,4,38.8,1468.62,"1"
9.2,17.6,22.6,19,4,38.8,1468.62,"1"
9.2,17.6,22.6,19,4,38.8,1468.62,"1"
9.2,17.6,22.6,19,4,38.8,1468.62,"1"
9.2,17.6,22.6,14,14,38.8,1635.12,"1"
9.2,17.6,22.6,9,4,38.8,1145.62,"0"
9.2,17.6,22.6,9,14,38.8,1473.62,"1"
9.2,17.6,22.6,9,14,38.8,1473.62,"1"
9.2,17.6,22.6,9,14,38.8,1473.62,"1"
9.2,17.6,22.6,14,14,38.8,1635.12,"1"
9.2,17.6,22.6,4,14,38.8,1312.12,"0"
9.2,17.6,22.6,9,4,38.8,1145.62,"0"
9.2,17.6,22.6,24,4,38.8,1630.12,"1"
9.2,17.6,22.6,29,14,38.8,2119.62,"1"
9.2,17.6,22.6,19,14,38.8,1796.62,"1"
9.2,17.6,22.6,19,14,38.8,1796.62,"1"
9.2,17.6,22.6,19,14,38.8,1796.62,"1"
9.2,17.6,22.6,24,14,38.8,1958.12,"1"
9.2,17.6,22.6,24,14,38.8,1958.12,"1"
9.2,17.6,22.6,19,14,38.8,1796.62,"1"
9.2,17.6,22.6,14,14,38.8,1635.12,"1"
9.2,17.6,22.6,24,14,38.8,1958.12,"1"
9.2,17.6,22.6,29,4,38.8,1791.62,"1"
9.2,17.6,22.6,24,4,38.8,1630.12,"1"
9.2,17.6,22.6,29,14,38.8,2119.62,"1"
9.2,17.6,22.6,29,14,38.8,2119.62,"1"
9.2,17.6,22.6,19,4,38.8,1468.62,"1"
9.2,17.6,22.6,19,4,38.8,1468.62,"1"
9.2,17.6,22.6,19,4,38.8,1468.62,"1"
9.2,17.6,22.6,24,4,38.8,1630.12,"1"
9.2,17.6,22.6,19,4,38.8,1468.62,"1"
9.2,17.6,22.6,19,4,38.8,1468.62,"1"
9.2,17.6,22.6,14,14,38.8,1635.12,"1"
9.2,17.6,22.6,14,14,38.8,1635.12,"1"
9.2,17.6,22.6,19,4,38.8,1468.62,"1"
9.2,17.6,22.6,9,14,38.8,1473.62,"1"
9.2,17.6,22.6,9,14,38.8,1473.62,"1"
9.2,17.6,22.6,9,14,38.8,1473.62,"1"
9.2,17.6,22.6,9,14,38.8,1473.62,"1"
9.2,17.6,22.6,9,4,38.8,1145.62,"0"
9.2,17.6,22.6,9,4,38.8,1145.62,"0"
9.2,17.6,22.6,14,4,38.8,1307.12,"0"
9.2,17.6,22.6,14,4,38.8,1307.12,"0"
9.2,17.6,22.6,29,14,38.8,2119.62,"1"
9.2,17.6,22.6,29,14,38.8,2119.62,"1"
9.2,17.6,22.6,29,14,38.8,2119.62,"1"
9.2,17.6,22.6,24,14,38.8,1958.12,"1"
9.2,17.6,22.6,29,14,38.8,2119.62,"1"
9.2,17.6,22.6,14,14,38.8,1635.12,"1"
9.2,17.6,22.6,19,14,38.8,1796.62,"1"
9.2,17.6,22.6,24,14,38.8,1958.12,"1"
9.2,17.6,22.6,19,14,38.8,1796.62,"1"
9.2,17.6,22.6,19,14,38.8,1796.62,"1"
9.2,17.6,22.6,19,14,38.8,1796.62,"1"
9.2,17.6,22.6,24,14,38.8,1958.12,"1"
9.2,17.6,22.6,29,14,38.8,2119.62,"1"
9.2,17.6,22.6,29,14,38.8,2119.62,"1"
9.2,17.6,22.6,29,14,38.8,2119.62,"1"
9.2,17.6,22.6,9,19,38.8,1637.62,"1"
9.2,17.6,22.6,14,19,38.8,1799.12,"1"
9.2,17.6,22.6,14,19,38.8,1799.12,"1"
9.2,17.6,22.6,14,19,38.8,1799.12,"1"
9.2,17.6,22.6,14,14,38.8,1635.12,"1"
9.2,17.6,22.6,9,14,38.8,1473.62,"1"
9.2,17.6,22.6,9,14,38.8,1473.62,"1"
9.2,17.6,22.6,14,14,38.8,1635.12,"1"
9.2,17.6,22.6,19,14,38.8,1796.62,"1"
9.2,17.6,22.6,19,14,38.8,1796.62,"1"
9.2,17.6,22.6,14,14,38.8,1635.12,"1"
9.2,17.6,22.6,9,14,38.8,1473.62,"1"
9.2,17.6,22.6,9,14,38.8,1473.62,"1"
9.2,17.6,22.6,14,14,38.8,1635.12,"1"
9.2,17.6,22.6,9,14,38.8,1473.62,"1"
9.2,17.6,22.6,9,14,38.8,1473.62,"1"
9.2,17.6,22.6,14,9,38.8,1471.12,"1"
9.2,17.6,22.6,19,9,38.8,1632.62,"1"
9.2,17.6,22.6,19,9,38.8,1632.62,"1"
9.2,17.6,22.6,4,9,38.8,1148.12,"0"
9.2,17.6,22.6,4,9,38.8,1148.12,"0"
9.2,17.6,22.6,4,9,38.8,1148.12,"0"
9.2,17.6,22.6,4,9,38.8,1148.12,"0"
9.2,17.6,22.6,4,9,38.8,1148.12,"0"
9.2,17.6,22.6,4,9,38.8,1148.12,"0"
9.2,17.6,22.6,4,9,38.8,1148.12,"0"
9.2,17.6,22.6,4,9,38.8,1148.12,"0"
9.2,17.6,22.6,4,9,38.8,1148.12,"0"
9.2,17.6,22.6,4,9,38.8,1148.12,"0"
9.2,17.6,22.6,4,9,38.8,1148.12,"0"
9.2,17.6,22.6,4,9,38.8,1148.12,"0"
9.2,17.6,22.6,4,9,38.8,1148.12,"0"
9.2,17.6,22.6,4,9,38.8,1148.12,"0"
9.2,17.6,22.6,4,9,38.8,1148.12,"0"
9.2,17.6,22.6,4,9,38.8,1148.12,"0"
9.2,17.6,22.6,4,9,38.8,1148.12,"0"
9.2,17.6,22.6,9,9,38.8,1309.62,"0"
9.2,17.6,22.6,9,9,38.8,1309.62,"0"
9.2,17.6,22.6,9,9,38.8,1309.62,"0"
9.2,17.6,22.6,14,9,38.8,1471.12,"1"
9.2,17.6,22.6,14,9,38.8,1471.12,"1"
9.2,17.6,22.6,9,9,38.8,1309.62,"0"
9.2,17.6,22.6,9,9,38.8,1309.62,"0"
9.2,17.6,22.6,14,9,38.8,1471.12,"1"
9.2,17.6,22.6,14,9,38.8,1471.12,"1"
9.2,17.6,22.6,14,9,38.8,1471.12,"1"
9.2,17.6,22.6,19,9,38.8,1632.62,"1"
9.2,17.6,22.6,14,9,38.8,1471.12,"1"
9.2,17.6,22.6,14,9,38.8,1471.12,"1"
9.2,17.6,22.6,14,9,11.9,1323.17,"0"
9.2,17.6,22.6,9,9,11.9,1161.67,"0"
9.2,17.6,22.6,9,9,11.9,1161.67,"0"
9.2,17.6,22.6,9,9,11.9,1161.67,"0"
9.2,17.6,22.6,14,9,11.9,1323.17,"0"
9.2,17.6,22.6,14,9,11.9,1323.17,"0"
9.2,17.6,22.6,14,9,11.9,1323.17,"0"
9.2,17.6,22.6,9,9,11.9,1161.67,"0"
9.2,17.6,22.6,9,9,11.9,1161.67,"0"
9.2,17.6,22.6,14,9,11.9,1323.17,"0"
9.2,17.6,22.6,9,9,11.9,1161.67,"0"
9.2,17.6,22.6,9,9,38.8,1309.62,"0"
9.2,17.6,22.6,9,9,38.8,1309.62,"0"
9.2,17.6,22.6,9,9,11.9,1161.67,"0"
9.2,17.6,22.6,14,9,38.8,1471.12,"1"
9.2,17.6,22.6,14,9,38.8,1471.12,"1"
9.2,17.6,22.6,14,9,38.8,1471.12,"1"
9.2,17.6,22.6,14,9,38.8,1471.12,"1"
9.2,17.6,22.6,29,4,38.8,1791.62,"1"
9.2,17.6,22.6,29,4,38.8,1791.62,"1"
9.2,17.6,22.6,24,4,38.8,1630.12,"1"
9.2,17.6,22.6,24,4,38.8,1630.12,"1"
9.2,17.6,22.6,9,19,38.8,1657.28,"1"
9.2,17.6,22.6,4,29,38.8,1640.12,"1"
9.2,17.6,22.6,4,24,38.8,1683.72,"1"
9.2,17.6,22.6,4,4,38.8,984.12,"0"
9.2,17.6,22.6,4,14,38.8,1312.12,"0"
9.2,17.6,22.6,4,4,38.8,984.12,"0"
9.2,17.6,22.6,4,24,38.8,1640.12,"1"
9.2,17.6,22.6,9,14,38.8,1473.62,"1"
9.2,17.6,22.6,29,4,38.8,1791.62,"1"
9.2,17.6,22.6,29,9,38.8,1955.62,"1"
9.2,17.6,22.6,4,24,38.8,1679.27,"1"
9.2,17.6,22.6,4,9,38.8,1148.12,"0"
9.2,17.6,22.6,4,4,38.8,984.12,"0"
9.2,17.6,22.6,9,19,38.8,1637.62,"1"
9.2,17.6,22.6,9,4,38.8,1145.62,"0"
9.2,17.6,22.6,9,19,38.8,1637.62,"1"
9.2,17.6,22.6,9,24,38.8,1801.62,"1"
9.2,17.6,22.6,9,19,38.8,1637.62,"1"
9.2,17.6,22.6,4,24,38.8,1640.12,"1"
9.2,17.6,22.6,4,14,38.8,1312.12,"0"
9.2,17.6,22.6,4,14,38.8,1312.12,"0"
9.2,17.6,22.6,4,14,38.8,1312.12,"0"
9.2,17.6,22.6,4,19,38.8,1476.12,"1"
9.2,17.6,22.6,4,29,38.8,1679.27,"1"
9.2,17.6,22.6,9,19,38.8,1691.29,"1"
9.2,17.6,22.6,4,14,38.8,1312.12,"0"
9.2,17.6,22.6,4,19,38.8,1476.12,"1"
9.2,17.6,22.6,9,14,38.8,1473.62,"1"
9.2,17.6,22.6,9,4,38.8,1145.62,"0"
9.2,17.6,22.6,9,19,38.8,1691.29,"1"
9.2,17.6,22.6,4,14,38.8,1312.12,"0"
9.2,17.6,22.6,29,4,38.8,1791.62,"1"
9.2,17.6,22.6,9,4,38.8,1145.62,"0"
9.2,17.6,22.6,14,4,38.8,1307.12,"0"
9.2,17.6,22.6,19,4,38.8,1468.62,"1"
9.2,17.6,22.6,24,4,38.8,1630.12,"1"
9.2,17.6,22.6,9,14,38.8,1473.62,"1"
9.2,17.6,22.6,19,19,38.8,1960.62,"1"
9.2,17.6,22.6,14,4,38.8,1307.12,"0"
9.2,17.6,22.6,9,4,38.8,1145.62,"0"
9.2,17.6,22.6,9,4,38.8,1145.62,"0"
9.2,17.6,22.6,9,4,38.8,1145.62,"0"
9.2,17.6,22.6,9,4,38.8,1145.62,"0"
9.2,17.6,22.6,24,4,38.8,1630.12,"1"
9.2,17.6,22.6,19,4,38.8,1468.62,"1"
9.2,17.6,22.6,14,4,38.8,1307.12,"0"
9.2,17.6,22.6,24,4,38.8,1630.12,"1"
9.2,17.6,22.6,14,4,38.8,1307.12,"0"
9.2,17.6,22.6,14,4,38.8,1307.12,"0"
9.2,17.6,22.6,14,4,38.8,1307.12,"0"
9.2,17.6,22.6,14,4,38.8,1307.12,"0"
9.2,17.6,22.6,24,4,38.8,1630.12,"1"
9.2,17.6,22.6,19,4,38.8,1468.62,"1"
9.2,17.6,22.6,14,4,38.8,1307.12,"0"
9.2,17.6,22.6,9,4,38.8,1145.62,"0"
9.2,17.6,22.6,19,4,38.8,1468.62,"1"
9.2,17.6,22.6,19,4,38.8,1468.62,"1"
9.2,17.6,22.6,19,4,38.8,1468.62,"1"
9.2,17.6,22.6,24,4,38.8,1630.12,"1"
9.2,17.6,22.6,24,4,38.8,1630.12,"1"
9.2,17.6,22.6,14,4,38.8,1307.12,"0"
9.2,17.6,22.6,29,4,38.8,1791.62,"1"
9.2,17.6,22.6,29,4,38.8,1791.62,"1"
9.2,17.6,22.6,29,4,38.8,1791.62,"1"
9.2,17.6,22.6,29,4,38.8,1791.62,"1"
9.2,17.6,22.6,24,4,38.8,1630.12,"1"
9.2,17.6,22.6,19,4,38.8,1468.62,"1"
9.2,17.6,22.6,19,4,38.8,1468.62,"1"
9.2,17.6,22.6,19,4,38.8,1468.62,"1"
9.2,17.6,22.6,14,4,38.8,1307.12,"0"
9.2,17.6,22.6,14,4,38.8,1307.12,"0"
9.2,17.6,22.6,14,4,38.8,1307.12,"0"
9.2,17.6,22.6,9,4,38.8,1145.62,"0"
9.2,17.6,22.6,19,4,38.8,1468.62,"1"
9.2,17.6,22.6,24,4,38.8,1630.12,"1"
9.2,17.6,22.6,14,4,38.8,1307.12,"0"
9.2,17.6,22.6,9,14,38.8,1473.62,"1"
9.2,17.6,22.6,14,14,38.8,1635.12,"1"
9.2,17.6,22.6,14,14,38.8,1635.12,"1"
9.2,17.6,22.6,14,14,38.8,1635.12,"1"
9.2,17.6,22.6,19,14,38.8,1796.62,"1"
9.2,17.6,22.6,19,14,38.8,1796.62,"1"
9.2,17.6,22.6,14,14,38.8,1635.12,"1"
9.2,17.6,22.6,14,14,38.8,1635.12,"1"
9.2,17.6,22.6,14,14,38.8,1635.12,"1"
9.2,17.6,22.6,9,14,38.8,1473.62,"1"
9.2,17.6,22.6,14,14,38.8,1635.12,"1"
9.2,17.6,22.6,14,14,38.8,1635.12,"1"
9.2,17.6,22.6,24,14,38.8,1958.12,"1"
9.2,17.6,22.6,14,14,38.8,1635.12,"1"
9.2,17.6,22.6,14,14,38.8,1635.12,"1"
9.2,17.6,22.6,14,14,38.8,1635.12,"1"
9.2,17.6,22.6,14,14,38.8,1635.12,"1"
9.2,17.6,22.6,24,14,38.8,1958.12,"1"
9.2,17.6,22.6,19,14,38.8,1796.62,"1"
9.2,17.6,22.6,19,14,38.8,1796.62,"1"
9.2,17.6,22.6,29,14,38.8,2119.62,"1"
9.2,17.6,22.6,24,14,38.8,1958.12,"1"
9.2,17.6,22.6,29,14,38.8,2119.62,"1"
9.2,17.6,22.6,24,14,38.8,1958.12,"1"
9.2,17.6,22.6,19,14,38.8,1796.62,"1"
9.2,17.6,22.6,19,14,38.8,1796.62,"1"
9.2,17.6,22.6,19,14,38.8,1796.62,"1"
9.2,17.6,22.6,29,14,38.8,2119.62,"1"
9.2,17.6,22.6,19,14,38.8,1796.62,"1"
9.2,17.6,22.6,19,14,38.8,1796.62,"1"
9.2,17.6,22.6,24,14,38.8,1958.12,"1"
9.2,17.6,22.6,24,14,38.8,1958.12,"1"
9.2,17.6,22.6,24,14,38.8,1958.12,"1"
9.2,17.6,22.6,24,14,38.8,1958.12,"1"
9.2,17.6,22.6,24,14,38.8,1958.12,"1"
9.2,17.6,22.6,24,14,38.8,1958.12,"1"
9.2,17.6,22.6,24,14,38.8,1958.12,"1"
9.2,17.6,22.6,19,14,38.8,1796.62,"1"
9.2,17.6,22.6,19,14,38.8,1796.62,"1"
9.2,17.6,22.6,19,14,38.8,1796.62,"1"
9.2,17.6,22.6,19,14,38.8,1796.62,"1"
9.2,17.6,22.6,14,14,38.8,1635.12,"1"
9.2,17.6,22.6,9,14,38.8,1473.62,"1"
9.2,17.6,22.6,4,14,38.8,1312.12,"0"
9.2,17.6,22.6,4,19,38.8,1476.12,"1"
9.2,17.6,22.6,9,19,38.8,1637.62,"1"
9.2,17.6,22.6,14,19,38.8,1799.12,"1"
9.2,17.6,22.6,14,19,38.8,1799.12,"1"
9.2,17.6,22.6,19,19,38.8,1960.62,"1"
9.2,17.6,22.6,9,19,38.8,1637.62,"1"
9.2,17.6,22.6,14,19,38.8,1799.12,"1"
9.2,17.6,22.6,19,19,38.8,1960.62,"1"
9.2,17.6,22.6,29,19,38.8,2283.62,"1"
9.2,17.6,22.6,24,19,38.8,2122.12,"1"
9.2,17.6,22.6,24,19,38.8,2122.12,"1"
9.2,17.6,22.6,29,19,38.8,2283.62,"1"
9.2,17.6,22.6,14,19,38.8,1799.12,"1"
9.2,17.6,22.6,24,19,38.8,2122.12,"1"
9.2,17.6,22.6,24,19,38.8,2122.12,"1"
9.2,17.6,22.6,9,9,38.8,1309.62,"0"
9.2,17.6,22.6,14,9,38.8,1471.12,"1"
9.2,17.6,22.6,9,9,38.8,1309.62,"0"
9.2,17.6,22.6,9,9,38.8,1309.62,"0"
9.2,17.6,22.6,9,9,38.8,1309.62,"0"
9.2,17.6,22.6,9,9,38.8,1309.62,"0"
9.2,17.6,22.6,9,9,38.8,1309.62,"0"
9.2,17.6,22.6,9,9,38.8,1309.62,"0"
9.2,17.6,22.6,9,9,38.8,1309.62,"0"
9.2,17.6,22.6,9,9,38.8,1309.62,"0"
9.2,17.6,22.6,9,9,38.8,1309.62,"0"
9.2,17.6,22.6,9,9,38.8,1309.62,"0"
9.2,17.6,22.6,9,9,38.8,1309.62,"0"
9.2,17.6,22.6,9,9,38.8,1309.62,"0"
9.2,17.6,22.6,9,9,38.8,1309.62,"0"
9.2,17.6,22.6,19,9,38.8,1632.62,"1"
9.2,17.6,22.6,14,9,38.8,1471.12,"1"
9.2,17.6,22.6,9,9,38.8,1309.62,"0"
9.2,17.6,22.6,9,9,38.8,1309.62,"0"
9.2,17.6,22.6,9,9,38.8,1309.62,"0"
9.2,17.6,22.6,9,9,38.8,1309.62,"0"
9.2,17.6,22.6,9,9,38.8,1309.62,"0"
9.2,17.6,22.6,9,9,38.8,1309.62,"0"
9.2,17.6,22.6,9,9,38.8,1309.62,"0"
9.2,17.6,22.6,9,9,38.8,1309.62,"0"
9.2,17.6,22.6,9,19,38.8,1637.62,"1"
9.2,17.6,22.6,9,19,38.8,1637.62,"1"
9.2,17.6,22.6,9,19,38.8,1637.62,"1"
9.2,17.6,22.6,14,19,38.8,1799.12,"1"
9.2,17.6,22.6,14,19,38.8,1799.12,"1"
9.2,17.6,22.6,24,19,38.8,2122.12,"1"
9.2,17.6,22.6,29,19,38.8,2283.62,"1"
9.2,17.6,22.6,14,19,38.8,1799.12,"1"
9.2,17.6,22.6,14,19,38.8,1799.12,"1"
9.2,17.6,22.6,14,19,38.8,1799.12,"1"
9.2,17.6,22.6,14,19,38.8,1799.12,"1"
9.2,17.6,22.6,14,19,38.8,1799.12,"1"
9.2,17.6,22.6,9,19,38.8,1637.62,"1"
9.2,17.6,22.6,9,19,38.8,1637.62,"1"
9.2,17.6,22.6,14,19,38.8,1799.12,"1"
9.2,17.6,22.6,19,19,38.8,1960.62,"1"
9.2,17.6,22.6,9,4,38.8,1145.62,"0"
9.2,17.6,22.6,9,4,38.8,1145.62,"0"
9.2,17.6,22.6,9,4,38.8,1145.62,"0"
9.2,17.6,22.6,9,4,38.8,1145.62,"0"
9.2,17.6,22.6,9,4,38.8,1145.62,"0"
9.2,17.6,22.6,4,4,38.8,984.12,"0"
9.2,17.6,22.6,4,4,38.8,984.12,"0"
9.2,17.6,22.6,9,4,38.8,1145.62,"0"
9.2,17.6,22.6,9,4,38.8,1145.62,"0"
9.2,17.6,22.6,9,4,38.8,1145.62,"0"
9.2,17.6,22.6,9,4,38.8,1145.62,"0"
9.2,17.6,22.6,9,4,38.8,1145.62,"0"
9.2,17.6,22.6,9,4,38.8,1145.62,"0"
9.2,17.6,22.6,19,4,38.8,1468.62,"1"
9.2,17.6,22.6,14,4,38.8,1307.12,"0"
9.2,17.6,22.6,14,14,38.8,1635.12,"1"
9.2,17.6,22.6,4,14,38.8,1312.12,"0"
9.2,17.6,22.6,9,14,38.8,1473.62,"1"
9.2,17.6,22.6,9,14,38.8,1473.62,"1"
9.2,17.6,22.6,9,14,38.8,1473.62,"1"
9.2,17.6,22.6,9,14,38.8,1473.62,"1"
9.2,17.6,22.6,14,14,38.8,1635.12,"1"
9.2,17.6,22.6,14,14,38.8,1635.12,"1"
9.2,17.6,22.6,14,14,38.8,1635.12,"1"
9.2,17.6,22.6,9,14,38.8,1473.62,"1"
9.2,17.6,22.6,9,14,38.8,1473.62,"1"
9.2,17.6,22.6,9,14,38.8,1473.62,"1"
9.2,17.6,22.6,9,14,38.8,1473.62,"1"
9.2,17.6,22.6,9,14,38.8,1473.62,"1"
9.2,17.6,22.6,9,14,38.8,1473.62,"1"
9.2,17.6,22.6,9,14,38.8,1473.62,"1"
9.2,17.6,22.6,9,14,38.8,1473.62,"1"
9.2,17.6,22.6,19,14,38.8,1796.62,"1"
9.2,17.6,22.6,24,14,38.8,1958.12,"1"
9.2,17.6,22.6,19,14,38.8,1796.62,"1"
9.2,17.6,22.6,9,14,38.8,1473.62,"1"
9.2,17.6,22.6,9,14,38.8,1473.62,"1"
9.2,17.6,22.6,9,14,38.8,1473.62,"1"
9.2,17.6,22.6,14,14,38.8,1635.12,"1"
9.2,17.6,22.6,19,14,38.8,1796.62,"1"
9.2,17.6,22.6,19,14,38.8,1796.62,"1"
9.2,17.6,22.6,19,14,38.8,1796.62,"1"
9.2,17.6,22.6,14,14,38.8,1635.12,"1"
9.2,17.6,22.6,14,14,38.8,1635.12,"1"
9.2,17.6,22.6,14,14,38.8,1635.12,"1"
9.2,17.6,22.6,9,14,38.8,1473.62,"1"
9.2,17.6,22.6,14,14,38.8,1635.12,"1"
9.2,17.6,22.6,14,14,38.8,1635.12,"1"
9.2,17.6,22.6,9,4,38.8,1145.62,"0"
9.2,17.6,22.6,14,4,38.8,1307.12,"0"
9.2,17.6,22.6,9,4,38.8,1145.62,"0"
9.2,17.6,22.6,9,4,38.8,1145.62,"0"
9.2,17.6,22.6,9,4,38.8,1145.62,"0"
9.2,17.6,22.6,9,4,38.8,1145.62,"0"
9.2,17.6,22.6,14,9,38.8,1471.12,"1"
9.2,17.6,22.6,4,4,38.8,984.12,"0"
9.2,17.6,22.6,9,14,38.8,1473.62,"1"
9.2,17.6,22.6,9,14,38.8,1473.62,"1"
9.2,17.6,22.6,24,14,38.8,1958.12,"1"
9.2,17.6,22.6,9,14,38.8,1473.62,"1"
9.2,17.6,22.6,19,14,38.8,1796.62,"1"
9.2,17.6,22.6,24,14,38.8,1958.12,"1"
9.2,17.6,22.6,29,14,38.8,2119.62,"1"
9.2,17.6,22.6,24,14,38.8,1958.12,"1"
9.2,17.6,22.6,19,14,38.8,1796.62,"1"
9.2,17.6,22.6,19,14,38.8,1796.62,"1"
9.2,17.6,22.6,19,14,38.8,1796.62,"1"
9.2,17.6,22.6,19,14,38.8,1796.62,"1"
9.2,17.6,22.6,9,14,38.8,1473.62,"1"
9.2,17.6,22.6,9,9,38.8,1309.62,"0"
9.2,17.6,22.6,9,9,38.8,1309.62,"0"
9.2,17.6,22.6,9,9,38.8,1309.62,"0"
9.2,17.6,22.6,9,9,38.8,1309.62,"0"
9.2,17.6,22.6,9,14,38.8,1473.62,"1"
9.2,17.6,22.6,19,14,38.8,1796.62,"1"
9.2,17.6,22.6,4,9,38.8,1148.12,"0"
9.2,17.6,22.6,4,14,38.8,1312.12,"0"
9.2,17.6,22.6,4,14,38.8,1312.12,"0"
9.2,17.6,22.6,4,14,38.8,1312.12,"0"
9.2,17.6,22.6,4,9,38.8,1148.12,"0"
9.2,17.6,22.6,4,9,38.8,1148.12,"0"
9.2,17.6,22.6,4,14,38.8,1312.12,"0"
9.2,17.6,22.6,4,14,38.8,1312.12,"0"
9.2,17.6,22.6,4,14,38.8,1312.12,"0"
9.2,17.6,22.6,4,14,38.8,1312.12,"0"
9.2,17.6,22.6,9,14,38.8,1473.62,"1"
9.2,17.6,22.6,9,14,38.8,1473.62,"1"
9.2,17.6,22.6,9,14,38.8,1473.62,"1"
9.2,17.6,22.6,4,14,38.8,1312.12,"0"
9.2,17.6,22.6,4,14,38.8,1312.12,"0"
9.2,17.6,22.6,9,14,38.8,1473.62,"1"
9.2,17.6,22.6,9,14,38.8,1473.62,"1"
9.2,17.6,22.6,9,14,38.8,1473.62,"1"
9.2,17.6,22.6,4,14,38.8,1312.12,"0"
9.2,17.6,22.6,9,14,38.8,1473.62,"1"
9.2,17.6,22.6,9,14,38.8,1473.62,"1"
9.2,17.6,22.6,4,14,38.8,1312.12,"0"
9.2,17.6,22.6,4,14,38.8,1312.12,"0"
9.2,17.6,22.6,9,14,38.8,1473.62,"1"
9.2,17.6,22.6,9,14,38.8,1473.62,"1"
9.2,17.6,22.6,9,14,38.8,1473.62,"1"
9.2,17.6,22.6,14,14,38.8,1635.12,"1"
9.2,17.6,22.6,14,14,38.8,1635.12,"1"
9.2,17.6,22.6,14,14,38.8,1635.12,"1"
9.2,17.6,22.6,14,14,38.8,1635.12,"1"
9.2,17.6,22.6,14,14,38.8,1635.12,"1"
9.2,17.6,22.6,14,14,38.8,1635.12,"1"
9.2,17.6,22.6,9,14,38.8,1473.62,"1"
9.2,17.6,22.6,9,14,38.8,1473.62,"1"
9.2,17.6,22.6,9,14,38.8,1473.62,"1"
9.2,17.6,22.6,9,14,38.8,1473.62,"1"
9.2,17.6,22.6,9,14,38.8,1473.62,"1"
9.2,17.6,22.6,14,14,38.8,1635.12,"1"
9.2,17.6,22.6,14,14,38.8,1635.12,"1"
9.2,17.6,22.6,14,14,38.8,1635.12,"1"
9.2,17.6,22.6,14,14,38.8,1635.12,"1"
9.2,17.6,22.6,14,14,38.8,1635.12,"1"
9.2,17.6,22.6,9,14,38.8,1473.62,"1"
9.2,17.6,22.6,9,14,38.8,1473.62,"1"
9.2,17.6,22.6,9,14,38.8,1473.62,"1"
9.2,17.6,22.6,9,14,38.8,1473.62,"1"
9.2,17.6,22.6,9,14,38.8,1473.62,"1"
9.2,17.6,22.6,9,14,38.8,1473.62,"1"
9.2,17.6,22.6,9,14,38.8,1473.62,"1"
9.2,17.6,22.6,9,14,38.8,1473.62,"1"
9.2,17.6,22.6,9,14,38.8,1473.62,"1"
9.2,17.6,22.6,9,14,38.8,1473.62,"1"
9.2,17.6,22.6,9,14,38.8,1473.62,"1"
9.2,17.6,22.6,9,14,38.8,1473.62,"1"
9.2,17.6,22.6,4,14,38.8,1312.12,"0"
9.2,17.6,22.6,9,14,38.8,1473.62,"1"
9.2,17.6,22.6,9,19,38.8,1637.62,"1"
9.2,17.6,22.6,9,19,38.8,1637.62,"1"
9.2,17.6,22.6,9,19,38.8,1637.62,"1"
9.2,17.6,22.6,9,19,38.8,1637.62,"1"
9.2,17.6,22.6,9,19,38.8,1637.62,"1"
9.2,17.6,22.6,9,19,38.8,1637.62,"1"
9.2,17.6,22.6,9,19,38.8,1637.62,"1"
9.2,17.6,22.6,9,19,38.8,1637.62,"1"
9.2,17.6,22.6,9,19,38.8,1637.62,"1"
9.2,17.6,22.6,9,19,38.8,1637.62,"1"
9.2,17.6,22.6,9,19,38.8,1637.62,"1"
9.2,17.6,22.6,4,19,38.8,1476.12,"1"
9.2,17.6,22.6,9,19,38.8,1637.62,"1"
9.2,17.6,22.6,9,19,38.8,1637.62,"1"
9.2,17.6,22.6,9,19,38.8,1637.62,"1"
9.2,17.6,22.6,9,14,38.8,1473.62,"1"
9.2,17.6,22.6,9,14,38.8,1473.62,"1"
9.2,17.6,22.6,9,14,38.8,1473.62,"1"
9.2,17.6,22.6,9,14,38.8,1473.62,"1"
9.2,17.6,22.6,9,14,38.8,1473.62,"1"
9.2,17.6,22.6,9,14,38.8,1473.62,"1"
9.2,17.6,22.6,9,14,38.8,1473.62,"1"
9.2,17.6,22.6,9,14,38.8,1473.62,"1"
9.2,17.6,22.6,9,14,38.8,1473.62,"1"
9.2,17.6,22.6,9,14,38.8,1473.62,"1"
9.2,17.6,22.6,9,14,38.8,1473.62,"1"
9.2,17.6,22.6,9,14,38.8,1473.62,"1"
9.2,17.6,22.6,9,14,38.8,1473.62,"1"
9.2,17.6,22.6,14,14,38.8,1635.12,"1"
9.2,17.6,22.6,19,14,38.8,1796.62,"1"
9.2,17.6,22.6,14,14,38.8,1635.12,"1"
9.2,17.6,22.6,9,14,38.8,1473.62,"1"
9.2,17.6,22.6,14,14,38.8,1635.12,"1"
9.2,17.6,22.6,14,14,38.8,1635.12,"1"
9.2,17.6,22.6,14,14,38.8,1635.12,"1"
9.2,17.6,22.6,14,14,38.8,1635.12,"1"
9.2,17.6,22.6,14,14,38.8,1635.12,"1"
9.2,17.6,22.6,14,14,38.8,1635.12,"1"
9.2,17.6,22.6,9,14,38.8,1473.62,"1"
9.2,17.6,22.6,9,14,38.8,1473.62,"1"
9.2,17.6,22.6,9,14,38.8,1473.62,"1"
9.2,17.6,22.6,14,14,38.8,1635.12,"1"
9.2,17.6,22.6,14,14,38.8,1635.12,"1"
9.2,17.6,22.6,14,9,38.8,1471.12,"1"
9.2,17.6,22.6,14,9,38.8,1471.12,"1"
9.2,17.6,22.6,14,9,38.8,1471.12,"1"
9.2,17.6,22.6,9,9,38.8,1309.62,"0"
9.2,17.6,22.6,9,9,38.8,1309.62,"0"
9.2,17.6,22.6,9,9,38.8,1309.62,"0"
9.2,17.6,22.6,14,9,38.8,1471.12,"1"
9.2,17.6,22.6,14,9,38.8,1471.12,"1"
9.2,17.6,22.6,14,9,38.8,1471.12,"1"
9.2,17.6,22.6,9,9,38.8,1309.62,"0"
9.2,17.6,22.6,9,9,38.8,1309.62,"0"
9.2,17.6,22.6,14,9,38.8,1471.12,"1"
9.2,17.6,22.6,9,9,38.8,1309.62,"0"
9.2,17.6,22.6,9,9,38.8,1309.62,"0"
9.2,17.6,22.6,9,9,38.8,1309.62,"0"
9.2,17.6,22.6,9,9,38.8,1309.62,"0"
9.2,17.6,22.6,9,9,38.8,1309.62,"0"
9.2,17.6,22.6,9,9,38.8,1309.62,"0"
9.2,17.6,22.6,9,9,38.8,1309.62,"0"
9.2,17.6,22.6,9,9,38.8,1309.62,"0"
9.2,17.6,22.6,9,9,38.8,1309.62,"0"
9.2,17.6,22.6,9,9,38.8,1309.62,"0"
9.2,17.6,22.6,9,9,38.8,1309.62,"0"
9.2,17.6,22.6,9,9,38.8,1309.62,"0"
9.2,17.6,22.6,9,9,38.8,1309.62,"0"
9.2,17.6,22.6,9,9,38.8,1309.62,"0"
9.2,17.6,22.6,9,9,38.8,1309.62,"0"
9.2,17.6,22.6,9,9,38.8,1309.62,"0"
9.2,17.6,22.6,9,9,38.8,1309.62,"0"
9.2,17.6,22.6,9,9,38.8,1309.62,"0"
9.2,17.6,22.6,9,9,38.8,1309.62,"0"
9.2,17.6,22.6,9,9,38.8,1309.62,"0"
9.2,17.6,22.6,9,9,38.8,1309.62,"0"
9.2,17.6,22.6,9,9,38.8,1309.62,"0"
9.2,17.6,22.6,14,9,38.8,1471.12,"1"
9.2,17.6,22.6,14,9,38.8,1471.12,"1"
9.2,17.6,22.6,14,9,38.8,1471.12,"1"
9.2,17.6,22.6,14,9,38.8,1471.12,"1"
9.2,17.6,22.6,14,9,38.8,1471.12,"1"
9.2,17.6,22.6,14,9,38.8,1471.12,"1"
9.2,17.6,22.6,14,9,38.8,1471.12,"1"
9.2,17.6,22.6,14,4,38.8,1307.12,"0"
9.2,17.6,22.6,14,4,38.8,1307.12,"0"
9.2,17.6,22.6,19,4,38.8,1468.62,"1"
9.2,17.6,22.6,14,4,38.8,1307.12,"0"
9.2,17.6,22.6,14,9,38.8,1471.12,"1"
9.2,17.6,22.6,9,9,38.8,1309.62,"0"
9.2,17.6,22.6,9,9,38.8,1309.62,"0"
9.2,17.6,22.6,9,9,38.8,1309.62,"0"
9.2,17.6,22.6,14,9,38.8,1471.12,"1"
9.2,17.6,22.6,14,9,38.8,1471.12,"1"
9.2,17.6,22.6,14,9,38.8,1471.12,"1"
9.2,17.6,22.6,14,9,38.8,1471.12,"1"
9.2,17.6,22.6,14,9,38.8,1471.12,"1"
9.2,17.6,22.6,14,9,38.8,1471.12,"1"
9.2,17.6,22.6,9,9,38.8,1309.62,"0"
9.2,17.6,22.6,9,9,38.8,1309.62,"0"
9.2,17.6,22.6,9,9,38.8,1309.62,"0"
9.2,17.6,22.6,9,9,38.8,1309.62,"0"
9.2,17.6,22.6,9,9,38.8,1309.62,"0"
9.2,17.6,22.6,9,9,38.8,1309.62,"0"
9.2,17.6,22.6,9,9,38.8,1309.62,"0"
9.2,17.6,22.6,9,9,38.8,1309.62,"0"
9.2,17.6,22.6,9,9,38.8,1309.62,"0"
9.2,17.6,22.6,9,9,38.8,1309.62,"0"
9.2,17.6,22.6,9,9,38.8,1309.62,"0"
9.2,17.6,22.6,9,9,38.8,1309.62,"0"
9.2,17.6,22.6,9,9,38.8,1309.62,"0"
9.2,17.6,22.6,4,9,38.8,1148.12,"0"
9.2,17.6,22.6,4,9,38.8,1148.12,"0"
9.2,17.6,22.6,4,9,38.8,1148.12,"0"
9.2,17.6,22.6,4,9,38.8,1148.12,"0"
9.2,17.6,22.6,4,14,38.8,1312.12,"0"
9.2,17.6,22.6,4,14,38.8,1312.12,"0"
9.2,17.6,22.6,4,14,38.8,1312.12,"0"
9.2,17.6,22.6,4,9,38.8,1148.12,"0"
9.2,17.6,22.6,9,9,38.8,1309.62,"0"
9.2,17.6,22.6,4,29,38.8,1804.12,"1"
9.2,17.6,22.6,9,29,38.8,1965.62,"1"
9.2,17.6,22.6,9,29,38.8,1965.62,"1"
9.2,17.6,22.6,4,29,38.8,1804.12,"1"
9.2,17.6,22.6,4,9,38.8,1148.12,"0"
9.2,17.6,22.6,4,9,38.8,1148.12,"0"
9.2,17.6,22.6,4,9,38.8,1148.12,"0"
9.2,17.6,22.6,9,9,38.8,1309.62,"0"
9.2,17.6,22.6,9,9,38.8,1309.62,"0"
9.2,17.6,22.6,9,9,38.8,1309.62,"0"
9.2,17.6,22.6,9,9,38.8,1309.62,"0"
9.2,17.6,22.6,9,24,38.8,1801.62,"1"
9.2,17.6,22.6,14,14,38.8,1635.12,"1"
9.2,17.6,22.6,14,14,38.8,1635.12,"1"
9.2,17.6,22.6,14,24,38.8,1963.12,"1"
9.2,17.6,22.6,14,24,38.8,1963.12,"1"
9.2,17.6,22.6,9,24,38.8,1801.62,"1"
9.2,17.6,22.6,4,4,38.8,984.12,"0"
9.2,17.6,22.6,4,4,38.8,984.12,"0"
9.2,17.6,22.6,4,4,38.8,984.12,"0"
9.2,17.6,22.6,4,4,38.8,984.12,"0"
9.2,17.6,22.6,4,4,38.8,984.12,"0"
9.2,17.6,22.6,14,14,38.8,1635.12,"1"
9.2,17.6,22.6,4,29,38.8,1804.12,"1"
9.2,17.6,22.6,4,29,38.8,1804.12,"1"
9.2,17.6,22.6,4,29,38.8,1804.12,"1"
9.2,17.6,22.6,4,29,38.8,1804.12,"1"
9.2,17.6,22.6,4,29,38.8,1804.12,"1"
9.2,17.6,22.6,4,29,38.8,1804.12,"1"
9.2,17.6,22.6,4,29,38.8,1804.12,"1"
9.2,17.6,22.6,4,29,38.8,1804.12,"1"
9.2,17.6,22.6,4,19,38.8,1476.12,"1"
9.2,17.6,22.6,4,19,38.8,1476.12,"1"
9.2,17.6,22.6,4,19,38.8,1476.12,"1"
9.2,17.6,22.6,4,19,38.8,1476.12,"1"
9.2,17.6,22.6,4,24,38.8,1640.12,"1"
9.2,17.6,22.6,4,24,38.8,1640.12,"1"
9.2,17.6,22.6,4,24,38.8,1640.12,"1"
9.2,17.6,22.6,4,24,38.8,1640.12,"1"
9.2,17.6,22.6,4,24,38.8,1640.12,"1"
9.2,17.6,22.6,4,24,38.8,1640.12,"1"
9.2,17.6,22.6,4,24,38.8,1640.12,"1"
9.2,17.6,22.6,4,24,38.8,1640.12,"1"
9.2,17.6,22.6,4,24,38.8,1640.12,"1"
9.2,17.6,22.6,4,24,38.8,1640.12,"1"
9.2,17.6,22.6,4,24,38.8,1640.12,"1"
9.2,17.6,22.6,4,24,38.8,1640.12,"1"
9.2,17.6,22.6,4,24,38.8,1640.12,"1"
9.2,17.6,22.6,9,24,38.8,1801.62,"1"
9.2,17.6,22.6,9,24,38.8,1801.62,"1"
9.2,17.6,22.6,14,24,38.8,1963.12,"1"
9.2,17.6,22.6,14,24,38.8,1963.12,"1"
9.2,17.6,22.6,14,24,38.8,1963.12,"1"
9.2,17.6,22.6,14,24,38.8,1963.12,"1"
9.2,17.6,22.6,14,24,38.8,1963.12,"1"
9.2,17.6,22.6,14,24,38.8,1963.12,"1"
9.2,17.6,22.6,14,24,38.8,1963.12,"1"
9.2,17.6,22.6,4,4,38.8,984.12,"0"
9.2,17.6,22.6,9,24,38.8,1801.62,"1"
9.2,17.6,22.6,9,24,38.8,1801.62,"1"
9.2,17.6,22.6,9,24,38.8,1801.62,"1"
9.2,17.6,22.6,14,24,38.8,1963.12,"1"
9.2,17.6,22.6,14,24,38.8,1963.12,"1"
9.2,17.6,22.6,14,24,38.8,1963.12,"1"
9.2,17.6,22.6,14,4,38.8,1307.12,"0"
9.2,17.6,22.6,14,4,38.8,1307.12,"0"
9.2,17.6,22.6,19,4,38.8,1468.62,"1"
9.2,17.6,22.6,14,4,38.8,1307.12,"0"
9.2,17.6,22.6,14,4,38.8,1307.12,"0"
9.2,17.6,22.6,9,4,38.8,1145.62,"0"
9.2,17.6,22.6,9,4,38.8,1145.62,"0"
9.2,17.6,22.6,9,4,38.8,1145.62,"0"
9.2,17.6,22.6,9,4,38.8,1145.62,"0"
9.2,17.6,22.6,9,4,38.8,1145.62,"0"
9.2,17.6,22.6,14,4,38.8,1307.12,"0"
9.2,17.6,22.6,14,4,38.8,1307.12,"0"
9.2,17.6,22.6,9,4,38.8,1145.62,"0"
9.2,17.6,22.6,9,4,38.8,1145.62,"0"
9.2,17.6,22.6,9,4,38.8,1145.62,"0"
9.2,17.6,22.6,9,4,38.8,1145.62,"0"
9.2,17.6,22.6,9,4,38.8,1145.62,"0"
9.2,17.6,22.6,9,4,38.8,1145.62,"0"
9.2,17.6,22.6,9,4,38.8,1145.62,"0"
9.2,17.6,22.6,9,4,38.8,1145.62,"0"
9.2,17.6,22.6,9,4,38.8,1145.62,"0"
9.2,17.6,22.6,9,4,38.8,1145.62,"0"
9.2,17.6,22.6,9,4,38.8,1145.62,"0"
9.2,17.6,22.6,14,4,38.8,1307.12,"0"
9.2,17.6,22.6,14,4,38.8,1307.12,"0"
9.2,17.6,22.6,14,4,38.8,1307.12,"0"
9.2,17.6,22.6,14,4,38.8,1307.12,"0"
9.2,17.6,22.6,14,4,38.8,1307.12,"0"
9.2,17.6,22.6,14,4,38.8,1307.12,"0"
9.2,17.6,22.6,14,4,38.8,1307.12,"0"
9.2,17.6,22.6,9,4,38.8,1145.62,"0"
9.2,17.6,22.6,9,4,38.8,1145.62,"0"
9.2,17.6,22.6,14,4,38.8,1307.12,"0"
9.2,17.6,22.6,14,4,38.8,1307.12,"0"
9.2,17.6,22.6,9,4,38.8,1145.62,"0"
9.2,17.6,22.6,9,4,38.8,1145.62,"0"
9.2,17.6,22.6,9,4,38.8,1145.62,"0"
9.2,17.6,22.6,9,4,38.8,1145.62,"0"
9.2,17.6,22.6,9,4,38.8,1145.62,"0"
9.2,17.6,22.6,9,4,38.8,1145.62,"0"
9.2,17.6,22.6,9,4,38.8,1145.62,"0"
9.2,17.6,22.6,9,24,38.8,1801.62,"1"
9.2,17.6,22.6,9,24,38.8,1801.62,"1"
9.2,17.6,22.6,9,24,38.8,1801.62,"1"
9.2,17.6,22.6,9,24,38.8,1801.62,"1"
9.2,17.6,22.6,9,24,38.8,1801.62,"1"
9.2,17.6,22.6,9,24,38.8,1801.62,"1"
9.2,17.6,22.6,9,24,38.8,1801.62,"1"
9.2,17.6,22.6,9,24,38.8,1801.62,"1"
9.2,17.6,22.6,9,24,38.8,1801.62,"1"
9.2,17.6,22.6,9,24,38.8,1801.62,"1"
9.2,17.6,22.6,9,24,38.8,1801.62,"1"
9.2,17.6,22.6,9,24,38.8,1801.62,"1"
9.2,17.6,22.6,9,24,38.8,1801.62,"1"
9.2,17.6,22.6,9,24,38.8,1801.62,"1"
9.2,17.6,22.6,9,24,38.8,1801.62,"1"
9.2,17.6,22.6,9,4,38.8,1145.62,"0"
9.2,17.6,22.6,9,4,38.8,1145.62,"0"
9.2,17.6,22.6,9,4,38.8,1145.62,"0"
9.2,17.6,22.6,9,4,38.8,1145.62,"0"
9.2,17.6,22.6,14,4,38.8,1307.12,"0"
9.2,17.6,22.6,14,4,38.8,1307.12,"0"
9.2,17.6,22.6,14,4,38.8,1307.12,"0"
9.2,17.6,22.6,14,4,38.8,1307.12,"0"
9.2,17.6,22.6,9,4,38.8,1145.62,"0"
9.2,17.6,22.6,9,4,38.8,1145.62,"0"
9.2,17.6,22.6,9,4,38.8,1145.62,"0"
9.2,17.6,22.6,4,4,38.8,984.12,"0"
9.2,17.6,22.6,4,4,38.8,984.12,"0"
9.2,17.6,22.6,4,4,38.8,984.12,"0"
9.2,17.6,22.6,4,4,38.8,984.12,"0"
9.2,17.6,22.6,9,24,38.8,1801.62,"1"
9.2,17.6,22.6,9,24,38.8,1801.62,"1"
9.2,17.6,22.6,9,24,38.8,1801.62,"1"
9.2,17.6,22.6,9,24,38.8,1801.62,"1"
9.2,17.6,22.6,9,24,38.8,1801.62,"1"
9.2,17.6,22.6,4,24,38.8,1640.12,"1"
9.2,17.6,22.6,14,24,38.8,1963.12,"1"
9.2,17.6,22.6,14,24,38.8,1963.12,"1"
9.2,17.6,22.6,14,24,38.8,1963.12,"1"
9.2,17.6,22.6,14,24,38.8,1963.12,"1"
9.2,17.6,22.6,14,24,38.8,1963.12,"1"
9.2,17.6,22.6,14,4,38.8,1307.12,"0"
9.2,17.6,22.6,14,4,38.8,1307.12,"0"
9.2,17.6,22.6,14,4,38.8,1307.12,"0"
9.2,17.6,22.6,14,24,38.8,1963.12,"1"
9.2,17.6,22.6,14,24,38.8,1963.12,"1"
9.2,17.6,22.6,14,24,38.8,1963.12,"1"
9.2,17.6,22.6,9,24,38.8,1801.62,"1"
9.2,17.6,22.6,4,24,38.8,1640.12,"1"
9.2,17.6,22.6,4,24,38.8,1640.12,"1"
9.2,17.6,22.6,4,24,38.8,1640.12,"1"
9.2,17.6,22.6,4,24,38.8,1640.12,"1"
9.2,17.6,22.6,9,24,38.8,1801.62,"1"
9.2,17.6,22.6,9,24,38.8,1801.62,"1"
9.2,17.6,22.6,19,14,38.8,1796.62,"1"
9.2,17.6,22.6,19,4,38.8,1468.62,"1"
9.2,17.6,22.6,9,14,38.8,1473.62,"1"
9.2,17.6,22.6,9,14,38.8,1473.62,"1"
9.2,17.6,22.6,9,14,38.8,1473.62,"1"
9.2,17.6,22.6,9,14,38.8,1473.62,"1"
9.2,17.6,22.6,9,14,38.8,1473.62,"1"
9.2,17.6,22.6,9,14,38.8,1473.62,"1"
9.2,17.6,22.6,9,14,38.8,1473.62,"1"
9.2,17.6,22.6,9,14,38.8,1473.62,"1"
9.2,17.6,22.6,9,14,38.8,1473.62,"1"
9.2,17.6,22.6,9,14,38.8,1473.62,"1"
9.2,17.6,22.6,9,14,38.8,1473.62,"1"
9.2,17.6,22.6,14,14,38.8,1635.12,"1"
9.2,17.6,22.6,14,14,38.8,1635.12,"1"
9.2,17.6,22.6,9,14,38.8,1473.62,"1"
9.2,17.6,22.6,9,14,38.8,1473.62,"1"
9.2,17.6,22.6,14,14,38.8,1635.12,"1"
9.2,17.6,22.6,24,14,38.8,1958.12,"1"
9.2,17.6,22.6,9,14,38.8,1473.62,"1"
9.2,17.6,22.6,9,14,38.8,1473.62,"1"
9.2,17.6,22.6,19,14,38.8,1796.62,"1"
9.2,17.6,22.6,14,14,38.8,1635.12,"1"
9.2,17.6,22.6,14,14,38.8,1635.12,"1"
9.2,17.6,22.6,14,14,38.8,1635.12,"1"
9.2,17.6,22.6,14,14,38.8,1635.12,"1"
9.2,17.6,22.6,19,14,38.8,1796.62,"1"
9.2,17.6,22.6,19,4,38.8,1468.62,"1"
9.2,17.6,22.6,9,4,38.8,1145.62,"0"
9.2,17.6,22.6,9,4,38.8,1145.62,"0"
9.2,17.6,22.6,4,4,38.8,984.12,"0"
9.2,17.6,22.6,4,4,38.8,984.12,"0"
9.2,17.6,22.6,4,4,38.8,984.12,"0"
9.2,17.6,22.6,9,4,38.8,1145.62,"0"
9.2,17.6,22.6,9,4,38.8,1145.62,"0"
9.2,17.6,22.6,9,4,38.8,1145.62,"0"
9.2,17.6,22.6,14,4,38.8,1307.12,"0"
9.2,17.6,22.6,4,14,38.8,1312.12,"0"
9.2,17.6,22.6,14,4,38.8,1307.12,"0"
9.2,17.6,22.6,14,4,38.8,1307.12,"0"
9.2,17.6,22.6,14,14,38.8,1635.12,"1"
9.2,17.6,22.6,14,14,38.8,1635.12,"1"
9.2,17.6,22.6,14,14,38.8,1635.12,"1"
9.2,17.6,22.6,14,14,38.8,1635.12,"1"
9.2,17.6,22.6,9,14,38.8,1473.62,"1"
9.2,17.6,22.6,9,14,38.8,1473.62,"1"
9.2,17.6,22.6,14,14,38.8,1635.12,"1"
9.2,17.6,22.6,14,14,38.8,1635.12,"1"
9.2,17.6,22.6,14,14,38.8,1635.12,"1"
9.2,17.6,22.6,4,14,38.8,1312.12,"0"
9.2,17.6,22.6,9,14,38.8,1473.62,"1"
9.2,17.6,22.6,14,14,38.8,1635.12,"1"
9.2,17.6,22.6,9,14,38.8,1473.62,"1"
9.2,17.6,22.6,4,14,38.8,1312.12,"0"
9.2,17.6,22.6,9,14,38.8,1473.62,"1"
9.2,17.6,22.6,14,14,38.8,1635.12,"1"
9.2,17.6,22.6,14,14,38.8,1635.12,"1"
9.2,17.6,22.6,9,14,38.8,1473.62,"1"
9.2,17.6,22.6,14,14,38.8,1635.12,"1"
9.2,17.6,22.6,19,14,38.8,1796.62,"1"
9.2,17.6,22.6,19,14,38.8,1796.62,"1"
9.2,17.6,22.6,14,14,38.8,1635.12,"1"
9.2,17.6,22.6,9,14,38.8,1473.62,"1"
9.2,17.6,22.6,9,14,38.8,1473.62,"1"
9.2,17.6,22.6,9,14,38.8,1473.62,"1"
9.2,17.6,22.6,14,14,38.8,1635.12,"1"
9.2,17.6,22.6,14,14,38.8,1635.12,"1"
9.2,17.6,22.6,19,14,38.8,1796.62,"1"
9.2,17.6,22.6,14,14,38.8,1635.12,"1"
9.2,17.6,22.6,14,14,38.8,1635.12,"1"
9.2,17.6,22.6,24,14,38.8,1958.12,"1"
9.2,17.6,22.6,19,14,38.8,1796.62,"1"
9.2,17.6,22.6,14,14,38.8,1635.12,"1"
9.2,17.6,22.6,14,14,38.8,1635.12,"1"
9.2,17.6,22.6,14,14,38.8,1635.12,"1"
9.2,17.6,22.6,9,14,38.8,1473.62,"1"
9.2,17.6,22.6,14,14,38.8,1635.12,"1"
9.2,17.6,22.6,14,14,38.8,1635.12,"1"
9.2,17.6,22.6,9,19,38.8,1637.62,"1"
9.2,17.6,22.6,4,14,38.8,1312.12,"0"
9.2,17.6,22.6,4,14,38.8,1312.12,"0"
9.2,17.6,22.6,4,14,38.8,1312.12,"0"
9.2,17.6,22.6,4,14,38.8,1312.12,"0"
9.2,17.6,22.6,4,14,38.8,1312.12,"0"
9.2,17.6,22.6,4,14,38.8,1312.12,"0"
9.2,17.6,22.6,4,14,38.8,1312.12,"0"
9.2,17.6,22.6,4,14,38.8,1312.12,"0"
9.2,17.6,22.6,29,14,38.8,2119.62,"1"
9.2,17.6,22.6,14,14,38.8,1635.12,"1"
9.2,17.6,22.6,14,14,38.8,1635.12,"1"
9.2,17.6,22.6,14,14,38.8,1635.12,"1"
9.2,17.6,22.6,14,14,38.8,1635.12,"1"
9.2,17.6,22.6,14,14,38.8,1635.12,"1"
9.2,17.6,22.6,24,14,38.8,1958.12,"1"
9.2,17.6,22.6,24,19,38.8,2122.12,"1"
9.2,17.6,22.6,14,19,38.8,1799.12,"1"
9.2,17.6,22.6,4,4,38.8,984.12,"0"
9.2,17.6,22.6,14,4,38.8,1307.12,"0"
9.2,17.6,22.6,14,4,38.8,1307.12,"0"
9.2,17.6,22.6,14,4,38.8,1307.12,"0"
9.2,17.6,22.6,4,19,38.8,1476.12,"1"
9.2,17.6,22.6,4,19,38.8,1476.12,"1"
9.2,17.6,22.6,4,19,38.8,1476.12,"1"
9.2,17.6,22.6,4,14,38.8,1312.12,"0"
9.2,17.6,22.6,4,14,38.8,1312.12,"0"
9.2,17.6,22.6,4,14,38.8,1312.12,"0"
9.2,17.6,22.6,4,14,38.8,1312.12,"0"
9.2,17.6,22.6,4,14,38.8,1312.12,"0"
9.2,17.6,22.6,9,14,38.8,1473.62,"1"
9.2,17.6,22.6,4,14,38.8,1312.12,"0"
9.2,17.6,22.6,4,14,38.8,1312.12,"0"
9.2,17.6,22.6,9,14,38.8,1473.62,"1"
9.2,17.6,22.6,9,14,38.8,1473.62,"1"
9.2,17.6,22.6,14,14,38.8,1635.12,"1"
9.2,17.6,22.6,9,14,38.8,1473.62,"1"
9.2,17.6,22.6,4,14,38.8,1312.12,"0"
9.2,17.6,22.6,4,14,38.8,1312.12,"0"
9.2,17.6,22.6,4,14,38.8,1312.12,"0"
9.2,17.6,22.6,4,14,38.8,1312.12,"0"
9.2,17.6,22.6,14,19,38.8,1799.12,"1"
9.2,17.6,22.6,4,24,38.8,1640.12,"1"
9.2,17.6,22.6,4,14,38.8,1312.12,"0"
9.2,17.6,22.6,4,14,38.8,1312.12,"0"
9.2,17.6,22.6,4,14,38.8,1312.12,"0"
9.2,17.6,22.6,4,14,38.8,1312.12,"0"
9.2,17.6,22.6,4,14,38.8,1312.12,"0"
9.2,17.6,22.6,4,14,38.8,1312.12,"0"
9.2,17.6,22.6,4,14,38.8,1312.12,"0"
9.2,17.6,22.6,4,14,38.8,1312.12,"0"
9.2,17.6,22.6,4,14,38.8,1312.12,"0"
9.2,17.6,22.6,4,14,38.8,1312.12,"0"
9.2,17.6,22.6,4,14,38.8,1312.12,"0"
9.2,17.6,22.6,4,14,38.8,1312.12,"0"
9.2,17.6,22.6,4,14,38.8,1312.12,"0"
9.2,17.6,22.6,4,14,38.8,1312.12,"0"
9.2,17.6,22.6,4,14,38.8,1312.12,"0"
9.2,17.6,22.6,4,14,38.8,1312.12,"0"
9.2,17.6,22.6,4,14,38.8,1312.12,"0"
9.2,17.6,22.6,4,14,38.8,1312.12,"0"
9.2,17.6,22.6,9,14,38.8,1473.62,"1"
9.2,17.6,22.6,14,14,38.8,1635.12,"1"
9.2,17.6,22.6,4,24,38.8,1640.12,"1"
9.2,17.6,22.6,9,4,11.9,997.67,"0"
9.2,17.6,22.6,9,4,11.9,997.67,"0"
9.2,17.6,22.6,9,4,11.9,997.67,"0"
9.2,17.6,22.6,9,4,11.9,997.67,"0"
9.2,17.6,22.6,9,4,11.9,997.67,"0"
9.2,17.6,22.6,4,14,38.8,1312.12,"0"
9.2,17.6,22.6,9,19,38.8,1637.62,"1"
9.2,17.6,22.6,19,19,38.8,1960.62,"1"
9.2,17.6,22.6,19,19,38.8,1960.62,"1"
9.2,17.6,22.6,9,19,38.8,1637.62,"1"
9.2,17.6,22.6,4,14,38.8,1312.12,"0"
9.2,17.6,22.6,4,14,38.8,1312.12,"0"
9.2,17.6,22.6,4,14,38.8,1312.12,"0"
9.2,17.6,22.6,4,14,38.8,1312.12,"0"
9.2,17.6,22.6,29,14,38.8,2119.62,"1"
9.2,17.6,22.6,19,14,11.9,1648.67,"1"
9.2,17.6,22.6,19,14,11.9,1648.67,"1"
9.2,17.6,22.6,24,14,11.9,1810.17,"1"
9.2,17.6,22.6,29,14,11.9,1971.67,"1"
9.2,17.6,22.6,29,14,11.9,1971.67,"1"
9.2,17.6,22.6,24,14,11.9,1810.17,"1"
9.2,17.6,22.6,29,14,11.9,1971.67,"1"
9.2,17.6,22.6,29,14,11.9,1971.67,"1"
9.2,17.6,22.6,14,14,38.8,1635.12,"1"
9.2,17.6,22.6,19,14,38.8,1796.62,"1"
9.2,17.6,22.6,19,14,38.8,1796.62,"1"
9.2,17.6,22.6,19,14,38.8,1796.62,"1"
9.2,17.6,22.6,24,14,38.8,1958.12,"1"
9.2,17.6,22.6,14,14,38.8,1635.12,"1"
9.2,17.6,22.6,19,14,38.8,1796.62,"1"
9.2,17.6,22.6,29,14,38.8,2119.62,"1"
9.2,17.6,22.6,29,14,38.8,2119.62,"1"
9.2,17.6,22.6,24,14,38.8,1958.12,"1"
9.2,17.6,22.6,14,4,38.8,1307.12,"0"
9.2,17.6,22.6,14,4,38.8,1307.12,"0"
9.2,17.6,22.6,14,4,38.8,1307.12,"0"
9.2,17.6,22.6,14,4,38.8,1307.12,"0"
9.2,17.6,22.6,14,4,38.8,1307.12,"0"
9.2,17.6,22.6,14,4,38.8,1307.12,"0"
9.2,17.6,22.6,14,4,38.8,1307.12,"0"
9.2,17.6,22.6,19,4,38.8,1468.62,"1"
9.2,17.6,22.6,19,4,38.8,1468.62,"1"
9.2,17.6,22.6,24,4,38.8,1630.12,"1"
9.2,17.6,22.6,19,4,38.8,1468.62,"1"
9.2,17.6,22.6,24,4,38.8,1630.12,"1"
9.2,17.6,22.6,14,4,38.8,1307.12,"0"
9.2,17.6,22.6,14,4,38.8,1307.12,"0"
9.2,17.6,22.6,14,4,38.8,1307.12,"0"
9.2,17.6,22.6,14,4,38.8,1307.12,"0"
9.2,17.6,22.6,19,4,38.8,1468.62,"1"
9.2,17.6,22.6,19,4,38.8,1468.62,"1"
9.2,17.6,22.6,19,4,38.8,1468.62,"1"
9.2,17.6,22.6,19,4,38.8,1468.62,"1"
9.2,17.6,22.6,19,4,38.8,1468.62,"1"
9.2,17.6,22.6,19,4,38.8,1468.62,"1"
9.2,17.6,22.6,19,4,38.8,1468.62,"1"
9.2,17.6,22.6,19,4,38.8,1468.62,"1"
9.2,17.6,22.6,19,4,38.8,1468.62,"1"
9.2,17.6,22.6,19,4,38.8,1468.62,"1"
9.2,17.6,22.6,14,4,38.8,1307.12,"0"
9.2,17.6,22.6,14,4,38.8,1307.12,"0"
9.2,17.6,22.6,14,4,38.8,1307.12,"0"
9.2,17.6,22.6,14,4,38.8,1307.12,"0"
9.2,17.6,22.6,14,4,38.8,1307.12,"0"
9.2,17.6,22.6,14,4,38.8,1307.12,"0"
9.2,17.6,22.6,14,4,38.8,1307.12,"0"
9.2,17.6,22.6,14,4,38.8,1307.12,"0"
9.2,17.6,22.6,14,4,38.8,1307.12,"0"
9.2,17.6,22.6,14,4,38.8,1307.12,"0"
9.2,17.6,22.6,14,4,38.8,1307.12,"0"
9.2,17.6,22.6,14,4,38.8,1307.12,"0"
9.2,17.6,22.6,14,4,38.8,1307.12,"0"
9.2,17.6,22.6,14,4,38.8,1307.12,"0"
9.2,17.6,22.6,14,4,38.8,1307.12,"0"
9.2,17.6,22.6,14,4,38.8,1307.12,"0"
9.2,17.6,22.6,14,4,38.8,1307.12,"0"
9.2,17.6,22.6,14,4,38.8,1307.12,"0"
9.2,17.6,22.6,14,4,38.8,1307.12,"0"
9.2,17.6,22.6,14,4,38.8,1307.12,"0"
9.2,17.6,22.6,14,4,38.8,1307.12,"0"
9.2,17.6,22.6,14,4,38.8,1307.12,"0"
9.2,17.6,22.6,14,4,38.8,1307.12,"0"
9.2,17.6,22.6,14,4,38.8,1307.12,"0"
9.2,17.6,22.6,14,4,38.8,1307.12,"0"
9.2,17.6,22.6,9,4,38.8,1145.62,"0"
9.2,17.6,22.6,14,19,38.8,1799.12,"1"
9.2,17.6,22.6,14,19,38.8,1799.12,"1"
9.2,17.6,22.6,14,19,38.8,1799.12,"1"
9.2,17.6,22.6,14,19,38.8,1799.12,"1"
9.2,17.6,22.6,9,19,38.8,1637.62,"1"
9.2,17.6,22.6,9,19,38.8,1637.62,"1"
9.2,17.6,22.6,9,19,38.8,1637.62,"1"
9.2,17.6,22.6,14,19,38.8,1799.12,"1"
9.2,17.6,22.6,14,19,38.8,1799.12,"1"
9.2,17.6,22.6,9,19,38.8,1637.62,"1"
9.2,17.6,22.6,9,19,38.8,1637.62,"1"
9.2,17.6,22.6,14,4,38.8,1307.12,"0"
9.2,17.6,22.6,19,4,38.8,1468.62,"1"
9.2,17.6,22.6,19,19,38.8,1960.62,"1"
9.2,17.6,22.6,19,19,38.8,1960.62,"1"
9.2,17.6,22.6,19,19,38.8,1960.62,"1"
9.2,17.6,22.6,19,19,38.8,1960.62,"1"
9.2,17.6,22.6,24,9,38.8,1794.12,"1"
9.2,17.6,22.6,19,9,38.8,1632.62,"1"
9.2,17.6,22.6,14,9,38.8,1471.12,"1"
9.2,17.6,22.6,19,9,38.8,1632.62,"1"
9.2,17.6,22.6,14,9,38.8,1471.12,"1"
9.2,17.6,22.6,14,9,38.8,1471.12,"1"
9.2,17.6,22.6,14,9,38.8,1471.12,"1"
9.2,17.6,22.6,14,9,38.8,1471.12,"1"
9.2,17.6,22.6,14,9,38.8,1471.12,"1"
9.2,17.6,22.6,14,9,38.8,1471.12,"1"
9.2,17.6,22.6,9,4,38.8,1145.62,"0"
9.2,17.6,22.6,24,19,38.8,2122.12,"1"
9.2,17.6,22.6,19,19,38.8,1960.62,"1"
9.2,17.6,22.6,24,19,38.8,2122.12,"1"
9.2,17.6,22.6,14,19,38.8,1799.12,"1"
9.2,17.6,22.6,19,19,38.8,1960.62,"1"
9.2,17.6,22.6,9,4,38.8,1145.62,"0"
9.2,17.6,22.6,19,4,38.8,1468.62,"1"
9.2,17.6,22.6,24,4,38.8,1630.12,"1"
9.2,17.6,22.6,24,4,38.8,1630.12,"1"
9.2,17.6,22.6,29,4,38.8,1791.62,"1"
9.2,17.6,22.6,24,4,38.8,1630.12,"1"
9.2,17.6,22.6,19,4,38.8,1468.62,"1"
9.2,17.6,22.6,24,4,38.8,1630.12,"1"
9.2,17.6,22.6,19,4,38.8,1468.62,"1"
9.2,17.6,22.6,24,4,38.8,1630.12,"1"
9.2,17.6,22.6,14,4,38.8,1307.12,"0"
9.2,17.6,22.6,14,4,38.8,1307.12,"0"
9.2,17.6,22.6,9,4,38.8,1145.62,"0"
9.2,17.6,22.6,9,4,38.8,1145.62,"0"
9.2,17.6,22.6,9,4,38.8,1145.62,"0"
9.2,17.6,22.6,9,4,38.8,1145.62,"0"
9.2,17.6,22.6,14,4,38.8,1307.12,"0"
9.2,17.6,22.6,14,4,38.8,1307.12,"0"
9.2,17.6,22.6,14,4,38.8,1307.12,"0"
9.2,17.6,22.6,19,4,38.8,1468.62,"1"
9.2,17.6,22.6,19,4,38.8,1468.62,"1"
9.2,17.6,22.6,9,4,38.8,1145.62,"0"
9.2,17.6,22.6,9,4,38.8,1145.62,"0"
9.2,17.6,22.6,14,4,38.8,1307.12,"0"
9.2,17.6,22.6,14,4,38.8,1307.12,"0"
9.2,17.6,22.6,9,4,38.8,1145.62,"0"
9.2,17.6,22.6,4,4,38.8,984.12,"0"
9.2,17.6,22.6,4,4,38.8,984.12,"0"
9.2,17.6,22.6,9,4,38.8,1145.62,"0"
9.2,17.6,22.6,9,14,38.8,1473.62,"1"
9.2,17.6,22.6,9,14,38.8,1473.62,"1"
9.2,17.6,22.6,9,14,38.8,1473.62,"1"
9.2,17.6,22.6,9,14,38.8,1473.62,"1"
9.2,17.6,22.6,9,14,38.8,1473.62,"1"
9.2,17.6,22.6,14,19,38.8,1799.12,"1"
9.2,17.6,22.6,19,19,38.8,1960.62,"1"
9.2,17.6,22.6,14,19,38.8,1799.12,"1"
9.2,17.6,22.6,19,19,38.8,1960.62,"1"
9.2,17.6,22.6,19,19,38.8,1960.62,"1"
9.2,17.6,22.6,14,19,38.8,1799.12,"1"
9.2,17.6,22.6,14,19,38.8,1799.12,"1"
9.2,17.6,22.6,14,19,38.8,1799.12,"1"
9.2,17.6,22.6,9,19,38.8,1637.62,"1"
9.2,17.6,22.6,9,19,38.8,1637.62,"1"
9.2,17.6,22.6,9,19,38.8,1637.62,"1"
9.2,17.6,22.6,9,19,38.8,1637.62,"1"
9.2,17.6,22.6,14,19,38.8,1799.12,"1"
9.2,17.6,22.6,9,19,38.8,1637.62,"1"
9.2,17.6,22.6,4,19,38.8,1476.12,"1"
9.2,17.6,22.6,9,19,38.8,1637.62,"1"
9.2,17.6,22.6,9,19,38.8,1637.62,"1"
9.2,17.6,22.6,9,19,38.8,1637.62,"1"
9.2,17.6,22.6,4,19,38.8,1476.12,"1"
9.2,17.6,22.6,4,19,38.8,1476.12,"1"
9.2,17.6,22.6,9,19,38.8,1637.62,"1"
9.2,17.6,22.6,9,19,38.8,1637.62,"1"
9.2,17.6,22.6,9,19,38.8,1637.62,"1"
9.2,17.6,22.6,9,19,38.8,1637.62,"1"
9.2,17.6,22.6,9,19,38.8,1637.62,"1"
9.2,17.6,22.6,4,19,38.8,1476.12,"1"
9.2,17.6,22.6,4,4,38.8,984.12,"0"
9.2,17.6,22.6,24,4,38.8,1630.12,"1"
9.2,17.6,22.6,9,4,38.8,1145.62,"0"
9.2,17.6,22.6,14,4,38.8,1307.12,"0"
9.2,17.6,22.6,14,4,38.8,1307.12,"0"
9.2,17.6,22.6,14,4,38.8,1307.12,"0"
9.2,17.6,22.6,14,4,38.8,1307.12,"0"
9.2,17.6,22.6,14,4,38.8,1307.12,"0"
9.2,17.6,22.6,14,4,38.8,1307.12,"0"
9.2,17.6,22.6,14,4,38.8,1307.12,"0"
9.2,17.6,22.6,19,4,38.8,1468.62,"1"
9.2,17.6,22.6,14,4,38.8,1307.12,"0"
9.2,17.6,22.6,19,4,38.8,1468.62,"1"
9.2,17.6,22.6,19,4,38.8,1468.62,"1"
9.2,17.6,22.6,14,4,38.8,1307.12,"0"
9.2,17.6,22.6,14,4,38.8,1307.12,"0"
9.2,17.6,22.6,19,4,38.8,1468.62,"1"
9.2,17.6,22.6,19,4,38.8,1468.62,"1"
9.2,17.6,22.6,19,4,38.8,1468.62,"1"
9.2,17.6,22.6,24,4,38.8,1630.12,"1"
9.2,17.6,22.6,29,4,38.8,1791.62,"1"
9.2,17.6,22.6,24,4,38.8,1630.12,"1"
9.2,17.6,22.6,24,4,38.8,1630.12,"1"
9.2,17.6,22.6,24,4,38.8,1630.12,"1"
9.2,17.6,22.6,19,4,38.8,1468.62,"1"
9.2,17.6,22.6,19,4,38.8,1468.62,"1"
9.2,17.6,22.6,24,4,38.8,1630.12,"1"
9.2,17.6,22.6,19,4,38.8,1468.62,"1"
9.2,17.6,22.6,24,4,38.8,1630.12,"1"
9.2,17.6,22.6,24,4,38.8,1630.12,"1"
9.2,17.6,22.6,19,4,38.8,1468.62,"1"
9.2,17.6,22.6,24,4,38.8,1630.12,"1"
9.2,17.6,22.6,24,4,38.8,1630.12,"1"
9.2,17.6,22.6,24,4,38.8,1630.12,"1"
9.2,17.6,22.6,19,4,38.8,1468.62,"1"
9.2,17.6,22.6,19,4,38.8,1468.62,"1"
9.2,17.6,22.6,19,4,38.8,1468.62,"1"
9.2,17.6,22.6,19,4,38.8,1468.62,"1"
9.2,17.6,22.6,14,4,38.8,1307.12,"0"
9.2,17.6,22.6,4,4,38.8,984.12,"0"
9.2,17.6,22.6,9,4,38.8,1145.62,"0"
9.2,17.6,22.6,9,4,38.8,1145.62,"0"
9.2,17.6,22.6,9,4,38.8,1145.62,"0"
9.2,17.6,22.6,4,4,38.8,984.12,"0"
9.2,17.6,22.6,4,4,38.8,984.12,"0"
9.2,17.6,22.6,9,4,38.8,1145.62,"0"
9.2,17.6,22.6,4,4,38.8,984.12,"0"
9.2,17.6,22.6,14,4,38.8,1307.12,"0"
9.2,17.6,22.6,9,4,38.8,1145.62,"0"
9.2,17.6,22.6,19,4,38.8,1468.62,"1"
9.2,17.6,22.6,14,4,38.8,1307.12,"0"
9.2,17.6,22.6,14,4,38.8,1307.12,"0"
9.2,17.6,22.6,4,4,38.8,984.12,"0"
9.2,17.6,22.6,9,4,38.8,1145.62,"0"
9.2,17.6,22.6,14,4,38.8,1307.12,"0"
9.2,17.6,22.6,19,4,38.8,1468.62,"1"
9.2,17.6,22.6,14,4,38.8,1307.12,"0"
9.2,17.6,22.6,9,4,38.8,1145.62,"0"
9.2,17.6,22.6,9,4,38.8,1145.62,"0"
9.2,17.6,22.6,9,4,38.8,1145.62,"0"
9.2,17.6,22.6,9,4,38.8,1145.62,"0"
9.2,17.6,22.6,19,4,38.8,1468.62,"1"
9.2,17.6,22.6,14,4,38.8,1307.12,"0"
9.2,17.6,22.6,14,4,38.8,1307.12,"0"
9.2,17.6,22.6,9,4,38.8,1145.62,"0"
9.2,17.6,22.6,9,4,38.8,1145.62,"0"
9.2,17.6,22.6,9,4,38.8,1145.62,"0"
9.2,17.6,22.6,4,4,38.8,984.12,"0"
9.2,17.6,22.6,4,4,38.8,984.12,"0"
9.2,17.6,22.6,4,4,38.8,984.12,"0"
9.2,17.6,22.6,4,4,38.8,984.12,"0"
9.2,17.6,22.6,4,4,38.8,984.12,"0"
9.2,17.6,22.6,4,4,38.8,984.12,"0"
9.2,17.6,22.6,4,4,38.8,984.12,"0"
9.2,17.6,22.6,4,4,38.8,984.12,"0"
9.2,17.6,22.6,4,4,38.8,984.12,"0"
9.2,17.6,22.6,4,4,38.8,984.12,"0"
9.2,17.6,22.6,4,4,38.8,984.12,"0"
9.2,17.6,22.6,4,4,38.8,984.12,"0"
9.2,17.6,22.6,4,4,38.8,984.12,"0"
9.2,17.6,22.6,4,4,38.8,984.12,"0"
9.2,17.6,22.6,4,4,38.8,984.12,"0"
9.2,17.6,22.6,9,4,38.8,1145.62,"0"
9.2,17.6,22.6,9,4,38.8,1145.62,"0"
9.2,17.6,22.6,9,4,38.8,1145.62,"0"
9.2,17.6,22.6,9,4,38.8,1145.62,"0"
9.2,17.6,22.6,9,4,38.8,1145.62,"0"
9.2,17.6,22.6,9,4,38.8,1145.62,"0"
9.2,17.6,22.6,9,4,38.8,1145.62,"0"
9.2,17.6,22.6,9,4,38.8,1145.62,"0"
9.2,17.6,22.6,14,4,38.8,1307.12,"0"
9.2,17.6,22.6,9,4,38.8,1145.62,"0"
9.2,17.6,22.6,14,4,38.8,1307.12,"0"
9.2,17.6,22.6,4,4,38.8,984.12,"0"
9.2,17.6,22.6,9,4,38.8,1145.62,"0"
9.2,17.6,22.6,14,4,38.8,1307.12,"0"
9.2,17.6,22.6,14,4,38.8,1307.12,"0"
9.2,17.6,22.6,9,4,38.8,1145.62,"0"
9.2,17.6,22.6,9,4,38.8,1145.62,"0"
9.2,17.6,22.6,9,4,38.8,1145.62,"0"
9.2,17.6,22.6,9,4,38.8,1145.62,"0"
9.2,17.6,22.6,9,4,38.8,1145.62,"0"
9.2,17.6,22.6,9,4,38.8,1145.62,"0"
9.2,17.6,22.6,9,4,38.8,1145.62,"0"
9.2,17.6,22.6,9,4,38.8,1145.62,"0"
9.2,17.6,22.6,9,4,38.8,1145.62,"0"
9.2,17.6,22.6,9,4,38.8,1145.62,"0"
9.2,17.6,22.6,14,4,38.8,1307.12,"0"
9.2,17.6,22.6,14,4,38.8,1307.12,"0"
9.2,17.6,22.6,24,4,38.8,1630.12,"1"
9.2,17.6,22.6,9,4,38.8,1145.62,"0"
9.2,17.6,22.6,9,4,38.8,1145.62,"0"
9.2,17.6,22.6,4,4,38.8,984.12,"0"
9.2,17.6,22.6,4,4,38.8,984.12,"0"
9.2,17.6,22.6,4,4,38.8,984.12,"0"
9.2,17.6,22.6,4,4,38.8,984.12,"0"
9.2,17.6,22.6,4,4,38.8,984.12,"0"
9.2,17.6,22.6,4,4,38.8,984.12,"0"
9.2,17.6,22.6,4,4,38.8,984.12,"0"
9.2,17.6,22.6,4,4,38.8,984.12,"0"
9.2,17.6,22.6,4,4,38.8,984.12,"0"
9.2,17.6,22.6,4,4,38.8,984.12,"0"
9.2,17.6,22.6,4,4,38.8,984.12,"0"
9.2,17.6,22.6,9,4,38.8,1145.62,"0"
9.2,17.6,22.6,9,4,38.8,1145.62,"0"
9.2,17.6,22.6,9,4,38.8,1145.62,"0"
9.2,17.6,22.6,9,4,38.8,1145.62,"0"
9.2,17.6,22.6,9,4,38.8,1145.62,"0"
9.2,17.6,22.6,9,4,38.8,1145.62,"0"
9.2,17.6,22.6,4,4,38.8,984.12,"0"
9.2,17.6,22.6,4,4,38.8,984.12,"0"
9.2,17.6,22.6,4,4,38.8,984.12,"0"
9.2,17.6,22.6,4,4,38.8,984.12,"0"
9.2,17.6,22.6,4,4,38.8,984.12,"0"
9.2,17.6,22.6,4,4,38.8,984.12,"0"
9.2,17.6,22.6,4,4,38.8,984.12,"0"
9.2,17.6,22.6,4,4,38.8,984.12,"0"
9.2,17.6,22.6,4,4,38.8,984.12,"0"
9.2,17.6,22.6,4,4,38.8,984.12,"0"
9.2,17.6,22.6,4,4,38.8,984.12,"0"
9.2,17.6,22.6,4,4,38.8,984.12,"0"
9.2,17.6,22.6,4,4,38.8,984.12,"0"
9.2,17.6,22.6,4,4,38.8,984.12,"0"
9.2,17.6,22.6,4,4,38.8,984.12,"0"
9.2,17.6,22.6,4,4,38.8,984.12,"0"
9.2,17.6,22.6,4,4,38.8,984.12,"0"
9.2,17.6,22.6,9,4,38.8,1145.62,"0"
9.2,17.6,22.6,14,4,38.8,1307.12,"0"
9.2,17.6,22.6,14,4,38.8,1307.12,"0"
9.2,17.6,22.6,9,4,38.8,1145.62,"0"
9.2,17.6,22.6,9,4,38.8,1145.62,"0"
9.2,17.6,22.6,4,4,38.8,984.12,"0"
9.2,17.6,22.6,4,4,38.8,984.12,"0"
9.2,17.6,22.6,4,4,38.8,984.12,"0"
9.2,17.6,22.6,4,4,38.8,984.12,"0"
9.2,17.6,22.6,4,4,38.8,984.12,"0"
9.2,17.6,22.6,9,4,38.8,1145.62,"0"
9.2,17.6,22.6,9,4,38.8,1145.62,"0"
9.2,17.6,22.6,9,4,38.8,1145.62,"0"
9.2,17.6,22.6,9,4,38.8,1145.62,"0"
9.2,17.6,22.6,9,4,38.8,1145.62,"0"
9.2,17.6,22.6,14,4,38.8,1307.12,"0"
9.2,17.6,22.6,14,4,38.8,1307.12,"0"
9.2,17.6,22.6,9,4,38.8,1145.62,"0"
9.2,17.6,22.6,14,4,38.8,1307.12,"0"
9.2,17.6,22.6,14,4,38.8,1307.12,"0"
9.2,17.6,22.6,9,4,38.8,1145.62,"0"
9.2,17.6,22.6,9,4,38.8,1145.62,"0"
9.2,17.6,22.6,9,4,38.8,1145.62,"0"
9.2,17.6,22.6,9,4,38.8,1145.62,"0"
9.2,17.6,22.6,14,4,38.8,1307.12,"0"
9.2,17.6,22.6,14,4,38.8,1307.12,"0"
9.2,17.6,22.6,19,4,38.8,1468.62,"1"
9.2,17.6,22.6,19,4,38.8,1468.62,"1"
9.2,17.6,22.6,19,4,38.8,1468.62,"1"
9.2,17.6,22.6,19,4,38.8,1468.62,"1"
9.2,17.6,22.6,19,4,38.8,1468.62,"1"
9.2,17.6,22.6,19,4,38.8,1468.62,"1"
9.2,17.6,22.6,24,4,38.8,1630.12,"1"
9.2,17.6,22.6,19,4,38.8,1468.62,"1"
9.2,17.6,22.6,19,4,38.8,1468.62,"1"
9.2,17.6,22.6,9,4,38.8,1145.62,"0"
9.2,17.6,22.6,9,4,38.8,1145.62,"0"
9.2,17.6,22.6,9,4,38.8,1145.62,"0"
9.2,17.6,22.6,9,4,38.8,1145.62,"0"
9.2,17.6,22.6,9,4,38.8,1145.62,"0"
9.2,17.6,22.6,9,4,38.8,1145.62,"0"
9.2,17.6,22.6,9,4,38.8,1145.62,"0"
9.2,17.6,22.6,14,4,38.8,1307.12,"0"
9.2,17.6,22.6,9,4,38.8,1145.62,"0"
9.2,17.6,22.6,4,4,38.8,984.12,"0"
9.2,17.6,22.6,4,4,38.8,984.12,"0"
9.2,17.6,22.6,4,4,38.8,984.12,"0"
9.2,17.6,22.6,4,4,38.8,984.12,"0"
9.2,17.6,22.6,9,4,38.8,1145.62,"0"
9.2,17.6,22.6,14,4,38.8,1307.12,"0"
9.2,17.6,22.6,9,4,38.8,1145.62,"0"
9.2,17.6,22.6,14,4,38.8,1307.12,"0"
9.2,17.6,22.6,14,4,38.8,1307.12,"0"
9.2,17.6,22.6,14,4,38.8,1307.12,"0"
9.2,17.6,22.6,14,4,38.8,1307.12,"0"
9.2,17.6,22.6,14,4,38.8,1307.12,"0"
9.2,17.6,22.6,19,4,38.8,1468.62,"1"
9.2,17.6,22.6,19,4,38.8,1468.62,"1"
9.2,17.6,22.6,24,4,38.8,1630.12,"1"
9.2,17.6,22.6,24,4,38.8,1630.12,"1"
9.2,17.6,22.6,19,4,38.8,1468.62,"1"
9.2,17.6,22.6,19,4,38.8,1468.62,"1"
9.2,17.6,22.6,14,4,38.8,1307.12,"0"
9.2,17.6,22.6,19,4,38.8,1468.62,"1"
9.2,17.6,22.6,19,4,38.8,1468.62,"1"
9.2,17.6,22.6,19,4,38.8,1468.62,"1"
9.2,17.6,22.6,19,4,38.8,1468.62,"1"
9.2,17.6,22.6,14,4,38.8,1307.12,"0"
9.2,17.6,22.6,14,4,38.8,1307.12,"0"
9.2,17.6,22.6,24,4,38.8,1630.12,"1"
9.2,17.6,22.6,14,4,38.8,1307.12,"0"
9.2,17.6,22.6,19,4,38.8,1468.62,"1"
9.2,17.6,22.6,14,4,38.8,1307.12,"0"
9.2,17.6,22.6,9,4,38.8,1145.62,"0"
9.2,17.6,22.6,9,4,38.8,1145.62,"0"
9.2,17.6,22.6,9,4,38.8,1145.62,"0"
9.2,17.6,22.6,9,4,38.8,1145.62,"0"
9.2,17.6,22.6,9,4,38.8,1145.62,"0"
9.2,17.6,22.6,4,4,38.8,984.12,"0"
9.2,17.6,22.6,9,4,38.8,1145.62,"0"
9.2,17.6,22.6,9,4,38.8,1145.62,"0"
9.2,17.6,22.6,9,4,38.8,1145.62,"0"
9.2,17.6,22.6,9,4,38.8,1145.62,"0"
9.2,17.6,22.6,9,4,38.8,1145.62,"0"
9.2,17.6,22.6,9,4,38.8,1145.62,"0"
9.2,17.6,22.6,9,4,38.8,1145.62,"0"
9.2,17.6,22.6,9,4,38.8,1145.62,"0"
9.2,17.6,22.6,9,4,38.8,1145.62,"0"
9.2,17.6,22.6,9,4,38.8,1145.62,"0"
9.2,17.6,22.6,9,4,38.8,1145.62,"0"
9.2,17.6,22.6,9,4,38.8,1145.62,"0"
9.2,17.6,22.6,9,4,38.8,1145.62,"0"
9.2,17.6,22.6,9,4,38.8,1145.62,"0"
9.2,17.6,22.6,9,4,38.8,1145.62,"0"
9.2,17.6,22.6,9,4,38.8,1145.62,"0"
9.2,17.6,22.6,9,4,38.8,1145.62,"0"
9.2,17.6,22.6,9,4,38.8,1145.62,"0"
9.2,17.6,22.6,9,4,38.8,1145.62,"0"
9.2,17.6,22.6,9,4,38.8,1145.62,"0"
9.2,17.6,22.6,9,4,38.8,1145.62,"0"
9.2,17.6,22.6,9,4,38.8,1145.62,"0"
9.2,17.6,22.6,9,4,38.8,1145.62,"0"
9.2,17.6,22.6,9,4,38.8,1145.62,"0"
9.2,17.6,22.6,9,4,38.8,1145.62,"0"
9.2,17.6,22.6,9,4,38.8,1145.62,"0"
9.2,17.6,22.6,9,4,38.8,1145.62,"0"
9.2,17.6,22.6,9,4,38.8,1145.62,"0"
9.2,17.6,22.6,9,4,38.8,1145.62,"0"
9.2,17.6,22.6,9,4,38.8,1145.62,"0"
9.2,17.6,22.6,4,4,38.8,984.12,"0"
9.2,17.6,22.6,4,4,38.8,984.12,"0"
9.2,17.6,22.6,9,4,38.8,1145.62,"0"
9.2,17.6,22.6,4,4,38.8,984.12,"0"
9.2,17.6,22.6,4,4,38.8,984.12,"0"
9.2,17.6,22.6,4,4,38.8,984.12,"0"
9.2,17.6,22.6,4,4,38.8,984.12,"0"
9.2,17.6,22.6,4,4,38.8,984.12,"0"
9.2,17.6,22.6,4,4,38.8,984.12,"0"
9.2,17.6,22.6,4,4,38.8,984.12,"0"
9.2,17.6,22.6,4,4,38.8,984.12,"0"
9.2,17.6,22.6,9,4,38.8,1145.62,"0"
9.2,17.6,22.6,9,4,38.8,1145.62,"0"
9.2,17.6,22.6,9,4,38.8,1145.62,"0"
9.2,17.6,22.6,9,4,38.8,1145.62,"0"
9.2,17.6,22.6,9,4,38.8,1145.62,"0"
9.2,17.6,22.6,14,4,38.8,1307.12,"0"
9.2,17.6,22.6,14,4,38.8,1307.12,"0"
9.2,17.6,22.6,14,4,38.8,1307.12,"0"
9.2,17.6,22.6,9,4,38.8,1145.62,"0"
9.2,17.6,22.6,9,4,38.8,1145.62,"0"
9.2,17.6,22.6,9,4,38.8,1145.62,"0"
9.2,17.6,22.6,9,4,38.8,1145.62,"0"
9.2,17.6,22.6,9,4,38.8,1145.62,"0"
9.2,17.6,22.6,9,4,38.8,1145.62,"0"
9.2,17.6,22.6,4,4,38.8,984.12,"0"
9.2,17.6,22.6,9,4,38.8,1145.62,"0"
9.2,17.6,22.6,9,4,38.8,1145.62,"0"
9.2,17.6,22.6,9,4,38.8,1145.62,"0"
9.2,17.6,22.6,9,4,38.8,1145.62,"0"
9.2,17.6,22.6,9,4,38.8,1145.62,"0"
9.2,17.6,22.6,9,4,38.8,1145.62,"0"
9.2,17.6,22.6,9,4,38.8,1145.62,"0"
9.2,17.6,22.6,9,4,38.8,1145.62,"0"
9.2,17.6,22.6,9,4,38.8,1145.62,"0"
9.2,17.6,22.6,9,4,38.8,1145.62,"0"
9.2,17.6,22.6,9,4,38.8,1145.62,"0"
9.2,17.6,22.6,9,4,38.8,1145.62,"0"
9.2,17.6,22.6,9,4,38.8,1145.62,"0"
9.2,17.6,22.6,14,4,38.8,1307.12,"0"
9.2,17.6,22.6,14,4,38.8,1307.12,"0"
9.2,17.6,22.6,14,4,38.8,1307.12,"0"
9.2,17.6,22.6,14,9,38.8,1471.12,"1"
9.2,17.6,22.6,9,9,38.8,1309.62,"0"
9.2,17.6,22.6,4,9,38.8,1148.12,"0"
9.2,17.6,22.6,4,9,38.8,1148.12,"0"
9.2,17.6,22.6,4,9,38.8,1148.12,"0"
9.2,17.6,22.6,9,9,38.8,1309.62,"0"
9.2,17.6,22.6,9,9,38.8,1309.62,"0"
9.2,17.6,22.6,9,9,38.8,1309.62,"0"
9.2,17.6,22.6,9,9,38.8,1309.62,"0"
9.2,17.6,22.6,4,9,38.8,1148.12,"0"
9.2,17.6,22.6,9,9,38.8,1309.62,"0"
9.2,17.6,22.6,9,4,38.8,1145.62,"0"
9.2,17.6,22.6,9,4,38.8,1145.62,"0"
9.2,17.6,22.6,14,4,38.8,1307.12,"0"
9.2,17.6,22.6,14,4,38.8,1307.12,"0"
9.2,17.6,22.6,14,4,38.8,1307.12,"0"
9.2,17.6,22.6,19,4,38.8,1468.62,"1"
9.2,17.6,22.6,14,4,38.8,1307.12,"0"
9.2,17.6,22.6,14,4,38.8,1307.12,"0"
9.2,17.6,22.6,14,4,38.8,1307.12,"0"
9.2,17.6,22.6,19,4,38.8,1468.62,"1"
9.2,17.6,22.6,24,4,38.8,1630.12,"1"
9.2,17.6,22.6,24,4,38.8,1630.12,"1"
9.2,17.6,22.6,29,4,38.8,1791.62,"1"
9.2,17.6,22.6,29,4,38.8,1791.62,"1"
9.2,17.6,22.6,19,4,38.8,1468.62,"1"
9.2,17.6,22.6,24,4,38.8,1630.12,"1"
9.2,17.6,22.6,29,4,38.8,1791.62,"1"
9.2,17.6,22.6,29,4,38.8,1791.62,"1"
9.2,17.6,22.6,29,4,38.8,1791.62,"1"
9.2,17.6,22.6,24,4,38.8,1630.12,"1"
9.2,17.6,22.6,19,4,38.8,1468.62,"1"
9.2,17.6,22.6,19,4,38.8,1468.62,"1"
9.2,17.6,22.6,14,4,38.8,1307.12,"0"
9.2,17.6,22.6,14,4,38.8,1307.12,"0"
9.2,17.6,22.6,14,4,38.8,1307.12,"0"
9.2,17.6,22.6,14,4,38.8,1307.12,"0"
9.2,17.6,22.6,14,4,38.8,1307.12,"0"
9.2,17.6,22.6,14,4,38.8,1307.12,"0"
9.2,17.6,22.6,14,4,38.8,1307.12,"0"
9.2,17.6,22.6,19,4,38.8,1468.62,"1"
9.2,17.6,22.6,14,4,38.8,1307.12,"0"
9.2,17.6,22.6,9,4,38.8,1145.62,"0"
9.2,17.6,22.6,4,4,38.8,984.12,"0"
9.2,17.6,22.6,4,4,38.8,984.12,"0"
9.2,17.6,22.6,4,4,38.8,984.12,"0"
9.2,17.6,22.6,4,4,38.8,984.12,"0"
9.2,17.6,22.6,4,4,38.8,984.12,"0"
9.2,17.6,22.6,4,4,38.8,984.12,"0"
9.2,17.6,22.6,4,4,38.8,984.12,"0"
9.2,17.6,22.6,4,4,38.8,984.12,"0"
9.2,17.6,22.6,4,4,38.8,984.12,"0"
9.2,17.6,22.6,4,4,38.8,984.12,"0"
9.2,17.6,22.6,4,4,38.8,984.12,"0"
9.2,17.6,22.6,9,4,38.8,1145.62,"0"
9.2,17.6,22.6,9,4,38.8,1145.62,"0"
9.2,17.6,22.6,4,4,38.8,984.12,"0"
9.2,17.6,22.6,4,4,38.8,984.12,"0"
9.2,17.6,22.6,4,4,38.8,984.12,"0"
9.2,17.6,22.6,4,4,38.8,984.12,"0"
9.2,17.6,22.6,4,4,38.8,984.12,"0"
9.2,17.6,22.6,9,4,38.8,1145.62,"0"
9.2,17.6,22.6,9,4,38.8,1145.62,"0"
9.2,17.6,22.6,9,4,38.8,1145.62,"0"
9.2,17.6,22.6,4,4,38.8,984.12,"0"
9.2,17.6,22.6,4,4,38.8,984.12,"0"
9.2,17.6,22.6,9,4,38.8,1145.62,"0"
9.2,17.6,22.6,24,4,38.8,1630.12,"1"
9.2,17.6,22.6,24,4,38.8,1630.12,"1"
9.2,17.6,22.6,19,4,38.8,1468.62,"1"
9.2,17.6,22.6,24,4,38.8,1630.12,"1"
9.2,17.6,22.6,24,4,38.8,1630.12,"1"
9.2,17.6,22.6,14,4,38.8,1307.12,"0"
9.2,17.6,22.6,14,4,38.8,1307.12,"0"
9.2,17.6,22.6,14,4,38.8,1307.12,"0"
9.2,17.6,22.6,14,4,38.8,1307.12,"0"
9.2,17.6,22.6,19,4,38.8,1468.62,"1"
9.2,17.6,22.6,24,4,38.8,1630.12,"1"
9.2,17.6,22.6,19,4,38.8,1468.62,"1"
9.2,17.6,22.6,14,4,38.8,1307.12,"0"
9.2,17.6,22.6,14,4,38.8,1307.12,"0"
9.2,17.6,22.6,14,4,38.8,1307.12,"0"
9.2,17.6,22.6,14,4,38.8,1307.12,"0"
9.2,17.6,22.6,24,4,38.8,1630.12,"1"
9.2,17.6,22.6,24,4,38.8,1630.12,"1"
9.2,17.6,22.6,19,4,38.8,1468.62,"1"
9.2,17.6,22.6,14,4,38.8,1307.12,"0"
9.2,17.6,22.6,14,4,38.8,1307.12,"0"
9.2,17.6,22.6,14,4,38.8,1307.12,"0"
9.2,17.6,22.6,14,4,38.8,1307.12,"0"
9.2,17.6,22.6,14,4,38.8,1307.12,"0"
9.2,17.6,22.6,19,4,38.8,1468.62,"1"
9.2,17.6,22.6,14,4,38.8,1307.12,"0"
9.2,17.6,22.6,14,4,38.8,1307.12,"0"
9.2,17.6,22.6,19,4,38.8,1468.62,"1"
9.2,17.6,22.6,19,4,38.8,1468.62,"1"
9.2,17.6,22.6,14,4,38.8,1307.12,"0"
9.2,17.6,22.6,19,4,38.8,1468.62,"1"
9.2,17.6,22.6,14,4,38.8,1307.12,"0"
9.2,17.6,22.6,14,4,38.8,1307.12,"0"
9.2,17.6,22.6,9,4,38.8,1145.62,"0"
9.2,17.6,22.6,14,4,38.8,1307.12,"0"
9.2,17.6,22.6,14,4,38.8,1307.12,"0"
9.2,17.6,22.6,19,4,38.8,1468.62,"1"
9.2,17.6,22.6,19,4,38.8,1468.62,"1"
9.2,17.6,22.6,24,4,38.8,1630.12,"1"
9.2,17.6,22.6,24,4,38.8,1630.12,"1"
9.2,17.6,22.6,14,4,38.8,1307.12,"0"
9.2,17.6,22.6,14,4,38.8,1307.12,"0"
9.2,17.6,22.6,24,4,38.8,1630.12,"1"
9.2,17.6,22.6,19,4,38.8,1468.62,"1"
9.2,17.6,22.6,9,4,38.8,1145.62,"0"
9.2,17.6,22.6,9,4,38.8,1145.62,"0"
9.2,17.6,22.6,9,4,38.8,1145.62,"0"
9.2,17.6,22.6,9,4,38.8,1145.62,"0"
9.2,17.6,22.6,9,4,38.8,1145.62,"0"
9.2,17.6,22.6,14,4,38.8,1307.12,"0"
9.2,17.6,22.6,14,4,38.8,1307.12,"0"
9.2,17.6,22.6,9,4,38.8,1145.62,"0"
9.2,17.6,22.6,9,4,38.8,1145.62,"0"
9.2,17.6,22.6,9,4,38.8,1145.62,"0"
9.2,17.6,22.6,4,4,38.8,984.12,"0"
9.2,17.6,22.6,4,4,38.8,984.12,"0"
9.2,17.6,22.6,9,4,38.8,1145.62,"0"
9.2,17.6,22.6,4,4,38.8,984.12,"0"
9.2,17.6,22.6,4,4,38.8,984.12,"0"
9.2,17.6,22.6,4,4,38.8,984.12,"0"
9.2,17.6,22.6,4,4,38.8,984.12,"0"
9.2,17.6,22.6,4,4,38.8,984.12,"0"
9.2,17.6,22.6,4,4,38.8,984.12,"0"
9.2,17.6,22.6,4,4,38.8,984.12,"0"
9.2,17.6,22.6,4,4,38.8,984.12,"0"
9.2,17.6,22.6,4,4,38.8,984.12,"0"
9.2,17.6,22.6,4,4,38.8,984.12,"0"
9.2,17.6,22.6,4,4,38.8,984.12,"0"
9.2,17.6,22.6,4,4,38.8,984.12,"0"
9.2,17.6,22.6,4,4,38.8,984.12,"0"
9.2,17.6,22.6,4,4,38.8,984.12,"0"
9.2,17.6,22.6,4,4,38.8,984.12,"0"
9.2,17.6,22.6,4,4,38.8,984.12,"0"
9.2,17.6,22.6,4,4,38.8,984.12,"0"
9.2,17.6,22.6,9,4,38.8,1145.62,"0"
9.2,17.6,22.6,9,4,38.8,1145.62,"0"
9.2,17.6,22.6,9,4,38.8,1145.62,"0"
9.2,17.6,22.6,9,4,38.8,1145.62,"0"
9.2,17.6,22.6,14,4,38.8,1307.12,"0"
9.2,17.6,22.6,14,4,38.8,1307.12,"0"
9.2,17.6,22.6,14,4,38.8,1307.12,"0"
9.2,17.6,22.6,14,4,38.8,1307.12,"0"
9.2,17.6,22.6,14,4,38.8,1307.12,"0"
9.2,17.6,22.6,14,4,38.8,1307.12,"0"
9.2,17.6,22.6,14,4,38.8,1307.12,"0"
9.2,17.6,22.6,14,4,38.8,1307.12,"0"
9.2,17.6,22.6,14,4,38.8,1307.12,"0"
9.2,17.6,22.6,19,4,38.8,1468.62,"1"
9.2,17.6,22.6,19,4,38.8,1468.62,"1"
9.2,17.6,22.6,9,4,38.8,1145.62,"0"
9.2,17.6,22.6,14,4,38.8,1307.12,"0"
9.2,17.6,22.6,14,4,38.8,1307.12,"0"
9.2,17.6,22.6,9,4,38.8,1145.62,"0"
9.2,17.6,22.6,14,4,38.8,1307.12,"0"
9.2,17.6,22.6,19,4,38.8,1468.62,"1"
9.2,17.6,22.6,9,4,38.8,1145.62,"0"
9.2,17.6,22.6,9,4,38.8,1145.62,"0"
9.2,17.6,22.6,9,4,38.8,1145.62,"0"
9.2,17.6,22.6,19,4,38.8,1468.62,"1"
9.2,17.6,22.6,14,4,38.8,1307.12,"0"
9.2,17.6,22.6,14,4,38.8,1307.12,"0"
9.2,17.6,22.6,14,4,38.8,1307.12,"0"
9.2,17.6,22.6,14,4,38.8,1307.12,"0"
9.2,17.6,22.6,19,4,38.8,1468.62,"1"
9.2,17.6,22.6,19,4,38.8,1468.62,"1"
9.2,17.6,22.6,19,4,38.8,1468.62,"1"
9.2,17.6,22.6,19,4,38.8,1468.62,"1"
9.2,17.6,22.6,14,4,38.8,1307.12,"0"
9.2,17.6,22.6,14,4,38.8,1307.12,"0"
9.2,17.6,22.6,14,4,38.8,1307.12,"0"
9.2,17.6,22.6,14,4,38.8,1307.12,"0"
9.2,17.6,22.6,24,4,38.8,1630.12,"1"
9.2,17.6,22.6,14,4,38.8,1307.12,"0"
9.2,17.6,22.6,9,4,38.8,1145.62,"0"
9.2,17.6,22.6,14,4,38.8,1307.12,"0"
9.2,17.6,22.6,14,4,38.8,1307.12,"0"
9.2,17.6,22.6,14,4,38.8,1307.12,"0"
9.2,17.6,22.6,14,4,38.8,1307.12,"0"
9.2,17.6,22.6,14,4,38.8,1307.12,"0"
9.2,17.6,22.6,14,4,38.8,1307.12,"0"
9.2,17.6,22.6,14,4,38.8,1307.12,"0"
9.2,17.6,22.6,19,4,38.8,1468.62,"1"
9.2,17.6,22.6,19,4,38.8,1468.62,"1"
9.2,17.6,22.6,14,4,38.8,1307.12,"0"
9.2,17.6,22.6,14,4,38.8,1307.12,"0"
9.2,17.6,22.6,14,4,38.8,1307.12,"0"
9.2,17.6,22.6,14,4,38.8,1307.12,"0"
9.2,17.6,22.6,19,4,38.8,1468.62,"1"
9.2,17.6,22.6,24,4,38.8,1630.12,"1"
9.2,17.6,22.6,9,4,38.8,1145.62,"0"
9.2,17.6,22.6,9,4,38.8,1145.62,"0"
9.2,17.6,22.6,9,4,38.8,1145.62,"0"
9.2,17.6,22.6,9,4,38.8,1145.62,"0"
9.2,17.6,22.6,9,4,38.8,1145.62,"0"
9.2,17.6,22.6,14,4,38.8,1307.12,"0"
9.2,17.6,22.6,9,4,38.8,1145.62,"0"
9.2,17.6,22.6,14,4,38.8,1307.12,"0"
9.2,17.6,22.6,9,4,38.8,1145.62,"0"
9.2,17.6,22.6,9,4,38.8,1145.62,"0"
9.2,17.6,22.6,9,4,38.8,1145.62,"0"
9.2,17.6,22.6,9,4,38.8,1145.62,"0"
9.2,17.6,22.6,9,4,38.8,1145.62,"0"
9.2,17.6,22.6,9,4,38.8,1145.62,"0"
9.2,17.6,22.6,9,4,38.8,1145.62,"0"
9.2,17.6,22.6,9,4,38.8,1145.62,"0"
9.2,17.6,22.6,4,9,38.8,1148.12,"0"
9.2,17.6,22.6,4,24,38.8,1640.12,"1"
9.2,17.6,22.6,4,24,38.8,1640.12,"1"
9.2,17.6,22.6,4,24,38.8,1640.12,"1"
9.2,17.6,22.6,4,24,38.8,1640.12,"1"
9.2,17.6,22.6,9,9,38.8,1309.62,"0"
9.2,17.6,22.6,9,9,38.8,1309.62,"0"
9.2,17.6,22.6,9,9,38.8,1309.62,"0"
9.2,17.6,22.6,4,9,38.8,1148.12,"0"
9.2,17.6,22.6,9,14,38.8,1473.62,"1"
9.2,17.6,22.6,9,14,38.8,1473.62,"1"
9.2,17.6,22.6,9,14,38.8,1473.62,"1"
9.2,17.6,22.6,4,14,38.8,1312.12,"0"
9.2,17.6,22.6,4,14,38.8,1312.12,"0"
9.2,17.6,22.6,4,14,38.8,1312.12,"0"
9.2,17.6,22.6,9,14,38.8,1473.62,"1"
9.2,17.6,22.6,9,14,38.8,1473.62,"1"
9.2,17.6,22.6,9,14,38.8,1473.62,"1"
9.2,17.6,22.6,9,4,38.8,1145.62,"0"
9.2,17.6,22.6,4,4,38.8,984.12,"0"
9.2,17.6,22.6,4,4,38.8,984.12,"0"
9.2,17.6,22.6,4,4,38.8,984.12,"0"
9.2,17.6,22.6,4,4,38.8,984.12,"0"
9.2,17.6,22.6,4,4,38.8,984.12,"0"
9.2,17.6,22.6,9,4,38.8,1145.62,"0"
9.2,17.6,22.6,9,4,38.8,1145.62,"0"
9.2,17.6,22.6,9,4,38.8,1145.62,"0"
9.2,17.6,22.6,4,4,38.8,984.12,"0"
9.2,17.6,22.6,9,4,38.8,1145.62,"0"
9.2,17.6,22.6,4,4,38.8,984.12,"0"
9.2,17.6,22.6,9,4,38.8,1145.62,"0"
9.2,17.6,22.6,14,4,38.8,1307.12,"0"
9.2,17.6,22.6,9,4,38.8,1145.62,"0"
9.2,17.6,22.6,4,4,38.8,984.12,"0"
9.2,17.6,22.6,4,4,38.8,984.12,"0"
9.2,17.6,22.6,9,4,38.8,1145.62,"0"
9.2,17.6,22.6,9,4,38.8,1145.62,"0"
9.2,17.6,22.6,9,4,38.8,1145.62,"0"
9.2,17.6,22.6,9,4,38.8,1145.62,"0"
9.2,17.6,22.6,4,4,38.8,984.12,"0"
9.2,17.6,22.6,4,4,38.8,984.12,"0"
9.2,17.6,22.6,4,4,38.8,984.12,"0"
9.2,17.6,22.6,4,4,38.8,984.12,"0"
9.2,17.6,22.6,4,4,38.8,984.12,"0"
9.2,17.6,22.6,9,4,38.8,1145.62,"0"
9.2,17.6,22.6,4,4,38.8,984.12,"0"
9.2,17.6,22.6,9,4,38.8,1145.62,"0"
9.2,17.6,22.6,9,4,38.8,1145.62,"0"
9.2,17.6,22.6,4,4,38.8,984.12,"0"
9.2,17.6,22.6,4,4,38.8,984.12,"0"
9.2,17.6,22.6,4,4,38.8,984.12,"0"
9.2,17.6,22.6,4,4,38.8,984.12,"0"
9.2,17.6,22.6,4,4,38.8,984.12,"0"
9.2,17.6,22.6,4,4,38.8,984.12,"0"
9.2,17.6,22.6,4,4,38.8,984.12,"0"
9.2,17.6,22.6,4,4,38.8,984.12,"0"
9.2,17.6,22.6,4,4,38.8,984.12,"0"
9.2,17.6,22.6,4,4,38.8,984.12,"0"
9.2,17.6,22.6,4,4,38.8,984.12,"0"
9.2,17.6,22.6,4,4,38.8,984.12,"0"
9.2,17.6,22.6,4,4,38.8,984.12,"0"
9.2,17.6,22.6,4,4,38.8,984.12,"0"
9.2,17.6,22.6,4,4,38.8,984.12,"0"
9.2,17.6,22.6,4,4,38.8,984.12,"0"
9.2,17.6,22.6,4,4,38.8,984.12,"0"
9.2,17.6,22.6,4,4,38.8,984.12,"0"
9.2,17.6,22.6,4,4,38.8,984.12,"0"
9.2,17.6,22.6,4,4,38.8,984.12,"0"
9.2,17.6,22.6,4,4,38.8,984.12,"0"
9.2,17.6,22.6,4,4,38.8,984.12,"0"
9.2,17.6,22.6,4,4,38.8,984.12,"0"
9.2,17.6,22.6,4,4,38.8,984.12,"0"
9.2,17.6,22.6,4,4,38.8,984.12,"0"
9.2,17.6,22.6,4,4,38.8,984.12,"0"
9.2,17.6,22.6,4,4,38.8,984.12,"0"
9.2,17.6,22.6,4,4,38.8,984.12,"0"
9.2,17.6,22.6,4,14,38.8,1312.12,"0"
9.2,17.6,22.6,4,14,38.8,1312.12,"0"
9.2,17.6,22.6,4,14,38.8,1312.12,"0"
9.2,17.6,22.6,4,14,38.8,1312.12,"0"
9.2,17.6,22.6,4,14,38.8,1312.12,"0"
9.2,17.6,22.6,4,14,38.8,1312.12,"0"
9.2,17.6,22.6,4,14,38.8,1312.12,"0"
9.2,17.6,22.6,4,14,38.8,1312.12,"0"
9.2,17.6,22.6,4,14,38.8,1312.12,"0"
9.2,17.6,22.6,4,14,38.8,1312.12,"0"
9.2,17.6,22.6,4,14,38.8,1312.12,"0"
9.2,17.6,22.6,4,14,38.8,1312.12,"0"
9.2,17.6,22.6,4,14,38.8,1312.12,"0"
9.2,17.6,22.6,4,14,38.8,1312.12,"0"
9.2,17.6,22.6,4,14,38.8,1312.12,"0"
9.2,17.6,22.6,4,14,38.8,1312.12,"0"
9.2,17.6,22.6,4,14,38.8,1312.12,"0"
9.2,17.6,22.6,4,14,38.8,1312.12,"0"
9.2,17.6,22.6,4,14,38.8,1312.12,"0"
9.2,17.6,22.6,4,14,38.8,1312.12,"0"
9.2,17.6,22.6,4,14,38.8,1312.12,"0"
9.2,17.6,22.6,4,14,38.8,1312.12,"0"
9.2,17.6,22.6,4,14,38.8,1312.12,"0"
9.2,17.6,22.6,4,14,38.8,1312.12,"0"
9.2,17.6,22.6,4,14,38.8,1312.12,"0"
9.2,17.6,22.6,4,14,38.8,1312.12,"0"
9.2,17.6,22.6,4,14,38.8,1312.12,"0"
9.2,17.6,22.6,4,14,38.8,1312.12,"0"
9.2,17.6,22.6,4,14,38.8,1312.12,"0"
9.2,17.6,22.6,4,14,38.8,1312.12,"0"
9.2,17.6,22.6,4,14,38.8,1312.12,"0"
9.2,17.6,22.6,4,14,38.8,1312.12,"0"
9.2,17.6,22.6,4,14,38.8,1312.12,"0"
9.2,17.6,22.6,4,14,38.8,1312.12,"0"
9.2,17.6,22.6,4,14,38.8,1312.12,"0"
9.2,17.6,22.6,4,14,38.8,1312.12,"0"
9.2,17.6,22.6,4,14,38.8,1312.12,"0"
9.2,17.6,22.6,4,14,38.8,1312.12,"0"
9.2,17.6,22.6,4,14,38.8,1312.12,"0"
9.2,17.6,22.6,4,14,38.8,1312.12,"0"
9.2,17.6,22.6,4,14,38.8,1312.12,"0"
9.2,17.6,22.6,4,14,38.8,1312.12,"0"
9.2,17.6,22.6,4,14,38.8,1312.12,"0"
9.2,17.6,22.6,4,14,38.8,1312.12,"0"
9.2,17.6,22.6,4,14,38.8,1312.12,"0"
9.2,17.6,22.6,4,14,38.8,1312.12,"0"
9.2,17.6,22.6,4,14,38.8,1312.12,"0"
9.2,17.6,22.6,4,14,38.8,1312.12,"0"
9.2,17.6,22.6,4,14,38.8,1312.12,"0"
9.2,17.6,22.6,4,14,38.8,1312.12,"0"
9.2,17.6,22.6,4,14,38.8,1312.12,"0"
9.2,17.6,22.6,4,14,38.8,1312.12,"0"
9.2,17.6,22.6,4,14,38.8,1312.12,"0"
9.2,17.6,22.6,4,14,38.8,1312.12,"0"
9.2,17.6,22.6,4,14,38.8,1312.12,"0"
9.2,17.6,22.6,4,14,38.8,1312.12,"0"
9.2,17.6,22.6,4,14,38.8,1312.12,"0"
9.2,17.6,22.6,4,14,38.8,1312.12,"0"
9.2,17.6,22.6,4,14,38.8,1312.12,"0"
9.2,17.6,22.6,4,14,38.8,1312.12,"0"
9.2,17.6,22.6,4,14,38.8,1312.12,"0"
9.2,17.6,22.6,4,14,38.8,1312.12,"0"
9.2,17.6,22.6,4,14,38.8,1312.12,"0"
9.2,17.6,22.6,4,14,38.8,1312.12,"0"
9.2,17.6,22.6,4,14,38.8,1312.12,"0"
9.2,17.6,22.6,4,14,38.8,1312.12,"0"
9.2,17.6,22.6,4,14,38.8,1312.12,"0"
9.2,17.6,22.6,4,14,38.8,1312.12,"0"
9.2,17.6,22.6,9,14,38.8,1473.62,"1"
9.2,17.6,22.6,9,14,38.8,1473.62,"1"
9.2,17.6,22.6,4,14,38.8,1312.12,"0"
9.2,17.6,22.6,4,14,38.8,1312.12,"0"
9.2,17.6,22.6,4,14,38.8,1312.12,"0"
9.2,17.6,22.6,4,14,38.8,1312.12,"0"
9.2,17.6,22.6,4,14,38.8,1312.12,"0"
9.2,17.6,22.6,4,14,38.8,1312.12,"0"
9.2,17.6,22.6,4,14,38.8,1312.12,"0"
9.2,17.6,22.6,4,14,38.8,1312.12,"0"
9.2,17.6,22.6,4,14,38.8,1312.12,"0"
9.2,17.6,22.6,4,14,38.8,1312.12,"0"
9.2,17.6,22.6,4,14,38.8,1312.12,"0"
9.2,17.6,22.6,4,14,38.8,1312.12,"0"
9.2,17.6,22.6,4,14,38.8,1312.12,"0"
9.2,17.6,22.6,4,14,38.8,1312.12,"0"
9.2,17.6,22.6,4,14,38.8,1312.12,"0"
9.2,17.6,22.6,4,14,38.8,1312.12,"0"
9.2,17.6,22.6,4,14,38.8,1312.12,"0"
9.2,17.6,22.6,4,14,38.8,1312.12,"0"
9.2,17.6,22.6,4,14,38.8,1312.12,"0"
9.2,17.6,22.6,4,14,38.8,1312.12,"0"
9.2,17.6,22.6,4,14,38.8,1312.12,"0"
9.2,17.6,22.6,4,14,38.8,1312.12,"0"
9.2,17.6,22.6,4,14,38.8,1312.12,"0"
9.2,17.6,22.6,4,14,38.8,1312.12,"0"
9.2,17.6,22.6,4,14,38.8,1312.12,"0"
9.2,17.6,22.6,4,14,38.8,1312.12,"0"
9.2,17.6,22.6,4,14,38.8,1312.12,"0"
9.2,17.6,22.6,4,14,38.8,1312.12,"0"
9.2,17.6,22.6,4,24,38.8,1640.12,"1"
9.2,17.6,22.6,4,24,38.8,1640.12,"1"
9.2,17.6,22.6,4,24,38.8,1640.12,"1"
9.2,17.6,22.6,4,24,38.8,1640.12,"1"
9.2,17.6,22.6,4,24,38.8,1640.12,"1"
9.2,17.6,22.6,4,9,38.8,1148.12,"0"
9.2,17.6,22.6,9,9,38.8,1309.62,"0"
9.2,17.6,22.6,4,9,38.8,1148.12,"0"
9.2,17.6,22.6,4,9,38.8,1148.12,"0"
9.2,17.6,22.6,9,9,38.8,1309.62,"0"
9.2,17.6,22.6,4,9,38.8,1148.12,"0"
9.2,17.6,22.6,4,9,38.8,1148.12,"0"
9.2,17.6,22.6,4,9,38.8,1148.12,"0"
9.2,17.6,22.6,4,9,38.8,1148.12,"0"
9.2,17.6,22.6,4,9,38.8,1148.12,"0"
9.2,17.6,22.6,4,9,38.8,1148.12,"0"
9.2,17.6,22.6,4,9,38.8,1148.12,"0"
9.2,17.6,22.6,4,9,38.8,1148.12,"0"
9.2,17.6,22.6,4,9,38.8,1148.12,"0"
9.2,17.6,22.6,4,9,38.8,1148.12,"0"
9.2,17.6,22.6,4,9,38.8,1148.12,"0"
9.2,17.6,22.6,4,9,38.8,1148.12,"0"
9.2,17.6,22.6,4,4,38.8,984.12,"0"
9.2,17.6,22.6,4,4,38.8,984.12,"0"
9.2,17.6,22.6,4,4,38.8,984.12,"0"
9.2,17.6,22.6,4,4,38.8,984.12,"0"
9.2,17.6,22.6,4,4,38.8,984.12,"0"
9.2,17.6,22.6,4,4,38.8,984.12,"0"
9.2,17.6,22.6,4,4,38.8,984.12,"0"
9.2,17.6,22.6,4,4,38.8,984.12,"0"
9.2,17.6,22.6,4,4,38.8,984.12,"0"
9.2,17.6,22.6,4,4,38.8,984.12,"0"
9.2,17.6,22.6,29,9,11.9,1807.67,"1"
9.2,17.6,22.6,24,9,11.9,1646.17,"1"
9.2,17.6,22.6,24,9,11.9,1646.17,"1"
9.2,17.6,22.6,29,9,11.9,1807.67,"1"
9.2,17.6,22.6,29,9,11.9,1807.67,"1"
9.2,17.6,22.6,29,9,11.9,1807.67,"1"
9.2,17.6,22.6,29,9,11.9,1807.67,"1"
9.2,17.6,22.6,14,9,38.8,1471.12,"1"
9.2,17.6,22.6,14,9,38.8,1471.12,"1"
9.2,17.6,22.6,14,9,38.8,1471.12,"1"
9.2,17.6,22.6,9,9,38.8,1309.62,"0"
9.2,17.6,22.6,14,9,38.8,1471.12,"1"
9.2,17.6,22.6,14,4,38.8,1307.12,"0"
9.2,17.6,22.6,9,4,38.8,1145.62,"0"
9.2,17.6,22.6,19,4,38.8,1468.62,"1"
9.2,17.6,22.6,14,4,38.8,1307.12,"0"
9.2,17.6,22.6,14,4,38.8,1307.12,"0"
9.2,17.6,22.6,19,4,38.8,1468.62,"1"
9.2,17.6,22.6,14,4,38.8,1307.12,"0"
9.2,17.6,22.6,14,4,38.8,1307.12,"0"
9.2,17.6,22.6,14,4,38.8,1307.12,"0"
9.2,17.6,22.6,14,4,38.8,1307.12,"0"
9.2,17.6,22.6,14,4,38.8,1307.12,"0"
9.2,17.6,22.6,14,4,38.8,1307.12,"0"
9.2,17.6,22.6,14,4,38.8,1307.12,"0"
9.2,17.6,22.6,14,4,38.8,1307.12,"0"
9.2,17.6,22.6,14,4,38.8,1307.12,"0"
9.2,17.6,22.6,14,4,38.8,1307.12,"0"
9.2,17.6,22.6,14,4,38.8,1307.12,"0"
9.2,17.6,22.6,14,4,38.8,1307.12,"0"
9.2,17.6,22.6,14,19,38.8,1799.12,"1"
9.2,17.6,22.6,14,9,38.8,1471.12,"1"
9.2,17.6,22.6,14,9,38.8,1471.12,"1"
9.2,17.6,22.6,14,9,38.8,1471.12,"1"
9.2,17.6,22.6,19,19,38.8,1960.62,"1"
9.2,17.6,22.6,19,19,38.8,1960.62,"1"
9.2,17.6,22.6,4,4,38.8,984.12,"0"
9.2,17.6,22.6,4,9,38.8,1148.12,"0"
9.2,17.6,22.6,4,4,38.8,984.12,"0"
9.2,17.6,22.6,4,4,38.8,984.12,"0"
9.2,17.6,22.6,9,4,38.8,1145.62,"0"
9.2,17.6,22.6,4,4,38.8,984.12,"0"
9.2,17.6,22.6,4,4,38.8,984.12,"0"
9.2,17.6,22.6,4,9,38.8,1148.12,"0"
9.2,17.6,22.6,4,9,38.8,1148.12,"0"
9.2,17.6,22.6,4,9,38.8,1148.12,"0"
9.2,17.6,22.6,4,9,38.8,1148.12,"0"
9.2,17.6,22.6,4,9,38.8,1148.12,"0"
9.2,17.6,22.6,4,9,38.8,1148.12,"0"
9.2,17.6,22.6,4,9,38.8,1148.12,"0"
9.2,17.6,22.6,4,9,38.8,1148.12,"0"
9.2,17.6,22.6,4,9,38.8,1148.12,"0"
9.2,17.6,22.6,4,9,38.8,1148.12,"0"
9.2,17.6,22.6,4,9,38.8,1148.12,"0"
9.2,17.6,22.6,4,9,38.8,1148.12,"0"
9.2,17.6,22.6,4,9,38.8,1148.12,"0"
9.2,17.6,22.6,4,9,38.8,1148.12,"0"
9.2,17.6,22.6,4,9,38.8,1148.12,"0"
9.2,17.6,22.6,4,9,38.8,1148.12,"0"
9.2,17.6,22.6,4,9,38.8,1148.12,"0"
9.2,17.6,22.6,4,9,38.8,1148.12,"0"
9.2,17.6,22.6,9,9,38.8,1309.62,"0"
9.2,17.6,22.6,9,9,38.8,1309.62,"0"
9.2,17.6,22.6,9,9,38.8,1309.62,"0"
9.2,17.6,22.6,4,9,38.8,1148.12,"0"
9.2,17.6,22.6,4,9,38.8,1148.12,"0"
9.2,17.6,22.6,9,9,38.8,1309.62,"0"
9.2,17.6,22.6,9,9,38.8,1309.62,"0"
9.2,17.6,22.6,4,9,38.8,1148.12,"0"
9.2,17.6,22.6,4,9,38.8,1148.12,"0"
9.2,17.6,22.6,4,9,38.8,1148.12,"0"
9.2,17.6,22.6,9,9,38.8,1309.62,"0"
9.2,17.6,22.6,9,9,38.8,1309.62,"0"
9.2,17.6,22.6,4,9,38.8,1148.12,"0"
9.2,17.6,22.6,4,9,38.8,1148.12,"0"
9.2,17.6,22.6,14,9,38.8,1471.12,"1"
9.2,17.6,22.6,14,9,38.8,1471.12,"1"
9.2,17.6,22.6,14,9,38.8,1471.12,"1"
9.2,17.6,22.6,9,9,38.8,1309.62,"0"
9.2,17.6,22.6,9,9,38.8,1309.62,"0"
9.2,17.6,22.6,4,4,38.8,984.12,"0"
9.2,17.6,22.6,4,4,38.8,984.12,"0"
9.2,17.6,22.6,4,4,38.8,984.12,"0"
9.2,17.6,22.6,4,4,38.8,984.12,"0"
9.2,17.6,22.6,4,4,38.8,984.12,"0"
9.2,17.6,22.6,4,4,38.8,984.12,"0"
9.2,17.6,22.6,4,4,38.8,984.12,"0"
9.2,17.6,22.6,4,4,38.8,984.12,"0"
9.2,17.6,22.6,4,4,38.8,984.12,"0"
9.2,17.6,22.6,4,4,38.8,984.12,"0"
9.2,17.6,22.6,4,4,38.8,984.12,"0"
9.2,17.6,22.6,4,4,38.8,984.12,"0"
9.2,17.6,22.6,4,4,38.8,984.12,"0"
9.2,17.6,22.6,4,4,38.8,984.12,"0"
9.2,17.6,22.6,4,4,38.8,984.12,"0"
9.2,17.6,22.6,4,4,38.8,984.12,"0"
9.2,17.6,22.6,4,4,38.8,984.12,"0"
9.2,17.6,22.6,4,4,38.8,984.12,"0"
9.2,17.6,22.6,4,4,38.8,984.12,"0"
9.2,17.6,22.6,4,4,38.8,984.12,"0"
9.2,17.6,22.6,4,4,38.8,984.12,"0"
9.2,17.6,22.6,4,4,38.8,984.12,"0"
9.2,17.6,22.6,4,4,38.8,984.12,"0"
9.2,17.6,22.6,4,4,38.8,984.12,"0"
9.2,17.6,22.6,4,4,38.8,984.12,"0"
9.2,17.6,22.6,4,4,38.8,984.12,"0"
9.2,17.6,22.6,4,4,38.8,984.12,"0"
9.2,17.6,22.6,4,4,38.8,984.12,"0"
9.2,17.6,22.6,4,4,38.8,984.12,"0"
9.2,17.6,22.6,4,4,38.8,984.12,"0"
9.2,17.6,22.6,4,4,38.8,984.12,"0"
9.2,17.6,22.6,4,4,38.8,984.12,"0"
9.2,17.6,22.6,4,4,38.8,984.12,"0"
9.2,17.6,22.6,4,4,38.8,984.12,"0"
9.2,17.6,22.6,4,4,38.8,984.12,"0"
9.2,17.6,22.6,4,4,38.8,984.12,"0"
9.2,17.6,22.6,4,4,38.8,984.12,"0"
9.2,17.6,22.6,4,4,38.8,984.12,"0"
9.2,17.6,22.6,4,4,38.8,984.12,"0"
9.2,17.6,22.6,4,4,38.8,984.12,"0"
9.2,17.6,22.6,4,4,38.8,984.12,"0"
9.2,17.6,22.6,4,4,38.8,984.12,"0"
9.2,17.6,22.6,4,4,38.8,984.12,"0"
9.2,17.6,22.6,4,4,38.8,984.12,"0"
9.2,17.6,22.6,4,4,38.8,984.12,"0"
9.2,17.6,22.6,4,4,38.8,984.12,"0"
9.2,17.6,22.6,4,4,38.8,984.12,"0"
9.2,17.6,22.6,4,4,38.8,984.12,"0"
9.2,17.6,22.6,4,4,38.8,984.12,"0"
9.2,17.6,22.6,4,4,38.8,984.12,"0"
9.2,17.6,22.6,4,4,38.8,984.12,"0"
9.2,17.6,22.6,4,4,38.8,984.12,"0"
9.2,17.6,22.6,4,4,38.8,984.12,"0"
9.2,17.6,22.6,4,4,38.8,984.12,"0"
9.2,17.6,22.6,4,4,38.8,984.12,"0"
9.2,17.6,22.6,4,4,38.8,984.12,"0"
9.2,17.6,22.6,4,4,38.8,984.12,"0"
9.2,17.6,22.6,4,4,38.8,984.12,"0"
9.2,17.6,22.6,4,4,38.8,984.12,"0"
9.2,17.6,22.6,4,4,38.8,984.12,"0"
9.2,17.6,22.6,4,4,38.8,984.12,"0"
9.2,17.6,22.6,4,4,38.8,984.12,"0"
9.2,17.6,22.6,4,4,38.8,984.12,"0"
9.2,17.6,22.6,4,4,38.8,984.12,"0"
9.2,17.6,22.6,4,4,38.8,984.12,"0"
9.2,17.6,22.6,4,4,38.8,984.12,"0"
9.2,17.6,22.6,4,4,38.8,984.12,"0"
9.2,17.6,22.6,4,4,38.8,984.12,"0"
9.2,17.6,22.6,4,4,38.8,984.12,"0"
9.2,17.6,22.6,4,4,38.8,984.12,"0"
9.2,17.6,22.6,4,4,38.8,984.12,"0"
9.2,17.6,22.6,4,4,38.8,984.12,"0"
9.2,17.6,22.6,4,4,38.8,984.12,"0"
9.2,17.6,22.6,4,4,38.8,984.12,"0"
9.2,17.6,22.6,4,4,38.8,984.12,"0"
9.2,17.6,22.6,4,4,38.8,984.12,"0"
9.2,17.6,22.6,4,4,38.8,984.12,"0"
9.2,17.6,22.6,4,4,38.8,984.12,"0"
9.2,17.6,22.6,4,4,38.8,984.12,"0"
9.2,17.6,22.6,4,4,38.8,984.12,"0"
9.2,17.6,22.6,4,4,38.8,984.12,"0"
9.2,17.6,22.6,4,4,38.8,984.12,"0"
9.2,17.6,22.6,4,4,38.8,984.12,"0"
9.2,17.6,22.6,4,4,38.8,984.12,"0"
9.2,17.6,22.6,4,4,38.8,984.12,"0"
9.2,17.6,22.6,4,4,38.8,984.12,"0"
9.2,17.6,22.6,4,4,38.8,984.12,"0"
9.2,17.6,22.6,4,4,38.8,984.12,"0"
9.2,17.6,22.6,4,4,38.8,984.12,"0"
9.2,17.6,22.6,14,4,38.8,1307.12,"0"
9.2,17.6,22.6,9,9,38.8,1309.62,"0"
9.2,17.6,22.6,9,9,38.8,1309.62,"0"
9.2,17.6,22.6,9,9,38.8,1309.62,"0"
9.2,17.6,22.6,9,9,38.8,1309.62,"0"
9.2,17.6,22.6,9,9,38.8,1309.62,"0"
9.2,17.6,22.6,14,9,38.8,1471.12,"1"
9.2,17.6,22.6,14,9,38.8,1471.12,"1"
9.2,17.6,22.6,14,9,38.8,1471.12,"1"
9.2,17.6,22.6,19,9,38.8,1632.62,"1"
9.2,17.6,22.6,19,9,38.8,1632.62,"1"
9.2,17.6,22.6,14,9,38.8,1471.12,"1"
9.2,17.6,22.6,19,9,38.8,1632.62,"1"
9.2,17.6,22.6,14,9,38.8,1471.12,"1"
9.2,17.6,22.6,14,9,38.8,1471.12,"1"
9.2,17.6,22.6,19,9,38.8,1632.62,"1"
9.2,17.6,22.6,19,4,38.8,1468.62,"1"
9.2,17.6,22.6,9,4,38.8,1145.62,"0"
9.2,17.6,22.6,9,19,38.8,1637.62,"1"
9.2,17.6,22.6,9,19,38.8,1637.62,"1"
9.2,17.6,22.6,9,19,38.8,1637.62,"1"
9.2,17.6,22.6,9,19,38.8,1637.62,"1"
9.2,17.6,22.6,9,19,38.8,1637.62,"1"
9.2,17.6,22.6,9,19,38.8,1637.62,"1"
9.2,17.6,22.6,9,19,38.8,1637.62,"1"
9.2,17.6,22.6,9,19,38.8,1637.62,"1"
9.2,17.6,22.6,9,19,38.8,1637.62,"1"
9.2,17.6,22.6,9,19,38.8,1637.62,"1"
9.2,17.6,22.6,9,19,38.8,1637.62,"1"
9.2,17.6,22.6,9,19,38.8,1637.62,"1"
9.2,17.6,22.6,9,19,38.8,1637.62,"1"
9.2,17.6,22.6,9,19,38.8,1637.62,"1"
9.2,17.6,22.6,9,19,38.8,1637.62,"1"
9.2,17.6,22.6,14,4,38.8,1307.12,"0"
9.2,17.6,22.6,14,4,38.8,1307.12,"0"
9.2,17.6,22.6,14,9,38.8,1471.12,"1"
9.2,17.6,22.6,14,9,38.8,1471.12,"1"
9.2,17.6,22.6,14,9,38.8,1471.12,"1"
9.2,17.6,22.6,14,9,38.8,1471.12,"1"
9.2,17.6,22.6,14,9,38.8,1471.12,"1"
9.2,17.6,22.6,14,9,38.8,1471.12,"1"
9.2,17.6,22.6,14,9,38.8,1471.12,"1"
9.2,17.6,22.6,14,9,38.8,1471.12,"1"
9.2,17.6,22.6,14,9,38.8,1471.12,"1"
9.2,17.6,22.6,14,9,38.8,1471.12,"1"
9.2,17.6,22.6,14,9,38.8,1471.12,"1"
9.2,17.6,22.6,14,9,38.8,1471.12,"1"
9.2,17.6,22.6,14,9,38.8,1471.12,"1"
9.2,17.6,22.6,14,9,38.8,1471.12,"1"
9.2,17.6,22.6,14,9,38.8,1471.12,"1"
9.2,17.6,22.6,14,9,38.8,1471.12,"1"
9.2,17.6,22.6,14,9,38.8,1471.12,"1"
9.2,17.6,22.6,14,9,38.8,1471.12,"1"
9.2,17.6,22.6,14,9,38.8,1471.12,"1"
9.2,17.6,22.6,14,9,38.8,1471.12,"1"
9.2,17.6,22.6,19,9,38.8,1632.62,"1"
9.2,17.6,22.6,14,9,38.8,1471.12,"1"
9.2,17.6,22.6,14,9,38.8,1471.12,"1"
9.2,17.6,22.6,14,9,38.8,1471.12,"1"
9.2,17.6,22.6,14,9,38.8,1471.12,"1"
9.2,17.6,22.6,9,9,38.8,1309.62,"0"
9.2,17.6,22.6,4,9,38.8,1148.12,"0"
9.2,17.6,22.6,4,9,38.8,1148.12,"0"
9.2,17.6,22.6,4,4,38.8,984.12,"0"
9.2,17.6,22.6,4,4,38.8,984.12,"0"
9.2,17.6,22.6,4,4,38.8,984.12,"0"
9.2,17.6,22.6,9,4,38.8,1145.62,"0"
9.2,17.6,22.6,14,4,38.8,1307.12,"0"
9.2,17.6,22.6,14,4,38.8,1307.12,"0"
9.2,17.6,22.6,14,4,38.8,1307.12,"0"
9.2,17.6,22.6,14,4,38.8,1307.12,"0"
9.2,17.6,22.6,19,4,38.8,1468.62,"1"
9.2,17.6,22.6,19,9,38.8,1632.62,"1"
9.2,17.6,22.6,19,9,38.8,1632.62,"1"
9.2,17.6,22.6,19,9,38.8,1632.62,"1"
9.2,17.6,22.6,19,9,38.8,1632.62,"1"
9.2,17.6,22.6,19,9,38.8,1632.62,"1"
9.2,17.6,22.6,19,9,38.8,1632.62,"1"
9.2,17.6,22.6,19,9,38.8,1632.62,"1"
9.2,17.6,22.6,14,9,38.8,1471.12,"1"
9.2,17.6,22.6,14,9,38.8,1471.12,"1"
9.2,17.6,22.6,14,9,38.8,1471.12,"1"
9.2,17.6,22.6,14,9,38.8,1471.12,"1"
9.2,17.6,22.6,14,9,38.8,1471.12,"1"
9.2,17.6,22.6,14,4,38.8,1307.12,"0"
9.2,17.6,22.6,14,9,38.8,1471.12,"1"
9.2,17.6,22.6,14,9,38.8,1471.12,"1"
9.2,17.6,22.6,14,9,38.8,1471.12,"1"
9.2,17.6,22.6,14,9,38.8,1471.12,"1"
9.2,17.6,22.6,14,4,38.8,1307.12,"0"
9.2,17.6,22.6,14,4,38.8,1307.12,"0"
9.2,17.6,22.6,14,4,38.8,1307.12,"0"
9.2,17.6,22.6,14,4,38.8,1307.12,"0"
9.2,17.6,22.6,19,4,38.8,1468.62,"1"
9.2,17.6,22.6,19,4,38.8,1468.62,"1"
9.2,17.6,22.6,19,4,38.8,1468.62,"1"
9.2,17.6,22.6,24,4,38.8,1630.12,"1"
9.2,17.6,22.6,19,4,38.8,1468.62,"1"
9.2,17.6,22.6,14,4,38.8,1307.12,"0"
9.2,17.6,22.6,9,4,38.8,1145.62,"0"
9.2,17.6,22.6,9,4,38.8,1145.62,"0"
9.2,17.6,22.6,14,4,38.8,1307.12,"0"
9.2,17.6,22.6,14,4,38.8,1307.12,"0"
9.2,17.6,22.6,19,14,38.8,1796.62,"1"
9.2,17.6,22.6,9,9,38.8,1309.62,"0"
9.2,17.6,22.6,9,9,38.8,1309.62,"0"
9.2,17.6,22.6,14,9,38.8,1471.12,"1"
9.2,17.6,22.6,14,9,38.8,1471.12,"1"
9.2,17.6,22.6,4,9,38.8,1148.12,"0"
9.2,17.6,22.6,9,9,38.8,1309.62,"0"
9.2,17.6,22.6,9,9,38.8,1309.62,"0"
9.2,17.6,22.6,9,9,38.8,1309.62,"0"
9.2,17.6,22.6,9,9,38.8,1309.62,"0"
9.2,17.6,22.6,14,9,38.8,1471.12,"1"
9.2,17.6,22.6,14,9,38.8,1471.12,"1"
9.2,17.6,22.6,14,9,38.8,1471.12,"1"
9.2,17.6,22.6,9,9,38.8,1309.62,"0"
9.2,17.6,22.6,14,9,38.8,1471.12,"1"
9.2,17.6,22.6,19,9,38.8,1632.62,"1"
9.2,17.6,22.6,14,14,38.8,1635.12,"1"
9.2,17.6,22.6,14,14,38.8,1635.12,"1"
9.2,17.6,22.6,14,14,38.8,1635.12,"1"
9.2,17.6,22.6,14,14,38.8,1635.12,"1"
9.2,17.6,22.6,19,14,38.8,1796.62,"1"
9.2,17.6,22.6,14,14,38.8,1635.12,"1"
9.2,17.6,22.6,14,14,38.8,1635.12,"1"
9.2,17.6,22.6,9,14,38.8,1473.62,"1"
9.2,17.6,22.6,9,14,38.8,1473.62,"1"
9.2,17.6,22.6,14,14,38.8,1635.12,"1"
9.2,17.6,22.6,19,14,38.8,1796.62,"1"
9.2,17.6,22.6,19,14,38.8,1796.62,"1"
9.2,17.6,22.6,24,14,38.8,1958.12,"1"
9.2,17.6,22.6,24,14,38.8,1958.12,"1"
9.2,17.6,22.6,19,4,38.8,1468.62,"1"
9.2,17.6,22.6,24,4,38.8,1630.12,"1"
9.2,17.6,22.6,24,14,38.8,1958.12,"1"
9.2,17.6,22.6,19,14,38.8,1796.62,"1"
9.2,17.6,22.6,19,4,38.8,1468.62,"1"
9.2,17.6,22.6,14,14,38.8,1635.12,"1"
9.2,17.6,22.6,14,4,38.8,1307.12,"0"
9.2,17.6,22.6,19,14,38.8,1796.62,"1"
9.2,17.6,22.6,14,4,38.8,1307.12,"0"
9.2,17.6,22.6,14,4,38.8,1307.12,"0"
9.2,17.6,22.6,14,4,38.8,1307.12,"0"
9.2,17.6,22.6,14,4,38.8,1307.12,"0"
9.2,17.6,22.6,14,4,38.8,1307.12,"0"
9.2,17.6,22.6,9,4,38.8,1145.62,"0"
9.2,17.6,22.6,9,4,38.8,1145.62,"0"
9.2,17.6,22.6,14,4,38.8,1307.12,"0"
9.2,17.6,22.6,14,4,38.8,1307.12,"0"
9.2,17.6,22.6,14,4,38.8,1307.12,"0"
9.2,17.6,22.6,9,4,38.8,1145.62,"0"
9.2,17.6,22.6,9,4,38.8,1145.62,"0"
9.2,17.6,22.6,9,4,38.8,1145.62,"0"
9.2,17.6,22.6,9,4,38.8,1145.62,"0"
9.2,17.6,22.6,9,4,38.8,1145.62,"0"
9.2,17.6,22.6,9,4,38.8,1145.62,"0"
9.2,17.6,22.6,4,4,38.8,984.12,"0"
9.2,17.6,22.6,4,4,38.8,984.12,"0"
9.2,17.6,22.6,4,4,38.8,984.12,"0"
9.2,17.6,22.6,4,4,38.8,984.12,"0"
9.2,17.6,22.6,4,4,38.8,984.12,"0"
9.2,17.6,22.6,4,4,38.8,984.12,"0"
9.2,17.6,22.6,4,4,38.8,984.12,"0"
9.2,17.6,22.6,4,4,38.8,984.12,"0"
9.2,17.6,22.6,4,4,38.8,984.12,"0"
9.2,17.6,22.6,4,4,38.8,984.12,"0"
9.2,17.6,22.6,4,4,38.8,984.12,"0"
9.2,17.6,22.6,4,4,38.8,984.12,"0"
9.2,17.6,22.6,4,4,38.8,984.12,"0"
9.2,17.6,22.6,4,4,38.8,984.12,"0"
9.2,17.6,22.6,9,4,38.8,1145.62,"0"
9.2,17.6,22.6,14,4,38.8,1307.12,"0"
9.2,17.6,22.6,9,4,38.8,1145.62,"0"
9.2,17.6,22.6,9,4,38.8,1145.62,"0"
9.2,17.6,22.6,4,4,38.8,984.12,"0"
9.2,17.6,22.6,4,4,38.8,984.12,"0"
9.2,17.6,22.6,4,4,38.8,984.12,"0"
9.2,17.6,22.6,4,4,38.8,984.12,"0"
9.2,17.6,22.6,4,4,38.8,984.12,"0"
9.2,17.6,22.6,4,4,38.8,984.12,"0"
9.2,17.6,22.6,4,4,38.8,984.12,"0"
9.2,17.6,22.6,4,4,38.8,984.12,"0"
9.2,17.6,22.6,4,4,38.8,984.12,"0"
9.2,17.6,22.6,4,4,38.8,984.12,"0"
9.2,17.6,22.6,9,4,38.8,1145.62,"0"
9.2,17.6,22.6,14,4,38.8,1307.12,"0"
9.2,17.6,22.6,9,4,38.8,1145.62,"0"
9.2,17.6,22.6,4,4,38.8,984.12,"0"
9.2,17.6,22.6,9,4,38.8,1145.62,"0"
9.2,17.6,22.6,9,4,38.8,1145.62,"0"
9.2,17.6,22.6,9,4,38.8,1145.62,"0"
9.2,17.6,22.6,14,4,38.8,1307.12,"0"
9.2,17.6,22.6,4,4,38.8,984.12,"0"
9.2,17.6,22.6,4,4,38.8,984.12,"0"
9.2,17.6,22.6,9,4,38.8,1145.62,"0"
9.2,17.6,22.6,9,4,38.8,1145.62,"0"
9.2,17.6,22.6,9,4,38.8,1145.62,"0"
9.2,17.6,22.6,9,4,38.8,1145.62,"0"
9.2,17.6,22.6,9,4,38.8,1145.62,"0"
9.2,17.6,22.6,9,4,38.8,1145.62,"0"
9.2,17.6,22.6,9,4,38.8,1145.62,"0"
9.2,17.6,22.6,9,4,38.8,1145.62,"0"
9.2,17.6,22.6,9,4,38.8,1145.62,"0"
9.2,17.6,22.6,9,4,38.8,1145.62,"0"
9.2,17.6,22.6,9,4,38.8,1145.62,"0"
9.2,17.6,22.6,9,4,38.8,1145.62,"0"
9.2,17.6,22.6,9,4,38.8,1145.62,"0"
9.2,17.6,22.6,9,4,38.8,1145.62,"0"
9.2,17.6,22.6,14,4,38.8,1307.12,"0"
9.2,17.6,22.6,14,4,38.8,1307.12,"0"
9.2,17.6,22.6,19,4,38.8,1468.62,"1"
9.2,17.6,22.6,19,4,38.8,1468.62,"1"
9.2,17.6,22.6,9,4,38.8,1145.62,"0"
9.2,17.6,22.6,9,4,38.8,1145.62,"0"
9.2,17.6,22.6,9,4,38.8,1145.62,"0"
9.2,17.6,22.6,9,4,38.8,1145.62,"0"
9.2,17.6,22.6,14,4,38.8,1307.12,"0"
9.2,17.6,22.6,14,4,38.8,1307.12,"0"
9.2,17.6,22.6,14,4,38.8,1307.12,"0"
9.2,17.6,22.6,9,4,38.8,1145.62,"0"
9.2,17.6,22.6,14,4,38.8,1307.12,"0"
9.2,17.6,22.6,19,4,38.8,1468.62,"1"
9.2,17.6,22.6,19,4,38.8,1468.62,"1"
9.2,17.6,22.6,14,4,38.8,1307.12,"0"
9.2,17.6,22.6,14,4,38.8,1307.12,"0"
9.2,17.6,22.6,14,4,38.8,1307.12,"0"
9.2,17.6,22.6,14,4,38.8,1307.12,"0"
9.2,17.6,22.6,14,4,38.8,1307.12,"0"
9.2,17.6,22.6,19,4,38.8,1468.62,"1"
9.2,17.6,22.6,14,4,38.8,1307.12,"0"
9.2,17.6,22.6,19,4,38.8,1468.62,"1"
9.2,17.6,22.6,14,4,38.8,1307.12,"0"
9.2,17.6,22.6,14,4,38.8,1307.12,"0"
9.2,17.6,22.6,14,4,38.8,1307.12,"0"
9.2,17.6,22.6,9,4,38.8,1145.62,"0"
9.2,17.6,22.6,9,4,38.8,1145.62,"0"
9.2,17.6,22.6,14,4,38.8,1307.12,"0"
9.2,17.6,22.6,9,4,38.8,1145.62,"0"
9.2,17.6,22.6,9,4,38.8,1145.62,"0"
9.2,17.6,22.6,9,4,38.8,1145.62,"0"
9.2,17.6,22.6,14,4,38.8,1307.12,"0"
9.2,17.6,22.6,14,4,38.8,1307.12,"0"
9.2,17.6,22.6,14,4,38.8,1307.12,"0"
9.2,17.6,22.6,19,4,38.8,1468.62,"1"
9.2,17.6,22.6,19,4,38.8,1468.62,"1"
9.2,17.6,22.6,14,4,38.8,1307.12,"0"
9.2,17.6,22.6,14,4,38.8,1307.12,"0"
9.2,17.6,22.6,14,4,38.8,1307.12,"0"
9.2,17.6,22.6,14,4,38.8,1307.12,"0"
9.2,17.6,22.6,14,4,38.8,1307.12,"0"
9.2,17.6,22.6,14,4,38.8,1307.12,"0"
9.2,17.6,22.6,14,4,38.8,1307.12,"0"
9.2,17.6,22.6,14,4,38.8,1307.12,"0"
9.2,17.6,22.6,14,4,38.8,1307.12,"0"
9.2,17.6,22.6,19,4,38.8,1468.62,"1"
9.2,17.6,22.6,19,4,38.8,1468.62,"1"
9.2,17.6,22.6,14,4,38.8,1307.12,"0"
9.2,17.6,22.6,9,4,38.8,1145.62,"0"
9.2,17.6,22.6,14,4,38.8,1307.12,"0"
9.2,17.6,22.6,14,14,38.8,1635.12,"1"
9.2,17.6,22.6,9,14,38.8,1473.62,"1"
9.2,17.6,22.6,14,14,38.8,1635.12,"1"
9.2,17.6,22.6,14,14,38.8,1635.12,"1"
9.2,17.6,22.6,19,14,38.8,1796.62,"1"
9.2,17.6,22.6,24,14,38.8,1958.12,"1"
9.2,17.6,22.6,19,14,38.8,1796.62,"1"
9.2,17.6,22.6,19,14,38.8,1796.62,"1"
9.2,17.6,22.6,19,14,38.8,1796.62,"1"
9.2,17.6,22.6,14,14,38.8,1635.12,"1"
9.2,17.6,22.6,14,14,38.8,1635.12,"1"
9.2,17.6,22.6,14,14,38.8,1635.12,"1"
9.2,17.6,22.6,9,14,38.8,1473.62,"1"
9.2,17.6,22.6,14,14,38.8,1635.12,"1"
9.2,17.6,22.6,9,14,38.8,1473.62,"1"
9.2,17.6,22.6,14,14,38.8,1635.12,"1"
9.2,17.6,22.6,9,14,38.8,1473.62,"1"
9.2,17.6,22.6,9,14,38.8,1473.62,"1"
9.2,17.6,22.6,14,4,38.8,1307.12,"0"
9.2,17.6,22.6,14,9,38.8,1471.12,"1"
9.2,17.6,22.6,14,9,38.8,1471.12,"1"
9.2,17.6,22.6,14,9,38.8,1471.12,"1"
9.2,17.6,22.6,14,9,38.8,1471.12,"1"
9.2,17.6,22.6,14,9,38.8,1471.12,"1"
9.2,17.6,22.6,14,9,38.8,1471.12,"1"
9.2,17.6,22.6,14,9,38.8,1471.12,"1"
9.2,17.6,22.6,14,9,38.8,1471.12,"1"
9.2,17.6,22.6,14,9,38.8,1471.12,"1"
9.2,17.6,22.6,9,9,38.8,1309.62,"0"
9.2,17.6,22.6,9,9,38.8,1309.62,"0"
9.2,17.6,22.6,9,9,38.8,1309.62,"0"
9.2,17.6,22.6,9,9,38.8,1309.62,"0"
9.2,17.6,22.6,9,9,38.8,1309.62,"0"
9.2,17.6,22.6,9,9,38.8,1309.62,"0"
9.2,17.6,22.6,9,9,38.8,1309.62,"0"
9.2,17.6,22.6,14,9,38.8,1471.12,"1"
9.2,17.6,22.6,9,9,38.8,1309.62,"0"
9.2,17.6,22.6,9,14,38.8,1473.62,"1"
9.2,17.6,22.6,9,14,38.8,1473.62,"1"
9.2,17.6,22.6,4,14,38.8,1312.12,"0"
9.2,17.6,22.6,4,14,38.8,1312.12,"0"
9.2,17.6,22.6,4,14,38.8,1312.12,"0"
9.2,17.6,22.6,4,14,38.8,1312.12,"0"
9.2,17.6,22.6,4,14,38.8,1312.12,"0"
9.2,17.6,22.6,4,14,38.8,1312.12,"0"
9.2,17.6,22.6,4,14,38.8,1312.12,"0"
9.2,17.6,22.6,4,14,38.8,1312.12,"0"
9.2,17.6,22.6,4,14,38.8,1312.12,"0"
9.2,17.6,22.6,4,14,38.8,1312.12,"0"
9.2,17.6,22.6,4,14,38.8,1312.12,"0"
9.2,17.6,22.6,4,14,38.8,1312.12,"0"
9.2,17.6,22.6,4,14,38.8,1312.12,"0"
9.2,17.6,22.6,4,14,38.8,1312.12,"0"
9.2,17.6,22.6,9,14,38.8,1473.62,"1"
9.2,17.6,22.6,4,14,38.8,1312.12,"0"
9.2,17.6,22.6,9,14,38.8,1473.62,"1"
9.2,17.6,22.6,9,14,38.8,1473.62,"1"
9.2,17.6,22.6,14,14,38.8,1635.12,"1"
9.2,17.6,22.6,14,14,38.8,1635.12,"1"
9.2,17.6,22.6,14,14,38.8,1635.12,"1"
9.2,17.6,22.6,14,14,38.8,1635.12,"1"
9.2,17.6,22.6,14,14,38.8,1635.12,"1"
9.2,17.6,22.6,14,14,38.8,1635.12,"1"
9.2,17.6,22.6,9,14,38.8,1473.62,"1"
9.2,17.6,22.6,9,14,38.8,1473.62,"1"
9.2,17.6,22.6,14,14,38.8,1635.12,"1"
9.2,17.6,22.6,14,14,38.8,1635.12,"1"
9.2,17.6,22.6,14,14,38.8,1635.12,"1"
9.2,17.6,22.6,14,14,38.8,1635.12,"1"
9.2,17.6,22.6,19,14,38.8,1796.62,"1"
9.2,17.6,22.6,19,14,38.8,1796.62,"1"
9.2,17.6,22.6,14,14,38.8,1635.12,"1"
9.2,17.6,22.6,19,4,38.8,1468.62,"1"
9.2,17.6,22.6,24,4,38.8,1630.12,"1"
9.2,17.6,22.6,24,4,38.8,1630.12,"1"
9.2,17.6,22.6,19,4,38.8,1468.62,"1"
9.2,17.6,22.6,24,9,38.8,1794.12,"1"
9.2,17.6,22.6,24,9,38.8,1794.12,"1"
9.2,17.6,22.6,24,9,38.8,1794.12,"1"
9.2,17.6,22.6,19,9,38.8,1632.62,"1"
9.2,17.6,22.6,19,9,38.8,1632.62,"1"
9.2,17.6,22.6,19,9,38.8,1632.62,"1"
9.2,17.6,22.6,19,9,38.8,1632.62,"1"
9.2,17.6,22.6,19,9,38.8,1632.62,"1"
9.2,17.6,22.6,19,9,38.8,1632.62,"1"
9.2,17.6,22.6,24,9,38.8,1794.12,"1"
9.2,17.6,22.6,19,9,38.8,1632.62,"1"
9.2,17.6,22.6,19,9,38.8,1632.62,"1"
9.2,17.6,22.6,19,9,38.8,1632.62,"1"
9.2,17.6,22.6,19,9,38.8,1632.62,"1"
9.2,17.6,22.6,19,9,38.8,1632.62,"1"
9.2,17.6,22.6,24,9,38.8,1794.12,"1"
9.2,17.6,22.6,19,9,38.8,1632.62,"1"
9.2,17.6,22.6,19,9,38.8,1632.62,"1"
9.2,17.6,22.6,19,9,38.8,1632.62,"1"
9.2,17.6,22.6,19,9,38.8,1632.62,"1"
9.2,17.6,22.6,19,9,38.8,1632.62,"1"
9.2,17.6,22.6,19,9,38.8,1632.62,"1"
9.2,17.6,22.6,19,9,38.8,1632.62,"1"
9.2,17.6,22.6,19,9,38.8,1632.62,"1"
9.2,17.6,22.6,19,4,38.8,1468.62,"1"
9.2,17.6,22.6,19,4,38.8,1468.62,"1"
9.2,17.6,22.6,19,14,38.8,1796.62,"1"
9.2,17.6,22.6,19,14,38.8,1796.62,"1"
9.2,17.6,22.6,19,14,38.8,1796.62,"1"
9.2,17.6,22.6,14,14,38.8,1635.12,"1"
9.2,17.6,22.6,14,14,38.8,1635.12,"1"
9.2,17.6,22.6,14,14,38.8,1635.12,"1"
9.2,17.6,22.6,9,14,38.8,1473.62,"1"
9.2,17.6,22.6,14,14,38.8,1635.12,"1"
9.2,17.6,22.6,19,14,38.8,1796.62,"1"
9.2,17.6,22.6,19,14,38.8,1796.62,"1"
9.2,17.6,22.6,14,14,38.8,1635.12,"1"
9.2,17.6,22.6,14,14,38.8,1635.12,"1"
9.2,17.6,22.6,9,14,38.8,1473.62,"1"
9.2,17.6,22.6,9,14,38.8,1473.62,"1"
9.2,17.6,22.6,9,14,38.8,1473.62,"1"
9.2,17.6,22.6,9,14,38.8,1473.62,"1"
9.2,17.6,22.6,9,14,38.8,1473.62,"1"
9.2,17.6,22.6,14,14,11.9,1487.17,"1"
9.2,17.6,22.6,19,14,11.9,1648.67,"1"
9.2,17.6,22.6,19,14,11.9,1648.67,"1"
9.2,17.6,22.6,19,14,11.9,1648.67,"1"
9.2,17.6,22.6,19,14,11.9,1648.67,"1"
9.2,17.6,22.6,19,14,11.9,1648.67,"1"
9.2,17.6,22.6,19,14,11.9,1648.67,"1"
9.2,17.6,22.6,19,14,11.9,1648.67,"1"
9.2,17.6,22.6,14,14,11.9,1487.17,"1"
9.2,17.6,22.6,19,14,11.9,1648.67,"1"
9.2,17.6,22.6,14,14,11.9,1487.17,"1"
9.2,17.6,22.6,14,14,11.9,1487.17,"1"
9.2,17.6,22.6,14,14,11.9,1487.17,"1"
9.2,17.6,22.6,14,14,11.9,1487.17,"1"
9.2,17.6,22.6,14,14,11.9,1487.17,"1"
9.2,17.6,22.6,9,14,11.9,1325.67,"0"
9.2,17.6,22.6,9,14,11.9,1325.67,"0"
9.2,17.6,22.6,9,14,11.9,1325.67,"0"
9.2,17.6,22.6,9,14,11.9,1325.67,"0"
9.2,17.6,22.6,9,14,11.9,1325.67,"0"
9.2,17.6,22.6,9,14,11.9,1325.67,"0"
9.2,17.6,22.6,9,14,11.9,1325.67,"0"
9.2,17.6,22.6,9,14,11.9,1325.67,"0"
9.2,17.6,22.6,9,14,11.9,1325.67,"0"
9.2,17.6,22.6,19,14,11.9,1648.67,"1"
9.2,17.6,22.6,14,14,11.9,1487.17,"1"
9.2,17.6,22.6,14,14,11.9,1487.17,"1"
9.2,17.6,22.6,9,14,11.9,1325.67,"0"
9.2,17.6,22.6,9,14,11.9,1325.67,"0"
9.2,17.6,22.6,9,14,11.9,1325.67,"0"
9.2,17.6,22.6,9,14,11.9,1325.67,"0"
9.2,17.6,22.6,9,14,11.9,1325.67,"0"
9.2,17.6,22.6,9,14,11.9,1325.67,"0"
9.2,17.6,22.6,9,14,11.9,1325.67,"0"
9.2,17.6,22.6,9,14,11.9,1325.67,"0"
9.2,17.6,22.6,14,14,11.9,1487.17,"1"
9.2,17.6,22.6,14,14,11.9,1487.17,"1"
9.2,17.6,22.6,9,14,11.9,1325.67,"0"
9.2,17.6,22.6,9,14,11.9,1325.67,"0"
9.2,17.6,22.6,9,14,11.9,1325.67,"0"
9.2,17.6,22.6,9,14,11.9,1325.67,"0"
9.2,17.6,22.6,9,14,11.9,1325.67,"0"
9.2,17.6,22.6,14,14,38.8,1635.12,"1"
9.2,17.6,22.6,14,14,38.8,1635.12,"1"
9.2,17.6,22.6,14,14,38.8,1635.12,"1"
9.2,17.6,22.6,14,14,38.8,1635.12,"1"
9.2,17.6,22.6,14,14,38.8,1635.12,"1"
9.2,17.6,22.6,14,14,38.8,1635.12,"1"
9.2,17.6,22.6,14,14,38.8,1635.12,"1"
9.2,17.6,22.6,14,14,38.8,1635.12,"1"
9.2,17.6,22.6,19,14,38.8,1796.62,"1"
9.2,17.6,22.6,19,14,38.8,1796.62,"1"
9.2,17.6,22.6,14,14,38.8,1635.12,"1"
9.2,17.6,22.6,14,14,38.8,1635.12,"1"
9.2,17.6,22.6,19,14,38.8,1796.62,"1"
9.2,17.6,22.6,24,14,38.8,1958.12,"1"
9.2,17.6,22.6,14,14,38.8,1635.12,"1"
9.2,17.6,22.6,19,14,38.8,1796.62,"1"
9.2,17.6,22.6,14,14,38.8,1635.12,"1"
9.2,17.6,22.6,19,14,38.8,1796.62,"1"
9.2,17.6,22.6,19,14,38.8,1796.62,"1"
9.2,17.6,22.6,14,14,38.8,1635.12,"1"
9.2,17.6,22.6,24,14,38.8,1958.12,"1"
9.2,17.6,22.6,14,14,38.8,1635.12,"1"
9.2,17.6,22.6,14,4,38.8,1307.12,"0"
9.2,17.6,22.6,14,14,38.8,1635.12,"1"
9.2,17.6,22.6,9,14,38.8,1473.62,"1"
9.2,17.6,22.6,14,14,38.8,1635.12,"1"
9.2,17.6,22.6,19,14,38.8,1796.62,"1"
9.2,17.6,22.6,14,14,38.8,1635.12,"1"
9.2,17.6,22.6,14,14,38.8,1635.12,"1"
9.2,17.6,22.6,19,14,38.8,1796.62,"1"
9.2,17.6,22.6,19,14,38.8,1796.62,"1"
9.2,17.6,22.6,19,14,38.8,1796.62,"1"
9.2,17.6,22.6,24,14,38.8,1958.12,"1"
9.2,17.6,22.6,19,14,38.8,1796.62,"1"
9.2,17.6,22.6,24,14,38.8,1958.12,"1"
9.2,17.6,22.6,29,14,38.8,2119.62,"1"
9.2,17.6,22.6,29,14,38.8,2119.62,"1"
9.2,17.6,22.6,29,14,38.8,2119.62,"1"
9.2,17.6,22.6,29,14,38.8,2119.62,"1"
9.2,17.6,22.6,29,14,38.8,2119.62,"1"
9.2,17.6,22.6,29,14,38.8,2119.62,"1"
9.2,17.6,22.6,29,14,38.8,2119.62,"1"
9.2,17.6,22.6,29,14,38.8,2119.62,"1"
9.2,17.6,22.6,24,14,38.8,1958.12,"1"
9.2,17.6,22.6,24,14,38.8,1958.12,"1"
9.2,17.6,22.6,24,14,38.8,1958.12,"1"
9.2,17.6,22.6,29,14,38.8,2119.62,"1"
9.2,17.6,22.6,24,14,38.8,1958.12,"1"
9.2,17.6,22.6,29,14,38.8,2119.62,"1"
9.2,17.6,22.6,29,14,38.8,2119.62,"1"
9.2,17.6,22.6,24,14,38.8,1958.12,"1"
9.2,17.6,22.6,19,14,38.8,1796.62,"1"
9.2,17.6,22.6,19,14,38.8,1796.62,"1"
9.2,17.6,22.6,24,14,38.8,1958.12,"1"
9.2,17.6,22.6,24,14,38.8,1958.12,"1"
9.2,17.6,22.6,19,14,38.8,1796.62,"1"
9.2,17.6,22.6,19,4,38.8,1468.62,"1"
9.2,17.6,22.6,19,4,38.8,1468.62,"1"
9.2,17.6,22.6,14,4,38.8,1307.12,"0"
9.2,17.6,22.6,19,4,38.8,1468.62,"1"
9.2,17.6,22.6,14,4,38.8,1307.12,"0"
9.2,17.6,22.6,19,4,38.8,1468.62,"1"
9.2,17.6,22.6,19,4,38.8,1468.62,"1"
9.2,17.6,22.6,14,4,38.8,1307.12,"0"
9.2,17.6,22.6,14,4,38.8,1307.12,"0"
9.2,17.6,22.6,19,4,38.8,1468.62,"1"
9.2,17.6,22.6,19,4,38.8,1468.62,"1"
9.2,17.6,22.6,24,4,38.8,1630.12,"1"
9.2,17.6,22.6,19,4,38.8,1468.62,"1"
9.2,17.6,22.6,9,14,38.8,1473.62,"1"
9.2,17.6,22.6,24,14,38.8,1958.12,"1"
9.2,17.6,22.6,14,4,38.8,1307.12,"0"
9.2,17.6,22.6,9,4,38.8,1145.62,"0"
9.2,17.6,22.6,19,4,38.8,1468.62,"1"
9.2,17.6,22.6,14,4,38.8,1307.12,"0"
9.2,17.6,22.6,14,4,38.8,1307.12,"0"
9.2,17.6,22.6,19,4,38.8,1468.62,"1"
9.2,17.6,22.6,24,4,38.8,1630.12,"1"
9.2,17.6,22.6,24,4,38.8,1630.12,"1"
9.2,17.6,22.6,29,4,38.8,1791.62,"1"
9.2,17.6,22.6,19,4,38.8,1468.62,"1"
9.2,17.6,22.6,19,4,38.8,1468.62,"1"
9.2,17.6,22.6,14,4,38.8,1307.12,"0"
9.2,17.6,22.6,19,4,38.8,1468.62,"1"
9.2,17.6,22.6,29,4,38.8,1791.62,"1"
9.2,17.6,22.6,19,4,38.8,1468.62,"1"
9.2,17.6,22.6,19,4,38.8,1468.62,"1"
9.2,17.6,22.6,14,4,38.8,1307.12,"0"
9.2,17.6,22.6,14,4,38.8,1307.12,"0"
9.2,17.6,22.6,19,4,38.8,1468.62,"1"
9.2,17.6,22.6,19,4,38.8,1468.62,"1"
9.2,17.6,22.6,14,4,38.8,1307.12,"0"
9.2,17.6,22.6,14,4,38.8,1307.12,"0"
9.2,17.6,22.6,14,4,38.8,1307.12,"0"
9.2,17.6,22.6,14,4,38.8,1307.12,"0"
9.2,17.6,22.6,14,4,38.8,1307.12,"0"
9.2,17.6,22.6,14,4,38.8,1307.12,"0"
9.2,17.6,22.6,24,4,38.8,1630.12,"1"
9.2,17.6,22.6,14,4,38.8,1307.12,"0"
9.2,17.6,22.6,14,4,38.8,1307.12,"0"
9.2,17.6,22.6,14,4,38.8,1307.12,"0"
9.2,17.6,22.6,19,4,38.8,1468.62,"1"
9.2,17.6,22.6,29,4,38.8,1791.62,"1"
9.2,17.6,22.6,14,4,38.8,1307.12,"0"
9.2,17.6,22.6,14,4,38.8,1307.12,"0"
9.2,17.6,22.6,14,4,38.8,1307.12,"0"
9.2,17.6,22.6,14,4,38.8,1307.12,"0"
9.2,17.6,22.6,14,4,38.8,1307.12,"0"
9.2,17.6,22.6,14,4,38.8,1307.12,"0"
9.2,17.6,22.6,14,4,38.8,1307.12,"0"
9.2,17.6,22.6,9,4,38.8,1145.62,"0"
9.2,17.6,22.6,9,4,38.8,1145.62,"0"
9.2,17.6,22.6,14,4,38.8,1307.12,"0"
9.2,17.6,22.6,9,4,38.8,1145.62,"0"
9.2,17.6,22.6,9,4,38.8,1145.62,"0"
9.2,17.6,22.6,14,4,38.8,1307.12,"0"
9.2,17.6,22.6,19,4,38.8,1468.62,"1"
9.2,17.6,22.6,19,4,38.8,1468.62,"1"
9.2,17.6,22.6,24,4,38.8,1630.12,"1"
9.2,17.6,22.6,24,4,38.8,1630.12,"1"
9.2,17.6,22.6,19,4,38.8,1468.62,"1"
9.2,17.6,22.6,24,4,38.8,1630.12,"1"
9.2,17.6,22.6,19,4,38.8,1468.62,"1"
9.2,17.6,22.6,14,4,38.8,1307.12,"0"
9.2,17.6,22.6,14,4,38.8,1307.12,"0"
9.2,17.6,22.6,14,4,38.8,1307.12,"0"
9.2,17.6,22.6,14,4,38.8,1307.12,"0"
9.2,17.6,22.6,14,4,38.8,1307.12,"0"
9.2,17.6,22.6,9,4,38.8,1145.62,"0"
9.2,17.6,22.6,9,4,38.8,1145.62,"0"
9.2,17.6,22.6,14,4,38.8,1307.12,"0"
9.2,17.6,22.6,9,4,38.8,1145.62,"0"
9.2,17.6,22.6,9,4,38.8,1145.62,"0"
9.2,17.6,22.6,9,4,38.8,1145.62,"0"
9.2,17.6,22.6,4,4,38.8,984.12,"0"
9.2,17.6,22.6,9,4,38.8,1145.62,"0"
9.2,17.6,22.6,9,4,38.8,1145.62,"0"
9.2,17.6,22.6,4,4,38.8,984.12,"0"
9.2,17.6,22.6,4,4,38.8,984.12,"0"
9.2,17.6,22.6,4,4,38.8,984.12,"0"
9.2,17.6,22.6,4,4,38.8,984.12,"0"
9.2,17.6,22.6,4,4,38.8,984.12,"0"
9.2,17.6,22.6,9,4,38.8,1145.62,"0"
9.2,17.6,22.6,4,4,38.8,984.12,"0"
9.2,17.6,22.6,4,4,38.8,984.12,"0"
9.2,17.6,22.6,4,4,38.8,984.12,"0"
9.2,17.6,22.6,4,4,38.8,984.12,"0"
9.2,17.6,22.6,4,4,38.8,984.12,"0"
9.2,17.6,22.6,4,4,38.8,984.12,"0"
9.2,17.6,22.6,4,4,38.8,984.12,"0"
9.2,17.6,22.6,4,4,38.8,984.12,"0"
9.2,17.6,22.6,4,4,38.8,984.12,"0"
9.2,17.6,22.6,4,4,38.8,984.12,"0"
9.2,17.6,22.6,4,4,38.8,984.12,"0"
9.2,17.6,22.6,4,4,38.8,984.12,"0"
9.2,17.6,22.6,4,4,38.8,984.12,"0"
9.2,17.6,22.6,4,4,38.8,984.12,"0"
9.2,17.6,22.6,4,4,38.8,984.12,"0"
9.2,17.6,22.6,4,4,38.8,984.12,"0"
9.2,17.6,22.6,4,4,38.8,984.12,"0"
9.2,17.6,22.6,9,4,38.8,1145.62,"0"
9.2,17.6,22.6,4,4,38.8,984.12,"0"
9.2,17.6,22.6,4,4,38.8,984.12,"0"
9.2,17.6,22.6,9,4,38.8,1145.62,"0"
9.2,17.6,22.6,9,4,38.8,1145.62,"0"
9.2,17.6,22.6,14,4,38.8,1307.12,"0"
9.2,17.6,22.6,14,4,38.8,1307.12,"0"
9.2,17.6,22.6,14,4,38.8,1307.12,"0"
9.2,17.6,22.6,14,4,38.8,1307.12,"0"
9.2,17.6,22.6,14,4,38.8,1307.12,"0"
9.2,17.6,22.6,14,4,38.8,1307.12,"0"
9.2,17.6,22.6,14,4,38.8,1307.12,"0"
9.2,17.6,22.6,14,4,38.8,1307.12,"0"
9.2,17.6,22.6,14,4,38.8,1307.12,"0"
9.2,17.6,22.6,14,4,38.8,1307.12,"0"
9.2,17.6,22.6,14,4,38.8,1307.12,"0"
9.2,17.6,22.6,14,4,38.8,1307.12,"0"
9.2,17.6,22.6,14,4,38.8,1307.12,"0"
9.2,17.6,22.6,14,4,38.8,1307.12,"0"
9.2,17.6,22.6,9,4,38.8,1145.62,"0"
9.2,17.6,22.6,14,4,38.8,1307.12,"0"
9.2,17.6,22.6,9,4,38.8,1145.62,"0"
9.2,17.6,22.6,4,4,38.8,984.12,"0"
9.2,17.6,22.6,9,4,38.8,1145.62,"0"
9.2,17.6,22.6,9,4,38.8,1145.62,"0"
9.2,17.6,22.6,9,4,38.8,1145.62,"0"
9.2,17.6,22.6,9,4,38.8,1145.62,"0"
9.2,17.6,22.6,14,4,38.8,1307.12,"0"
9.2,17.6,22.6,14,4,38.8,1307.12,"0"
9.2,17.6,22.6,14,4,38.8,1307.12,"0"
9.2,17.6,22.6,14,4,38.8,1307.12,"0"
9.2,17.6,22.6,14,4,38.8,1307.12,"0"
9.2,17.6,22.6,19,4,38.8,1468.62,"1"
9.2,17.6,22.6,14,4,38.8,1307.12,"0"
9.2,17.6,22.6,19,4,38.8,1468.62,"1"
9.2,17.6,22.6,14,4,38.8,1307.12,"0"
9.2,17.6,22.6,14,4,38.8,1307.12,"0"
9.2,17.6,22.6,19,4,38.8,1468.62,"1"
9.2,17.6,22.6,19,4,38.8,1468.62,"1"
9.2,17.6,22.6,14,4,38.8,1307.12,"0"
9.2,17.6,22.6,19,4,38.8,1468.62,"1"
9.2,17.6,22.6,14,14,38.8,1635.12,"1"
9.2,17.6,22.6,19,14,38.8,1796.62,"1"
9.2,17.6,22.6,14,14,38.8,1635.12,"1"
9.2,17.6,22.6,14,14,38.8,1635.12,"1"
9.2,17.6,22.6,19,4,38.8,1468.62,"1"
9.2,17.6,22.6,19,4,38.8,1468.62,"1"
9.2,17.6,22.6,19,4,38.8,1468.62,"1"
9.2,17.6,22.6,14,4,38.8,1307.12,"0"
9.2,17.6,22.6,14,4,38.8,1307.12,"0"
9.2,17.6,22.6,19,4,38.8,1468.62,"1"
9.2,17.6,22.6,19,4,38.8,1468.62,"1"
9.2,17.6,22.6,19,4,38.8,1468.62,"1"
9.2,17.6,22.6,19,4,38.8,1468.62,"1"
9.2,17.6,22.6,19,4,38.8,1468.62,"1"
9.2,17.6,22.6,19,4,38.8,1468.62,"1"
9.2,17.6,22.6,19,4,38.8,1468.62,"1"
9.2,17.6,22.6,19,4,38.8,1468.62,"1"
9.2,17.6,22.6,19,4,38.8,1468.62,"1"
9.2,17.6,22.6,19,4,38.8,1468.62,"1"
9.2,17.6,22.6,19,4,38.8,1468.62,"1"
9.2,17.6,22.6,14,4,38.8,1307.12,"0"
9.2,17.6,22.6,19,4,38.8,1468.62,"1"
9.2,17.6,22.6,19,4,38.8,1468.62,"1"
9.2,17.6,22.6,19,4,38.8,1468.62,"1"
9.2,17.6,22.6,19,4,38.8,1468.62,"1"
9.2,17.6,22.6,19,4,38.8,1468.62,"1"
9.2,17.6,22.6,19,4,38.8,1468.62,"1"
9.2,17.6,22.6,19,4,38.8,1468.62,"1"
9.2,17.6,22.6,19,4,38.8,1468.62,"1"
9.2,17.6,22.6,19,4,38.8,1468.62,"1"
9.2,17.6,22.6,19,4,38.8,1468.62,"1"
9.2,17.6,22.6,19,4,38.8,1468.62,"1"
9.2,17.6,22.6,19,4,38.8,1468.62,"1"
9.2,17.6,22.6,19,4,38.8,1468.62,"1"
9.2,17.6,22.6,19,4,38.8,1468.62,"1"
9.2,17.6,22.6,14,4,38.8,1307.12,"0"
9.2,17.6,22.6,19,4,38.8,1468.62,"1"
9.2,17.6,22.6,19,4,38.8,1468.62,"1"
9.2,17.6,22.6,19,4,38.8,1468.62,"1"
9.2,17.6,22.6,19,4,38.8,1468.62,"1"
9.2,17.6,22.6,19,4,38.8,1468.62,"1"
9.2,17.6,22.6,19,4,38.8,1468.62,"1"
9.2,17.6,22.6,24,4,38.8,1630.12,"1"
9.2,17.6,22.6,19,4,38.8,1468.62,"1"
9.2,17.6,22.6,19,4,38.8,1468.62,"1"
9.2,17.6,22.6,14,4,38.8,1307.12,"0"
9.2,17.6,22.6,14,4,38.8,1307.12,"0"
9.2,17.6,22.6,14,4,38.8,1307.12,"0"
9.2,17.6,22.6,14,4,38.8,1307.12,"0"
9.2,17.6,22.6,14,4,38.8,1307.12,"0"
9.2,17.6,22.6,14,4,38.8,1307.12,"0"
9.2,17.6,22.6,14,4,38.8,1307.12,"0"
9.2,17.6,22.6,14,4,38.8,1307.12,"0"
9.2,17.6,22.6,14,4,38.8,1307.12,"0"
9.2,17.6,22.6,14,4,38.8,1307.12,"0"
9.2,17.6,22.6,14,4,38.8,1307.12,"0"
9.2,17.6,22.6,14,4,38.8,1307.12,"0"
9.2,17.6,22.6,14,4,38.8,1307.12,"0"
9.2,17.6,22.6,14,4,38.8,1307.12,"0"
9.2,17.6,22.6,14,4,38.8,1307.12,"0"
9.2,17.6,22.6,9,4,38.8,1145.62,"0"
9.2,17.6,22.6,14,4,38.8,1307.12,"0"
9.2,17.6,22.6,14,4,38.8,1307.12,"0"
9.2,17.6,22.6,14,4,38.8,1307.12,"0"
9.2,17.6,22.6,9,4,38.8,1145.62,"0"
9.2,17.6,22.6,9,4,38.8,1145.62,"0"
9.2,17.6,22.6,9,4,38.8,1145.62,"0"
9.2,17.6,22.6,9,4,38.8,1145.62,"0"
9.2,17.6,22.6,9,4,38.8,1145.62,"0"
9.2,17.6,22.6,14,4,38.8,1307.12,"0"
9.2,17.6,22.6,9,4,38.8,1145.62,"0"
9.2,17.6,22.6,9,4,38.8,1145.62,"0"
9.2,17.6,22.6,9,4,38.8,1145.62,"0"
9.2,17.6,22.6,9,4,38.8,1145.62,"0"
9.2,17.6,22.6,14,4,38.8,1307.12,"0"
9.2,17.6,22.6,14,14,38.8,1635.12,"1"
9.2,17.6,22.6,14,14,38.8,1635.12,"1"
9.2,17.6,22.6,19,14,38.8,1796.62,"1"
9.2,17.6,22.6,14,14,38.8,1635.12,"1"
9.2,17.6,22.6,14,14,38.8,1635.12,"1"
9.2,17.6,22.6,14,14,38.8,1635.12,"1"
9.2,17.6,22.6,9,14,38.8,1473.62,"1"
9.2,17.6,22.6,9,14,38.8,1473.62,"1"
9.2,17.6,22.6,9,14,38.8,1473.62,"1"
9.2,17.6,22.6,9,14,38.8,1473.62,"1"
9.2,17.6,22.6,19,4,38.8,1468.62,"1"
9.2,17.6,22.6,24,4,38.8,1630.12,"1"
9.2,17.6,22.6,24,4,38.8,1630.12,"1"
9.2,17.6,22.6,29,4,38.8,1791.62,"1"
9.2,17.6,22.6,24,4,38.8,1630.12,"1"
9.2,17.6,22.6,24,4,38.8,1630.12,"1"
9.2,17.6,22.6,19,4,38.8,1468.62,"1"
9.2,17.6,22.6,19,4,38.8,1468.62,"1"
9.2,17.6,22.6,19,4,38.8,1468.62,"1"
9.2,17.6,22.6,19,4,38.8,1468.62,"1"
9.2,17.6,22.6,19,4,38.8,1468.62,"1"
9.2,17.6,22.6,19,4,38.8,1468.62,"1"
9.2,17.6,22.6,19,4,38.8,1468.62,"1"
9.2,17.6,22.6,19,4,38.8,1468.62,"1"
9.2,17.6,22.6,19,4,38.8,1468.62,"1"
9.2,17.6,22.6,19,4,38.8,1468.62,"1"
9.2,17.6,22.6,14,4,38.8,1307.12,"0"
9.2,17.6,22.6,19,4,38.8,1468.62,"1"
9.2,17.6,22.6,14,4,38.8,1307.12,"0"
9.2,17.6,22.6,14,4,38.8,1307.12,"0"
9.2,17.6,22.6,9,4,38.8,1145.62,"0"
9.2,17.6,22.6,14,4,38.8,1307.12,"0"
9.2,17.6,22.6,9,4,38.8,1145.62,"0"
9.2,17.6,22.6,9,4,38.8,1145.62,"0"
9.2,17.6,22.6,9,4,38.8,1145.62,"0"
9.2,17.6,22.6,9,4,38.8,1145.62,"0"
9.2,17.6,22.6,9,4,38.8,1145.62,"0"
9.2,17.6,22.6,14,4,38.8,1307.12,"0"
9.2,17.6,22.6,14,4,38.8,1307.12,"0"
9.2,17.6,22.6,9,4,38.8,1145.62,"0"
9.2,17.6,22.6,14,4,38.8,1307.12,"0"
9.2,17.6,22.6,19,4,38.8,1468.62,"1"
9.2,17.6,22.6,19,4,38.8,1468.62,"1"
9.2,17.6,22.6,14,4,38.8,1307.12,"0"
9.2,17.6,22.6,19,4,38.8,1468.62,"1"
9.2,17.6,22.6,19,4,38.8,1468.62,"1"
9.2,17.6,22.6,24,4,38.8,1630.12,"1"
9.2,17.6,22.6,14,4,38.8,1307.12,"0"
9.2,17.6,22.6,19,4,38.8,1468.62,"1"
9.2,17.6,22.6,14,4,38.8,1307.12,"0"
9.2,17.6,22.6,14,4,38.8,1307.12,"0"
9.2,17.6,22.6,19,4,38.8,1468.62,"1"
9.2,17.6,22.6,14,4,38.8,1307.12,"0"
9.2,17.6,22.6,14,4,38.8,1307.12,"0"
9.2,17.6,22.6,14,4,38.8,1307.12,"0"
9.2,17.6,22.6,14,4,38.8,1307.12,"0"
9.2,17.6,22.6,19,19,38.8,1960.62,"1"
9.2,17.6,22.6,14,4,38.8,1307.12,"0"
9.2,17.6,22.6,14,4,38.8,1307.12,"0"
9.2,17.6,22.6,9,4,38.8,1145.62,"0"
9.2,17.6,22.6,9,9,38.8,1309.62,"0"
9.2,17.6,22.6,14,9,38.8,1471.12,"1"
9.2,17.6,22.6,19,9,38.8,1632.62,"1"
9.2,17.6,22.6,19,9,38.8,1632.62,"1"
9.2,17.6,22.6,19,9,38.8,1632.62,"1"
9.2,17.6,22.6,14,9,38.8,1471.12,"1"
9.2,17.6,22.6,9,9,38.8,1309.62,"0"
9.2,17.6,22.6,4,9,38.8,1148.12,"0"
9.2,17.6,22.6,9,9,38.8,1309.62,"0"
9.2,17.6,22.6,9,9,38.8,1309.62,"0"
9.2,17.6,22.6,9,9,38.8,1309.62,"0"
9.2,17.6,22.6,14,9,38.8,1471.12,"1"
9.2,17.6,22.6,9,9,38.8,1309.62,"0"
9.2,17.6,22.6,9,9,38.8,1309.62,"0"
9.2,17.6,22.6,9,9,38.8,1309.62,"0"
9.2,17.6,22.6,9,9,38.8,1309.62,"0"
9.2,17.6,22.6,9,9,38.8,1309.62,"0"
9.2,17.6,22.6,9,9,38.8,1309.62,"0"
9.2,17.6,22.6,14,9,38.8,1471.12,"1"
9.2,17.6,22.6,14,9,38.8,1471.12,"1"
9.2,17.6,22.6,14,9,38.8,1471.12,"1"
9.2,17.6,22.6,14,9,38.8,1471.12,"1"
9.2,17.6,22.6,14,9,38.8,1471.12,"1"
9.2,17.6,22.6,19,9,38.8,1632.62,"1"
9.2,17.6,22.6,24,9,38.8,1794.12,"1"
9.2,17.6,22.6,24,9,38.8,1794.12,"1"
9.2,17.6,22.6,24,9,38.8,1794.12,"1"
9.2,17.6,22.6,19,9,38.8,1632.62,"1"
9.2,17.6,22.6,24,9,38.8,1794.12,"1"
9.2,17.6,22.6,29,9,38.8,1955.62,"1"
9.2,17.6,22.6,29,9,38.8,1955.62,"1"
9.2,17.6,22.6,29,9,38.8,1955.62,"1"
9.2,17.6,22.6,24,9,38.8,1794.12,"1"
9.2,17.6,22.6,19,9,38.8,1632.62,"1"
9.2,17.6,22.6,19,19,38.8,1960.62,"1"
9.2,17.6,22.6,14,19,38.8,1799.12,"1"
9.2,17.6,22.6,19,19,38.8,1960.62,"1"
9.2,17.6,22.6,14,19,38.8,1799.12,"1"
9.2,17.6,22.6,14,19,38.8,1799.12,"1"
9.2,17.6,22.6,14,19,38.8,1799.12,"1"
9.2,17.6,22.6,9,9,38.8,1309.62,"0"
9.2,17.6,22.6,9,9,38.8,1309.62,"0"
9.2,17.6,22.6,9,9,38.8,1309.62,"0"
9.2,17.6,22.6,9,9,38.8,1309.62,"0"
9.2,17.6,22.6,9,9,38.8,1309.62,"0"
9.2,17.6,22.6,9,9,38.8,1309.62,"0"
9.2,17.6,22.6,14,9,38.8,1471.12,"1"
9.2,17.6,22.6,9,9,38.8,1309.62,"0"
9.2,17.6,22.6,14,9,38.8,1471.12,"1"
9.2,17.6,22.6,14,9,38.8,1471.12,"1"
9.2,17.6,22.6,14,4,38.8,1307.12,"0"
9.2,17.6,22.6,9,4,38.8,1145.62,"0"
9.2,17.6,22.6,14,4,38.8,1307.12,"0"
9.2,17.6,22.6,14,4,38.8,1307.12,"0"
9.2,17.6,22.6,14,4,38.8,1307.12,"0"
9.2,17.6,22.6,14,4,38.8,1307.12,"0"
9.2,17.6,22.6,14,4,38.8,1307.12,"0"
9.2,17.6,22.6,14,4,38.8,1307.12,"0"
9.2,17.6,22.6,14,4,38.8,1307.12,"0"
9.2,17.6,22.6,14,4,38.8,1307.12,"0"
9.2,17.6,22.6,14,9,38.8,1471.12,"1"
9.2,17.6,22.6,14,9,38.8,1471.12,"1"
9.2,17.6,22.6,9,9,38.8,1309.62,"0"
9.2,17.6,22.6,9,9,38.8,1309.62,"0"
9.2,17.6,22.6,14,9,38.8,1471.12,"1"
9.2,17.6,22.6,14,9,38.8,1471.12,"1"
9.2,17.6,22.6,14,9,38.8,1471.12,"1"
9.2,17.6,22.6,14,9,38.8,1471.12,"1"
9.2,17.6,22.6,14,9,38.8,1471.12,"1"
9.2,17.6,22.6,14,9,38.8,1471.12,"1"
9.2,17.6,22.6,14,9,38.8,1471.12,"1"
9.2,17.6,22.6,14,9,38.8,1471.12,"1"
9.2,17.6,22.6,14,4,38.8,1307.12,"0"
9.2,17.6,22.6,14,4,38.8,1307.12,"0"
9.2,17.6,22.6,14,4,38.8,1307.12,"0"
9.2,17.6,22.6,4,9,38.8,1148.12,"0"
9.2,17.6,22.6,9,9,38.8,1309.62,"0"
9.2,17.6,22.6,9,9,38.8,1309.62,"0"
9.2,17.6,22.6,9,9,38.8,1309.62,"0"
9.2,17.6,22.6,9,9,38.8,1309.62,"0"
9.2,17.6,22.6,9,9,38.8,1309.62,"0"
9.2,17.6,22.6,9,9,38.8,1309.62,"0"
9.2,17.6,22.6,9,9,38.8,1309.62,"0"
9.2,17.6,22.6,9,9,38.8,1309.62,"0"
9.2,17.6,22.6,9,9,38.8,1309.62,"0"
9.2,17.6,22.6,9,9,38.8,1309.62,"0"
9.2,17.6,22.6,9,9,38.8,1309.62,"0"
9.2,17.6,22.6,19,4,38.8,1468.62,"1"
9.2,17.6,22.6,14,4,38.8,1307.12,"0"
9.2,17.6,22.6,14,4,38.8,1307.12,"0"
9.2,17.6,22.6,14,4,38.8,1307.12,"0"
9.2,17.6,22.6,19,4,38.8,1468.62,"1"
9.2,17.6,22.6,19,4,38.8,1468.62,"1"
9.2,17.6,22.6,14,4,38.8,1307.12,"0"
9.2,17.6,22.6,14,4,38.8,1307.12,"0"
9.2,17.6,22.6,14,4,38.8,1307.12,"0"
9.2,17.6,22.6,14,4,38.8,1307.12,"0"
9.2,17.6,22.6,14,4,38.8,1307.12,"0"
9.2,17.6,22.6,14,4,38.8,1307.12,"0"
9.2,17.6,22.6,19,4,38.8,1468.62,"1"
9.2,17.6,22.6,19,4,38.8,1468.62,"1"
9.2,17.6,22.6,14,4,38.8,1307.12,"0"
9.2,17.6,22.6,14,4,38.8,1307.12,"0"
9.2,17.6,22.6,14,4,38.8,1307.12,"0"
9.2,17.6,22.6,14,4,38.8,1307.12,"0"
9.2,17.6,22.6,14,4,38.8,1307.12,"0"
9.2,17.6,22.6,19,4,38.8,1468.62,"1"
9.2,17.6,22.6,14,4,38.8,1307.12,"0"
9.2,17.6,22.6,19,4,38.8,1468.62,"1"
9.2,17.6,22.6,4,4,38.8,984.12,"0"
9.2,17.6,22.6,4,4,38.8,984.12,"0"
9.2,17.6,22.6,9,4,38.8,1145.62,"0"
9.2,17.6,22.6,9,4,38.8,1145.62,"0"
9.2,17.6,22.6,9,4,38.8,1145.62,"0"
9.2,17.6,22.6,14,4,38.8,1307.12,"0"
9.2,17.6,22.6,19,4,38.8,1468.62,"1"
9.2,17.6,22.6,24,4,38.8,1630.12,"1"
9.2,17.6,22.6,19,4,38.8,1468.62,"1"
9.2,17.6,22.6,9,19,38.8,1637.62,"1"
9.2,17.6,22.6,14,19,38.8,1799.12,"1"
9.2,17.6,22.6,14,19,38.8,1799.12,"1"
9.2,17.6,22.6,14,19,38.8,1799.12,"1"
9.2,17.6,22.6,14,19,38.8,1799.12,"1"
9.2,17.6,22.6,14,19,38.8,1799.12,"1"
9.2,17.6,22.6,9,19,38.8,1637.62,"1"
9.2,17.6,22.6,19,4,38.8,1468.62,"1"
9.2,17.6,22.6,14,4,38.8,1307.12,"0"
9.2,17.6,22.6,14,4,38.8,1307.12,"0"
9.2,17.6,22.6,24,4,38.8,1630.12,"1"
9.2,17.6,22.6,24,4,38.8,1630.12,"1"
9.2,17.6,22.6,19,4,38.8,1468.62,"1"
9.2,17.6,22.6,19,4,38.8,1468.62,"1"
9.2,17.6,22.6,14,4,38.8,1307.12,"0"
9.2,17.6,22.6,24,4,38.8,1630.12,"1"
9.2,17.6,22.6,24,4,38.8,1630.12,"1"
9.2,17.6,22.6,24,4,38.8,1630.12,"1"
9.2,17.6,22.6,19,4,38.8,1468.62,"1"
9.2,17.6,22.6,19,4,38.8,1468.62,"1"
9.2,17.6,22.6,19,4,38.8,1468.62,"1"
9.2,17.6,22.6,24,4,38.8,1630.12,"1"
9.2,17.6,22.6,19,4,38.8,1468.62,"1"
9.2,17.6,22.6,19,4,38.8,1468.62,"1"
9.2,17.6,22.6,24,4,38.8,1630.12,"1"
9.2,17.6,22.6,19,4,38.8,1468.62,"1"
9.2,17.6,22.6,24,4,38.8,1630.12,"1"
9.2,17.6,22.6,29,4,38.8,1791.62,"1"
9.2,17.6,22.6,29,4,38.8,1791.62,"1"
9.2,17.6,22.6,24,4,38.8,1630.12,"1"
9.2,17.6,22.6,19,4,38.8,1468.62,"1"
9.2,17.6,22.6,14,4,38.8,1307.12,"0"
9.2,17.6,22.6,9,4,38.8,1145.62,"0"
9.2,17.6,22.6,9,4,38.8,1145.62,"0"
9.2,17.6,22.6,9,4,38.8,1145.62,"0"
9.2,17.6,22.6,9,4,38.8,1145.62,"0"
9.2,17.6,22.6,9,4,38.8,1145.62,"0"
9.2,17.6,22.6,9,4,38.8,1145.62,"0"
9.2,17.6,22.6,9,4,38.8,1145.62,"0"
9.2,17.6,22.6,9,4,38.8,1145.62,"0"
9.2,17.6,22.6,9,4,38.8,1145.62,"0"
9.2,17.6,22.6,14,4,38.8,1307.12,"0"
9.2,17.6,22.6,9,4,38.8,1145.62,"0"
9.2,17.6,22.6,9,4,38.8,1145.62,"0"
9.2,17.6,22.6,9,4,38.8,1145.62,"0"
9.2,17.6,22.6,9,4,38.8,1145.62,"0"
9.2,17.6,22.6,9,4,38.8,1145.62,"0"
9.2,17.6,22.6,4,9,38.8,1148.12,"0"
9.2,17.6,22.6,9,9,38.8,1309.62,"0"
9.2,17.6,22.6,9,9,38.8,1309.62,"0"
9.2,17.6,22.6,9,9,38.8,1309.62,"0"
9.2,17.6,22.6,9,9,38.8,1309.62,"0"
9.2,17.6,22.6,9,9,38.8,1309.62,"0"
9.2,17.6,22.6,4,9,38.8,1148.12,"0"
9.2,17.6,22.6,9,9,38.8,1309.62,"0"
9.2,17.6,22.6,9,9,38.8,1309.62,"0"
9.2,17.6,22.6,9,9,38.8,1309.62,"0"
9.2,17.6,22.6,14,9,38.8,1471.12,"1"
9.2,17.6,22.6,14,9,38.8,1471.12,"1"
9.2,17.6,22.6,9,9,38.8,1309.62,"0"
9.2,17.6,22.6,9,9,38.8,1309.62,"0"
9.2,17.6,22.6,9,9,38.8,1309.62,"0"
9.2,17.6,22.6,9,4,38.8,1145.62,"0"
9.2,17.6,22.6,9,4,38.8,1145.62,"0"
9.2,17.6,22.6,9,4,38.8,1145.62,"0"
9.2,17.6,22.6,9,4,38.8,1145.62,"0"
9.2,17.6,22.6,9,4,38.8,1145.62,"0"
9.2,17.6,22.6,9,4,38.8,1145.62,"0"
9.2,17.6,22.6,9,4,38.8,1145.62,"0"
9.2,17.6,22.6,9,4,38.8,1145.62,"0"
9.2,17.6,22.6,9,4,38.8,1145.62,"0"
9.2,17.6,22.6,9,4,38.8,1145.62,"0"
9.2,17.6,22.6,9,4,38.8,1145.62,"0"
9.2,17.6,22.6,9,4,38.8,1145.62,"0"
9.2,17.6,22.6,14,4,38.8,1307.12,"0"
9.2,17.6,22.6,9,4,38.8,1145.62,"0"
9.2,17.6,22.6,4,9,38.8,1148.12,"0"
9.2,17.6,22.6,19,9,11.9,1484.67,"1"
9.2,17.6,22.6,19,9,11.9,1484.67,"1"
9.2,17.6,22.6,14,9,11.9,1323.17,"0"
9.2,17.6,22.6,14,9,11.9,1323.17,"0"
9.2,17.6,22.6,14,9,11.9,1323.17,"0"
9.2,17.6,22.6,14,9,11.9,1323.17,"0"
9.2,17.6,22.6,14,9,11.9,1323.17,"0"
9.2,17.6,22.6,4,9,38.8,1148.12,"0"
9.2,17.6,22.6,9,9,38.8,1309.62,"0"
9.2,17.6,22.6,9,9,38.8,1309.62,"0"
9.2,17.6,22.6,9,9,38.8,1309.62,"0"
9.2,17.6,22.6,9,9,38.8,1309.62,"0"
9.2,17.6,22.6,14,9,11.9,1323.17,"0"
9.2,17.6,22.6,14,9,11.9,1323.17,"0"
9.2,17.6,22.6,14,9,38.8,1471.12,"1"
9.2,17.6,22.6,4,9,38.8,1148.12,"0"
9.2,17.6,22.6,14,9,38.8,1471.12,"1"
9.2,17.6,22.6,9,9,38.8,1309.62,"0"
9.2,17.6,22.6,9,9,38.8,1309.62,"0"
9.2,17.6,22.6,4,9,38.8,1148.12,"0"
9.2,17.6,22.6,4,9,38.8,1148.12,"0"
9.2,17.6,22.6,9,9,38.8,1309.62,"0"
9.2,17.6,22.6,4,9,38.8,1148.12,"0"
9.2,17.6,22.6,9,9,38.8,1309.62,"0"
9.2,17.6,22.6,9,9,38.8,1309.62,"0"
9.2,17.6,22.6,14,9,38.8,1471.12,"1"
9.2,17.6,22.6,14,9,38.8,1471.12,"1"
9.2,17.6,22.6,9,9,38.8,1309.62,"0"
9.2,17.6,22.6,9,9,38.8,1309.62,"0"
9.2,17.6,22.6,9,9,38.8,1309.62,"0"
9.2,17.6,22.6,14,9,38.8,1471.12,"1"
9.2,17.6,22.6,9,9,38.8,1309.62,"0"
9.2,17.6,22.6,9,9,38.8,1309.62,"0"
9.2,17.6,22.6,9,9,38.8,1309.62,"0"
9.2,17.6,22.6,4,9,38.8,1148.12,"0"
9.2,17.6,22.6,4,9,38.8,1148.12,"0"
9.2,17.6,22.6,9,9,38.8,1309.62,"0"
9.2,17.6,22.6,9,9,38.8,1309.62,"0"
9.2,17.6,22.6,9,9,38.8,1309.62,"0"
9.2,17.6,22.6,9,9,38.8,1309.62,"0"
9.2,17.6,22.6,9,9,38.8,1309.62,"0"
9.2,17.6,22.6,9,9,38.8,1309.62,"0"
9.2,17.6,22.6,9,9,38.8,1309.62,"0"
9.2,17.6,22.6,9,9,38.8,1309.62,"0"
9.2,17.6,22.6,9,9,38.8,1309.62,"0"
9.2,17.6,22.6,9,9,38.8,1309.62,"0"
9.2,17.6,22.6,9,9,38.8,1309.62,"0"
9.2,17.6,22.6,9,9,38.8,1309.62,"0"
9.2,17.6,22.6,9,9,38.8,1309.62,"0"
9.2,17.6,22.6,9,9,38.8,1309.62,"0"
9.2,17.6,22.6,9,9,38.8,1309.62,"0"
9.2,17.6,22.6,9,9,38.8,1309.62,"0"
9.2,17.6,22.6,14,9,38.8,1471.12,"1"
9.2,17.6,22.6,14,9,38.8,1471.12,"1"
9.2,17.6,22.6,14,9,38.8,1471.12,"1"
9.2,17.6,22.6,14,9,38.8,1471.12,"1"
9.2,17.6,22.6,14,4,38.8,1307.12,"0"
9.2,17.6,22.6,14,9,38.8,1471.12,"1"
9.2,17.6,22.6,14,4,38.8,1307.12,"0"
9.2,17.6,22.6,14,4,38.8,1307.12,"0"
9.2,17.6,22.6,14,4,38.8,1307.12,"0"
9.2,17.6,22.6,14,4,38.8,1307.12,"0"
9.2,17.6,22.6,14,4,38.8,1307.12,"0"
9.2,17.6,22.6,14,4,38.8,1307.12,"0"
9.2,17.6,22.6,14,9,38.8,1471.12,"1"
9.2,17.6,22.6,14,24,38.8,1963.12,"1"
9.2,17.6,22.6,24,24,38.8,2286.12,"1"
9.2,17.6,22.6,19,24,38.8,2124.62,"1"
9.2,17.6,22.6,14,24,38.8,1963.12,"1"
9.2,17.6,22.6,14,24,38.8,1963.12,"1"
9.2,17.6,22.6,14,24,38.8,1963.12,"1"
9.2,17.6,22.6,14,24,38.8,1963.12,"1"
9.2,17.6,22.6,14,24,38.8,1963.12,"1"
9.2,17.6,22.6,14,24,38.8,1963.12,"1"
9.2,17.6,22.6,24,24,38.8,2286.12,"1"
9.2,17.6,22.6,19,24,38.8,2124.62,"1"
9.2,17.6,22.6,24,24,38.8,2286.12,"1"
9.2,17.6,22.6,14,24,38.8,1963.12,"1"
9.2,17.6,22.6,24,24,38.8,2286.12,"1"
9.2,17.6,22.6,19,24,38.8,2124.62,"1"
9.2,17.6,22.6,24,24,38.8,2286.12,"1"
9.2,17.6,22.6,14,24,38.8,1963.12,"1"
9.2,17.6,22.6,14,24,38.8,1963.12,"1"
9.2,17.6,22.6,19,24,38.8,2124.62,"1"
9.2,17.6,22.6,14,24,38.8,1963.12,"1"
9.2,17.6,22.6,14,24,38.8,1963.12,"1"
9.2,17.6,22.6,14,24,38.8,1963.12,"1"
9.2,17.6,22.6,14,24,38.8,1963.12,"1"
9.2,17.6,22.6,14,24,38.8,1963.12,"1"
9.2,17.6,22.6,14,24,38.8,1963.12,"1"
9.2,17.6,22.6,14,24,38.8,1963.12,"1"
9.2,17.6,22.6,14,24,38.8,1963.12,"1"
9.2,17.6,22.6,14,24,38.8,1963.12,"1"
9.2,17.6,22.6,14,24,38.8,1963.12,"1"
9.2,17.6,22.6,14,24,38.8,1963.12,"1"
9.2,17.6,22.6,14,24,38.8,1963.12,"1"
9.2,17.6,22.6,14,24,38.8,1963.12,"1"
9.2,17.6,22.6,14,24,38.8,1963.12,"1"
9.2,17.6,22.6,14,24,38.8,1963.12,"1"
9.2,17.6,22.6,14,24,38.8,1963.12,"1"
9.2,17.6,22.6,14,24,38.8,1963.12,"1"
9.2,17.6,22.6,14,24,38.8,1963.12,"1"
9.2,17.6,22.6,14,24,38.8,1963.12,"1"
9.2,17.6,22.6,14,24,38.8,1963.12,"1"
9.2,17.6,22.6,14,24,38.8,1963.12,"1"
9.2,17.6,22.6,14,24,38.8,1963.12,"1"
9.2,17.6,22.6,14,24,38.8,1963.12,"1"
9.2,17.6,22.6,14,24,38.8,1963.12,"1"
9.2,17.6,22.6,14,24,38.8,1963.12,"1"
9.2,17.6,22.6,29,24,38.8,2447.62,"1"
9.2,17.6,22.6,14,24,38.8,1963.12,"1"
9.2,17.6,22.6,14,24,38.8,1963.12,"1"
9.2,17.6,22.6,19,24,38.8,2124.62,"1"
9.2,17.6,22.6,24,24,38.8,2286.12,"1"
9.2,17.6,22.6,19,24,38.8,2124.62,"1"
9.2,17.6,22.6,19,24,38.8,2124.62,"1"
9.2,17.6,22.6,14,24,38.8,1963.12,"1"
9.2,17.6,22.6,14,24,38.8,1963.12,"1"
9.2,17.6,22.6,14,24,38.8,1963.12,"1"
9.2,17.6,22.6,14,24,38.8,1963.12,"1"
9.2,17.6,22.6,14,24,38.8,1963.12,"1"
9.2,17.6,22.6,19,24,38.8,2124.62,"1"
9.2,17.6,22.6,14,24,38.8,1963.12,"1"
9.2,17.6,22.6,14,24,38.8,1963.12,"1"
9.2,17.6,22.6,14,24,38.8,1963.12,"1"
9.2,17.6,22.6,14,24,38.8,1963.12,"1"
9.2,17.6,22.6,14,24,38.8,1963.12,"1"
9.2,17.6,22.6,14,24,38.8,1963.12,"1"
9.2,17.6,22.6,14,24,38.8,1963.12,"1"
9.2,17.6,22.6,14,24,38.8,1963.12,"1"
9.2,17.6,22.6,14,24,38.8,1963.12,"1"
9.2,17.6,22.6,19,24,38.8,2124.62,"1"
9.2,17.6,22.6,14,24,38.8,1963.12,"1"
9.2,17.6,22.6,29,24,38.8,2447.62,"1"
9.2,17.6,22.6,29,24,38.8,2447.62,"1"
9.2,17.6,22.6,29,24,38.8,2447.62,"1"
9.2,17.6,22.6,24,24,38.8,2286.12,"1"
9.2,17.6,22.6,19,24,38.8,2124.62,"1"
9.2,17.6,22.6,19,24,38.8,2124.62,"1"
9.2,17.6,22.6,14,24,38.8,1963.12,"1"
9.2,17.6,22.6,19,24,38.8,2124.62,"1"
9.2,17.6,22.6,19,24,38.8,2124.62,"1"
9.2,17.6,22.6,19,24,38.8,2124.62,"1"
9.2,17.6,22.6,24,24,38.8,2286.12,"1"
9.2,17.6,22.6,24,24,38.8,2286.12,"1"
9.2,17.6,22.6,19,24,38.8,2124.62,"1"
9.2,17.6,22.6,24,24,38.8,2286.12,"1"
9.2,17.6,22.6,29,24,38.8,2447.62,"1"
9.2,17.6,22.6,29,24,38.8,2447.62,"1"
9.2,17.6,22.6,29,24,38.8,2447.62,"1"
9.2,17.6,22.6,29,24,38.8,2447.62,"1"
9.2,17.6,22.6,29,24,38.8,2447.62,"1"
9.2,17.6,22.6,24,24,38.8,2286.12,"1"
9.2,17.6,22.6,24,24,38.8,2286.12,"1"
9.2,17.6,22.6,24,24,38.8,2286.12,"1"
9.2,17.6,22.6,29,24,38.8,2447.62,"1"
9.2,17.6,22.6,14,24,38.8,1963.12,"1"
9.2,17.6,22.6,29,24,38.8,2447.62,"1"
9.2,17.6,22.6,19,24,38.8,2124.62,"1"
9.2,17.6,22.6,14,24,38.8,1963.12,"1"
9.2,17.6,22.6,19,24,38.8,2124.62,"1"
9.2,17.6,22.6,19,24,38.8,2124.62,"1"
9.2,17.6,22.6,14,24,38.8,1963.12,"1"
9.2,17.6,22.6,19,24,38.8,2124.62,"1"
9.2,17.6,22.6,24,24,38.8,2286.12,"1"
9.2,17.6,22.6,19,24,38.8,2124.62,"1"
9.2,17.6,22.6,24,24,38.8,2286.12,"1"
9.2,17.6,22.6,14,24,38.8,1963.12,"1"
9.2,17.6,22.6,19,24,38.8,2124.62,"1"
9.2,17.6,22.6,14,24,38.8,1963.12,"1"
9.2,17.6,22.6,19,9,38.8,1632.62,"1"
9.2,17.6,22.6,14,4,38.8,1307.12,"0"
9.2,17.6,22.6,24,4,38.8,1630.12,"1"
9.2,17.6,22.6,14,4,38.8,1307.12,"0"
9.2,17.6,22.6,19,4,38.8,1468.62,"1"
9.2,17.6,22.6,19,4,38.8,1468.62,"1"
9.2,17.6,22.6,14,24,38.8,1963.12,"1"
9.2,17.6,22.6,29,24,38.8,2447.62,"1"
9.2,17.6,22.6,29,4,38.8,1791.62,"1"
9.2,17.6,22.6,29,4,38.8,1791.62,"1"
9.2,17.6,22.6,29,4,38.8,1791.62,"1"
9.2,17.6,22.6,24,4,38.8,1630.12,"1"
9.2,17.6,22.6,19,4,38.8,1468.62,"1"
9.2,17.6,22.6,24,4,38.8,1630.12,"1"
9.2,17.6,22.6,24,4,38.8,1630.12,"1"
9.2,17.6,22.6,14,4,38.8,1307.12,"0"
9.2,17.6,22.6,14,4,38.8,1307.12,"0"
9.2,17.6,22.6,14,4,38.8,1307.12,"0"
9.2,17.6,22.6,14,4,38.8,1307.12,"0"
9.2,17.6,22.6,14,4,38.8,1307.12,"0"
9.2,17.6,22.6,14,4,38.8,1307.12,"0"
9.2,17.6,22.6,14,4,38.8,1307.12,"0"
9.2,17.6,22.6,14,24,38.8,1963.12,"1"
9.2,17.6,22.6,14,24,38.8,1963.12,"1"
9.2,17.6,22.6,14,24,38.8,1963.12,"1"
9.2,17.6,22.6,9,14,38.8,1473.62,"1"
9.2,17.6,22.6,14,14,38.8,1635.12,"1"
9.2,17.6,22.6,14,14,38.8,1635.12,"1"
9.2,17.6,22.6,14,14,38.8,1635.12,"1"
9.2,17.6,22.6,29,14,38.8,2119.62,"1"
9.2,17.6,22.6,19,14,38.8,1796.62,"1"
9.2,17.6,22.6,24,14,38.8,1958.12,"1"
9.2,17.6,22.6,19,14,38.8,1796.62,"1"
9.2,17.6,22.6,14,14,38.8,1635.12,"1"
9.2,17.6,22.6,14,14,38.8,1635.12,"1"
9.2,17.6,22.6,14,14,38.8,1635.12,"1"
9.2,17.6,22.6,14,14,38.8,1635.12,"1"
9.2,17.6,22.6,19,14,38.8,1796.62,"1"
9.2,17.6,22.6,29,14,38.8,2119.62,"1"
9.2,17.6,22.6,24,24,38.8,2286.12,"1"
9.2,17.6,22.6,19,4,38.8,1468.62,"1"
9.2,17.6,22.6,14,4,38.8,1307.12,"0"
9.2,17.6,22.6,19,4,38.8,1468.62,"1"
9.2,17.6,22.6,14,4,38.8,1307.12,"0"
9.2,17.6,22.6,19,4,38.8,1468.62,"1"
9.2,17.6,22.6,14,4,38.8,1307.12,"0"
9.2,17.6,22.6,14,4,38.8,1307.12,"0"
9.2,17.6,22.6,14,4,38.8,1307.12,"0"
9.2,17.6,22.6,14,4,38.8,1307.12,"0"
9.2,17.6,22.6,14,4,38.8,1307.12,"0"
9.2,17.6,22.6,14,4,38.8,1307.12,"0"
9.2,17.6,22.6,14,4,38.8,1307.12,"0"
9.2,17.6,22.6,14,4,38.8,1307.12,"0"
9.2,17.6,22.6,14,4,38.8,1307.12,"0"
9.2,17.6,22.6,14,4,38.8,1307.12,"0"
9.2,17.6,22.6,14,4,38.8,1307.12,"0"
9.2,17.6,22.6,14,4,38.8,1307.12,"0"
9.2,17.6,22.6,14,4,38.8,1307.12,"0"
9.2,17.6,22.6,14,4,38.8,1307.12,"0"
9.2,17.6,22.6,14,4,38.8,1307.12,"0"
9.2,17.6,22.6,14,9,38.8,1471.12,"1"
9.2,17.6,22.6,29,9,38.8,1955.62,"1"
9.2,17.6,22.6,14,9,38.8,1471.12,"1"
9.2,17.6,22.6,4,9,38.8,1148.12,"0"
9.2,17.6,22.6,4,9,38.8,1148.12,"0"
9.2,17.6,22.6,4,9,38.8,1148.12,"0"
9.2,17.6,22.6,4,9,38.8,1148.12,"0"
9.2,17.6,22.6,9,9,38.8,1309.62,"0"
9.2,17.6,22.6,9,9,38.8,1309.62,"0"
9.2,17.6,22.6,9,9,38.8,1309.62,"0"
9.2,17.6,22.6,9,9,38.8,1309.62,"0"
9.2,17.6,22.6,9,9,38.8,1309.62,"0"
9.2,17.6,22.6,9,9,38.8,1309.62,"0"
9.2,17.6,22.6,14,9,38.8,1471.12,"1"
9.2,17.6,22.6,9,9,38.8,1309.62,"0"
9.2,17.6,22.6,19,9,38.8,1632.62,"1"
9.2,17.6,22.6,14,9,38.8,1471.12,"1"
9.2,17.6,22.6,9,4,38.8,1145.62,"0"
9.2,17.6,22.6,4,4,38.8,984.12,"0"
9.2,17.6,22.6,9,4,38.8,1145.62,"0"
9.2,17.6,22.6,9,19,38.8,1637.62,"1"
9.2,17.6,22.6,9,4,38.8,1145.62,"0"
9.2,17.6,22.6,9,4,38.8,1145.62,"0"
9.2,17.6,22.6,14,4,38.8,1307.12,"0"
9.2,17.6,22.6,14,4,38.8,1307.12,"0"
9.2,17.6,22.6,9,4,38.8,1145.62,"0"
9.2,17.6,22.6,9,4,38.8,1145.62,"0"
9.2,17.6,22.6,9,4,38.8,1145.62,"0"
9.2,17.6,22.6,9,4,38.8,1145.62,"0"
9.2,17.6,22.6,9,4,38.8,1145.62,"0"
9.2,17.6,22.6,9,4,38.8,1145.62,"0"
9.2,17.6,22.6,9,4,38.8,1145.62,"0"
9.2,17.6,22.6,9,19,38.8,1637.62,"1"
9.2,17.6,22.6,24,4,38.8,1630.12,"1"
9.2,17.6,22.6,24,14,38.8,1958.12,"1"
9.2,17.6,22.6,24,14,38.8,1958.12,"1"
9.2,17.6,22.6,29,4,38.8,1791.62,"1"
9.2,17.6,22.6,14,14,38.8,1635.12,"1"
9.2,17.6,22.6,19,14,38.8,1796.62,"1"
9.2,17.6,22.6,19,14,38.8,1796.62,"1"
9.2,17.6,22.6,14,14,38.8,1635.12,"1"
9.2,17.6,22.6,9,24,38.8,1801.62,"1"
9.2,17.6,22.6,9,24,38.8,1801.62,"1"
9.2,17.6,22.6,9,24,38.8,1801.62,"1"
9.2,17.6,22.6,14,24,38.8,1963.12,"1"
9.2,17.6,22.6,14,24,38.8,1963.12,"1"
9.2,17.6,22.6,14,24,38.8,1963.12,"1"
9.2,17.6,22.6,14,24,38.8,1963.12,"1"
9.2,17.6,22.6,9,24,38.8,1801.62,"1"
9.2,17.6,22.6,9,24,38.8,1801.62,"1"
9.2,17.6,22.6,9,24,38.8,1801.62,"1"
9.2,17.6,22.6,14,24,38.8,1963.12,"1"
9.2,17.6,22.6,14,24,38.8,1963.12,"1"
9.2,17.6,22.6,14,14,38.8,1635.12,"1"
9.2,17.6,22.6,9,14,38.8,1473.62,"1"
9.2,17.6,22.6,14,14,38.8,1635.12,"1"
9.2,17.6,22.6,14,14,38.8,1635.12,"1"
9.2,17.6,22.6,14,14,38.8,1635.12,"1"
9.2,17.6,22.6,14,14,38.8,1635.12,"1"
9.2,17.6,22.6,24,14,38.8,1958.12,"1"
9.2,17.6,22.6,19,14,38.8,1796.62,"1"
9.2,17.6,22.6,24,14,38.8,1958.12,"1"
9.2,17.6,22.6,24,14,38.8,1958.12,"1"
9.2,17.6,22.6,9,14,38.8,1473.62,"1"
9.2,17.6,22.6,24,14,38.8,1958.12,"1"
9.2,17.6,22.6,19,14,38.8,1796.62,"1"
9.2,17.6,22.6,19,14,38.8,1796.62,"1"
9.2,17.6,22.6,9,14,38.8,1473.62,"1"
9.2,17.6,22.6,14,14,38.8,1635.12,"1"
9.2,17.6,22.6,19,14,38.8,1796.62,"1"
9.2,17.6,22.6,9,14,38.8,1473.62,"1"
9.2,17.6,22.6,14,14,38.8,1635.12,"1"
9.2,17.6,22.6,19,14,38.8,1796.62,"1"
9.2,17.6,22.6,14,14,38.8,1635.12,"1"
9.2,17.6,22.6,9,14,38.8,1473.62,"1"
9.2,17.6,22.6,24,14,38.8,1958.12,"1"
9.2,17.6,22.6,14,14,38.8,1635.12,"1"
9.2,17.6,22.6,14,14,38.8,1635.12,"1"
9.2,17.6,22.6,14,14,38.8,1635.12,"1"
9.2,17.6,22.6,4,14,38.8,1312.12,"0"
9.2,17.6,22.6,4,14,38.8,1312.12,"0"
9.2,17.6,22.6,4,14,38.8,1312.12,"0"
9.2,17.6,22.6,4,14,38.8,1312.12,"0"
9.2,17.6,22.6,4,14,38.8,1312.12,"0"
9.2,17.6,22.6,4,14,38.8,1312.12,"0"
9.2,17.6,22.6,4,14,38.8,1312.12,"0"
9.2,17.6,22.6,9,14,38.8,1473.62,"1"
9.2,17.6,22.6,4,14,38.8,1312.12,"0"
9.2,17.6,22.6,9,14,38.8,1473.62,"1"
9.2,17.6,22.6,9,14,38.8,1473.62,"1"
9.2,17.6,22.6,14,14,38.8,1635.12,"1"
9.2,17.6,22.6,14,14,38.8,1635.12,"1"
9.2,17.6,22.6,14,14,38.8,1635.12,"1"
9.2,17.6,22.6,14,14,38.8,1635.12,"1"
9.2,17.6,22.6,14,14,38.8,1635.12,"1"
9.2,17.6,22.6,14,14,38.8,1635.12,"1"
9.2,17.6,22.6,9,14,38.8,1473.62,"1"
9.2,17.6,22.6,9,14,38.8,1473.62,"1"
9.2,17.6,22.6,14,14,38.8,1635.12,"1"
9.2,17.6,22.6,14,14,38.8,1635.12,"1"
9.2,17.6,22.6,19,14,38.8,1796.62,"1"
9.2,17.6,22.6,29,24,38.8,2447.62,"1"
9.2,17.6,22.6,24,14,38.8,1958.12,"1"
9.2,17.6,22.6,14,24,38.8,1963.12,"1"
9.2,17.6,22.6,29,14,38.8,2119.62,"1"
9.2,17.6,22.6,19,14,38.8,1796.62,"1"
9.2,17.6,22.6,19,14,38.8,1796.62,"1"
9.2,17.6,22.6,14,14,38.8,1635.12,"1"
9.2,17.6,22.6,19,14,38.8,1796.62,"1"
9.2,17.6,22.6,14,14,38.8,1635.12,"1"
9.2,17.6,22.6,19,14,38.8,1796.62,"1"
9.2,17.6,22.6,19,14,38.8,1796.62,"1"
9.2,17.6,22.6,19,14,38.8,1796.62,"1"
9.2,17.6,22.6,19,14,38.8,1796.62,"1"
9.2,17.6,22.6,19,14,38.8,1796.62,"1"
9.2,17.6,22.6,14,14,38.8,1635.12,"1"
9.2,17.6,22.6,14,14,38.8,1635.12,"1"
9.2,17.6,22.6,14,9,38.8,1471.12,"1"
9.2,17.6,22.6,19,9,38.8,1632.62,"1"
9.2,17.6,22.6,14,9,38.8,1471.12,"1"
9.2,17.6,22.6,14,9,38.8,1471.12,"1"
9.2,17.6,22.6,19,9,38.8,1632.62,"1"
9.2,17.6,22.6,19,9,38.8,1632.62,"1"
9.2,17.6,22.6,14,9,38.8,1471.12,"1"
9.2,17.6,22.6,14,9,38.8,1471.12,"1"
9.2,17.6,22.6,24,9,38.8,1794.12,"1"
9.2,17.6,22.6,14,9,38.8,1471.12,"1"
9.2,17.6,22.6,14,9,38.8,1471.12,"1"
9.2,17.6,22.6,14,9,38.8,1471.12,"1"
9.2,17.6,22.6,14,9,38.8,1471.12,"1"
9.2,17.6,22.6,14,9,38.8,1471.12,"1"
9.2,17.6,22.6,14,9,38.8,1471.12,"1"
9.2,17.6,22.6,14,9,38.8,1471.12,"1"
9.2,17.6,22.6,14,14,38.8,1635.12,"1"
9.2,17.6,22.6,29,4,38.8,1791.62,"1"
9.2,17.6,22.6,24,19,38.8,2122.12,"1"
9.2,17.6,22.6,24,19,38.8,2122.12,"1"
9.2,17.6,22.6,29,19,38.8,2283.62,"1"
9.2,17.6,22.6,29,19,38.8,2283.62,"1"
9.2,17.6,22.6,29,19,38.8,2283.62,"1"
9.2,17.6,22.6,14,19,38.8,1799.12,"1"
9.2,17.6,22.6,9,19,38.8,1637.62,"1"
9.2,17.6,22.6,9,19,38.8,1637.62,"1"
9.2,17.6,22.6,29,19,38.8,2283.62,"1"
9.2,17.6,22.6,14,19,38.8,1799.12,"1"
9.2,17.6,22.6,19,19,38.8,1960.62,"1"
9.2,17.6,22.6,14,19,38.8,1799.12,"1"
9.2,17.6,22.6,29,19,38.8,2283.62,"1"
9.2,17.6,22.6,14,19,38.8,1799.12,"1"
9.2,17.6,22.6,19,19,38.8,1960.62,"1"
9.2,17.6,22.6,14,4,38.8,1307.12,"0"
9.2,17.6,22.6,24,4,38.8,1630.12,"1"
9.2,17.6,22.6,19,4,38.8,1468.62,"1"
9.2,17.6,22.6,24,4,38.8,1630.12,"1"
9.2,17.6,22.6,29,4,38.8,1791.62,"1"
9.2,17.6,22.6,19,4,38.8,1468.62,"1"
9.2,17.6,22.6,24,4,38.8,1630.12,"1"
9.2,17.6,22.6,19,4,38.8,1468.62,"1"
9.2,17.6,22.6,19,4,38.8,1468.62,"1"
9.2,17.6,22.6,14,4,38.8,1307.12,"0"
9.2,17.6,22.6,14,4,38.8,1307.12,"0"
9.2,17.6,22.6,14,4,38.8,1307.12,"0"
9.2,17.6,22.6,14,19,38.8,1799.12,"1"
9.2,17.6,22.6,9,19,38.8,1637.62,"1"
9.2,17.6,22.6,9,19,38.8,1637.62,"1"
9.2,17.6,22.6,9,19,38.8,1637.62,"1"
9.2,17.6,22.6,9,19,38.8,1637.62,"1"
9.2,17.6,22.6,14,19,38.8,1799.12,"1"
9.2,17.6,22.6,9,19,38.8,1637.62,"1"
9.2,17.6,22.6,14,9,38.8,1471.12,"1"
9.2,17.6,22.6,9,9,38.8,1309.62,"0"
9.2,17.6,22.6,14,9,38.8,1471.12,"1"
9.2,17.6,22.6,9,9,38.8,1309.62,"0"
9.2,17.6,22.6,14,9,38.8,1471.12,"1"
9.2,17.6,22.6,14,9,38.8,1471.12,"1"
9.2,17.6,22.6,14,9,38.8,1471.12,"1"
9.2,17.6,22.6,14,9,38.8,1471.12,"1"
9.2,17.6,22.6,9,9,38.8,1309.62,"0"
9.2,17.6,22.6,9,9,38.8,1309.62,"0"
9.2,17.6,22.6,9,9,38.8,1309.62,"0"
9.2,17.6,22.6,9,9,38.8,1309.62,"0"
9.2,17.6,22.6,14,9,38.8,1471.12,"1"
9.2,17.6,22.6,9,9,38.8,1309.62,"0"
9.2,17.6,22.6,14,9,38.8,1471.12,"1"
9.2,17.6,22.6,9,9,38.8,1309.62,"0"
9.2,17.6,22.6,9,9,38.8,1309.62,"0"
9.2,17.6,22.6,9,9,38.8,1309.62,"0"
9.2,17.6,22.6,14,9,38.8,1471.12,"1"
9.2,17.6,22.6,9,9,38.8,1309.62,"0"
9.2,17.6,22.6,14,9,38.8,1471.12,"1"
9.2,17.6,22.6,14,9,38.8,1471.12,"1"
9.2,17.6,22.6,14,19,38.8,1799.12,"1"
9.2,17.6,22.6,29,19,38.8,2283.62,"1"
9.2,17.6,22.6,29,9,38.8,1955.62,"1"
9.2,17.6,22.6,29,9,38.8,1955.62,"1"
9.2,17.6,22.6,14,9,38.8,1471.12,"1"
9.2,17.6,22.6,9,9,38.8,1309.62,"0"
9.2,17.6,22.6,9,9,38.8,1309.62,"0"
9.2,17.6,22.6,9,9,38.8,1309.62,"0"
9.2,17.6,22.6,4,9,38.8,1148.12,"0"
9.2,17.6,22.6,4,9,38.8,1148.12,"0"
9.2,17.6,22.6,9,9,38.8,1309.62,"0"
9.2,17.6,22.6,9,9,38.8,1309.62,"0"
9.2,17.6,22.6,14,9,38.8,1471.12,"1"
9.2,17.6,22.6,14,9,38.8,1471.12,"1"
9.2,17.6,22.6,19,9,38.8,1632.62,"1"
9.2,17.6,22.6,19,9,38.8,1632.62,"1"
9.2,17.6,22.6,14,9,38.8,1471.12,"1"
9.2,17.6,22.6,9,9,38.8,1309.62,"0"
9.2,17.6,22.6,14,9,38.8,1471.12,"1"
9.2,17.6,22.6,14,9,38.8,1471.12,"1"
9.2,17.6,22.6,9,9,38.8,1309.62,"0"
9.2,17.6,22.6,9,9,38.8,1309.62,"0"
9.2,17.6,22.6,4,19,38.8,1476.12,"1"
9.2,17.6,22.6,9,19,38.8,1637.62,"1"
9.2,17.6,22.6,9,19,38.8,1637.62,"1"
9.2,17.6,22.6,9,19,38.8,1637.62,"1"
9.2,17.6,22.6,9,19,38.8,1637.62,"1"
9.2,17.6,22.6,9,9,38.8,1309.62,"0"
9.2,17.6,22.6,24,9,38.8,1794.12,"1"
9.2,17.6,22.6,19,9,38.8,1632.62,"1"
9.2,17.6,22.6,14,9,38.8,1471.12,"1"
9.2,17.6,22.6,9,9,38.8,1309.62,"0"
9.2,17.6,22.6,9,9,38.8,1309.62,"0"
9.2,17.6,22.6,9,9,38.8,1309.62,"0"
9.2,17.6,22.6,9,9,38.8,1309.62,"0"
9.2,17.6,22.6,4,9,38.8,1148.12,"0"
9.2,17.6,22.6,29,9,38.8,1955.62,"1"
9.2,17.6,22.6,29,9,38.8,1955.62,"1"
9.2,17.6,22.6,29,9,38.8,1955.62,"1"
9.2,17.6,22.6,29,9,38.8,1955.62,"1"
9.2,17.6,22.6,14,9,38.8,1471.12,"1"
9.2,17.6,22.6,4,4,38.8,984.12,"0"
9.2,17.6,22.6,4,4,38.8,984.12,"0"
9.2,17.6,22.6,4,4,38.8,984.12,"0"
9.2,17.6,22.6,9,4,38.8,1145.62,"0"
9.2,17.6,22.6,4,4,38.8,984.12,"0"
9.2,17.6,22.6,4,4,38.8,984.12,"0"
9.2,17.6,22.6,4,4,38.8,984.12,"0"
9.2,17.6,22.6,4,4,38.8,984.12,"0"
9.2,17.6,22.6,4,4,38.8,984.12,"0"
9.2,17.6,22.6,4,4,38.8,984.12,"0"
9.2,17.6,22.6,4,4,38.8,984.12,"0"
9.2,17.6,22.6,4,4,38.8,984.12,"0"
9.2,17.6,22.6,9,4,38.8,1145.62,"0"
9.2,17.6,22.6,4,9,38.8,1148.12,"0"
9.2,17.6,22.6,4,9,38.8,1148.12,"0"
9.2,17.6,22.6,4,9,38.8,1148.12,"0"
9.2,17.6,22.6,9,9,38.8,1309.62,"0"
9.2,17.6,22.6,9,9,38.8,1309.62,"0"
9.2,17.6,22.6,9,9,38.8,1309.62,"0"
9.2,17.6,22.6,4,9,38.8,1148.12,"0"
9.2,17.6,22.6,9,4,38.8,1145.62,"0"
9.2,17.6,22.6,9,4,38.8,1145.62,"0"
9.2,17.6,22.6,4,4,38.8,984.12,"0"
9.2,17.6,22.6,4,4,38.8,984.12,"0"
9.2,17.6,22.6,14,4,38.8,1307.12,"0"
9.2,17.6,22.6,9,4,38.8,1145.62,"0"
9.2,17.6,22.6,9,4,38.8,1145.62,"0"
9.2,17.6,22.6,4,4,38.8,984.12,"0"
9.2,17.6,22.6,4,4,38.8,984.12,"0"
9.2,17.6,22.6,4,4,38.8,984.12,"0"
9.2,17.6,22.6,4,4,38.8,984.12,"0"
9.2,17.6,22.6,4,4,38.8,984.12,"0"
9.2,17.6,22.6,4,4,38.8,984.12,"0"
9.2,17.6,22.6,9,4,38.8,1145.62,"0"
9.2,17.6,22.6,9,14,38.8,1473.62,"1"
9.2,17.6,22.6,4,19,38.8,1476.12,"1"
9.2,17.6,22.6,4,19,38.8,1476.12,"1"
9.2,17.6,22.6,19,19,38.8,1960.62,"1"
9.2,17.6,22.6,19,19,38.8,1960.62,"1"
9.2,17.6,22.6,19,19,38.8,1960.62,"1"
9.2,17.6,22.6,19,19,38.8,1960.62,"1"
9.2,17.6,22.6,19,19,38.8,1960.62,"1"
9.2,17.6,22.6,14,14,38.8,1635.12,"1"
9.2,17.6,22.6,14,14,38.8,1635.12,"1"
9.2,17.6,22.6,19,14,38.8,1796.62,"1"
9.2,17.6,22.6,14,14,38.8,1635.12,"1"
9.2,17.6,22.6,14,14,38.8,1635.12,"1"
9.2,17.6,22.6,14,14,38.8,1635.12,"1"
9.2,17.6,22.6,14,4,38.8,1307.12,"0"
9.2,17.6,22.6,14,14,38.8,1635.12,"1"
9.2,17.6,22.6,14,14,38.8,1635.12,"1"
9.2,17.6,22.6,14,9,38.8,1471.12,"1"
9.2,17.6,22.6,29,9,38.8,1955.62,"1"
9.2,17.6,22.6,9,14,38.8,1473.62,"1"
9.2,17.6,22.6,9,9,38.8,1309.62,"0"
9.2,17.6,22.6,9,14,38.8,1473.62,"1"
9.2,17.6,22.6,9,9,38.8,1309.62,"0"
9.2,17.6,22.6,19,9,38.8,1632.62,"1"
9.2,17.6,22.6,14,9,38.8,1471.12,"1"
9.2,17.6,22.6,4,9,38.8,1148.12,"0"
9.2,17.6,22.6,9,9,38.8,1309.62,"0"
9.2,17.6,22.6,4,9,38.8,1148.12,"0"
9.2,17.6,22.6,14,4,38.8,1307.12,"0"
9.2,17.6,22.6,29,9,38.8,1955.62,"1"
9.2,17.6,22.6,29,9,38.8,1955.62,"1"
9.2,17.6,22.6,29,19,38.8,2283.62,"1"
9.2,17.6,22.6,29,19,38.8,2283.62,"1"
9.2,17.6,22.6,29,9,38.8,1955.62,"1"
9.2,17.6,22.6,29,9,38.8,1955.62,"1"
9.2,17.6,22.6,29,9,38.8,1955.62,"1"
9.2,17.6,22.6,29,9,38.8,1955.62,"1"
9.2,17.6,22.6,29,9,38.8,1955.62,"1"
9.2,17.6,22.6,29,9,38.8,1955.62,"1"
9.2,17.6,22.6,29,9,38.8,1955.62,"1"
9.2,17.6,22.6,29,9,38.8,1955.62,"1"
9.2,17.6,22.6,29,9,38.8,1955.62,"1"
9.2,17.6,22.6,29,9,38.8,1955.62,"1"
9.2,17.6,22.6,24,9,38.8,1794.12,"1"
9.2,17.6,22.6,24,9,38.8,1794.12,"1"
9.2,17.6,22.6,24,9,38.8,1794.12,"1"
9.2,17.6,22.6,29,19,38.8,2283.62,"1"
9.2,17.6,22.6,29,19,38.8,2283.62,"1"
9.2,17.6,22.6,29,19,38.8,2283.62,"1"
9.2,17.6,22.6,24,19,38.8,2122.12,"1"
9.2,17.6,22.6,24,19,38.8,2122.12,"1"
9.2,17.6,22.6,29,19,38.8,2283.62,"1"
9.2,17.6,22.6,24,19,38.8,2122.12,"1"
9.2,17.6,22.6,19,19,38.8,1960.62,"1"
9.2,17.6,22.6,24,19,38.8,2122.12,"1"
9.2,17.6,22.6,19,19,38.8,1960.62,"1"
9.2,17.6,22.6,24,19,38.8,2122.12,"1"
9.2,17.6,22.6,24,19,38.8,2122.12,"1"
9.2,17.6,22.6,24,19,38.8,2122.12,"1"
9.2,17.6,22.6,29,19,38.8,2283.62,"1"
9.2,17.6,22.6,24,19,38.8,2122.12,"1"
9.2,17.6,22.6,19,19,38.8,1960.62,"1"
9.2,17.6,22.6,24,19,38.8,2122.12,"1"
9.2,17.6,22.6,24,19,38.8,2122.12,"1"
9.2,17.6,22.6,24,19,38.8,2122.12,"1"
9.2,17.6,22.6,24,19,38.8,2122.12,"1"
9.2,17.6,22.6,24,19,38.8,2122.12,"1"
9.2,17.6,22.6,24,19,38.8,2122.12,"1"
9.2,17.6,22.6,24,19,38.8,2122.12,"1"
9.2,17.6,22.6,24,19,38.8,2122.12,"1"
9.2,17.6,22.6,19,19,38.8,1960.62,"1"
9.2,17.6,22.6,19,4,38.8,1468.62,"1"
9.2,17.6,22.6,19,4,38.8,1468.62,"1"
9.2,17.6,22.6,24,19,38.8,2122.12,"1"
9.2,17.6,22.6,19,19,38.8,1960.62,"1"
9.2,17.6,22.6,29,19,38.8,2283.62,"1"
9.2,17.6,22.6,4,4,38.8,984.12,"0"
9.2,17.6,22.6,14,4,38.8,1307.12,"0"
9.2,17.6,22.6,14,4,38.8,1307.12,"0"
9.2,17.6,22.6,14,4,38.8,1307.12,"0"
9.2,17.6,22.6,19,4,38.8,1468.62,"1"
9.2,17.6,22.6,29,4,38.8,1791.62,"1"
9.2,17.6,22.6,19,4,38.8,1468.62,"1"
9.2,17.6,22.6,19,4,38.8,1468.62,"1"
9.2,17.6,22.6,14,4,38.8,1307.12,"0"
9.2,17.6,22.6,14,4,38.8,1307.12,"0"
9.2,17.6,22.6,14,4,38.8,1307.12,"0"
9.2,17.6,22.6,9,4,38.8,1145.62,"0"
9.2,17.6,22.6,14,4,38.8,1307.12,"0"
9.2,17.6,22.6,14,4,38.8,1307.12,"0"
9.2,17.6,22.6,14,4,38.8,1307.12,"0"
9.2,17.6,22.6,14,4,38.8,1307.12,"0"
9.2,17.6,22.6,19,4,38.8,1468.62,"1"
9.2,17.6,22.6,19,4,38.8,1468.62,"1"
9.2,17.6,22.6,14,4,38.8,1307.12,"0"
9.2,17.6,22.6,9,4,38.8,1145.62,"0"
9.2,17.6,22.6,9,4,38.8,1145.62,"0"
9.2,17.6,22.6,9,4,38.8,1145.62,"0"
9.2,17.6,22.6,14,4,38.8,1307.12,"0"
9.2,17.6,22.6,19,4,38.8,1468.62,"1"
9.2,17.6,22.6,19,4,38.8,1468.62,"1"
9.2,17.6,22.6,24,4,38.8,1630.12,"1"
9.2,17.6,22.6,19,4,38.8,1468.62,"1"
9.2,17.6,22.6,29,4,38.8,1791.62,"1"
9.2,17.6,22.6,19,4,38.8,1468.62,"1"
9.2,17.6,22.6,14,4,38.8,1307.12,"0"
9.2,17.6,22.6,14,4,38.8,1307.12,"0"
9.2,17.6,22.6,14,4,38.8,1307.12,"0"
9.2,17.6,22.6,14,4,38.8,1307.12,"0"
9.2,17.6,22.6,14,4,38.8,1307.12,"0"
9.2,17.6,22.6,14,4,38.8,1307.12,"0"
9.2,17.6,22.6,14,4,38.8,1307.12,"0"
9.2,17.6,22.6,29,4,38.8,1791.62,"1"
9.2,17.6,22.6,24,4,38.8,1630.12,"1"
9.2,17.6,22.6,29,4,38.8,1791.62,"1"
9.2,17.6,22.6,24,4,38.8,1630.12,"1"
9.2,17.6,22.6,14,4,38.8,1307.12,"0"
9.2,17.6,22.6,14,4,38.8,1307.12,"0"
9.2,17.6,22.6,9,4,38.8,1145.62,"0"
9.2,17.6,22.6,14,4,38.8,1307.12,"0"
9.2,17.6,22.6,14,4,38.8,1307.12,"0"
9.2,17.6,22.6,14,4,38.8,1307.12,"0"
9.2,17.6,22.6,19,4,38.8,1468.62,"1"
9.2,17.6,22.6,24,4,38.8,1630.12,"1"
9.2,17.6,22.6,29,4,38.8,1791.62,"1"
9.2,17.6,22.6,24,4,38.8,1630.12,"1"
9.2,17.6,22.6,24,4,38.8,1630.12,"1"
9.2,17.6,22.6,14,4,38.8,1307.12,"0"
9.2,17.6,22.6,14,4,38.8,1307.12,"0"
9.2,17.6,22.6,14,4,38.8,1307.12,"0"
9.2,17.6,22.6,14,4,38.8,1307.12,"0"
9.2,17.6,22.6,14,4,38.8,1307.12,"0"
9.2,17.6,22.6,24,4,38.8,1630.12,"1"
9.2,17.6,22.6,19,4,38.8,1468.62,"1"
9.2,17.6,22.6,19,4,38.8,1468.62,"1"
9.2,17.6,22.6,19,4,38.8,1468.62,"1"
9.2,17.6,22.6,19,4,38.8,1468.62,"1"
9.2,17.6,22.6,9,4,38.8,1145.62,"0"
9.2,17.6,22.6,9,4,38.8,1145.62,"0"
9.2,17.6,22.6,4,4,38.8,984.12,"0"
9.2,17.6,22.6,4,4,38.8,984.12,"0"
9.2,17.6,22.6,29,19,38.8,2283.62,"1"
9.2,17.6,22.6,29,19,38.8,2283.62,"1"
9.2,17.6,22.6,9,19,38.8,1637.62,"1"
9.2,17.6,22.6,24,19,38.8,2122.12,"1"
9.2,17.6,22.6,24,19,38.8,2122.12,"1"
9.2,17.6,22.6,19,19,38.8,1960.62,"1"
9.2,17.6,22.6,29,14,38.8,2119.62,"1"
9.2,17.6,22.6,9,14,38.8,1473.62,"1"
9.2,17.6,22.6,19,14,38.8,1796.62,"1"
9.2,17.6,22.6,29,14,38.8,2119.62,"1"
9.2,17.6,22.6,29,14,38.8,2119.62,"1"
9.2,17.6,22.6,19,9,38.8,1632.62,"1"
9.2,17.6,22.6,19,9,38.8,1632.62,"1"
9.2,17.6,22.6,19,4,38.8,1468.62,"1"
9.2,17.6,22.6,29,9,38.8,1955.62,"1"
9.2,17.6,22.6,24,9,38.8,1794.12,"1"
9.2,17.6,22.6,24,9,38.8,1794.12,"1"
9.2,17.6,22.6,24,9,38.8,1794.12,"1"
9.2,17.6,22.6,24,4,38.8,1630.12,"1"
9.2,17.6,22.6,24,19,38.8,2122.12,"1"
9.2,17.6,22.6,29,4,38.8,1791.62,"1"
9.2,17.6,22.6,29,4,38.8,1791.62,"1"
9.2,17.6,22.6,19,4,38.8,1468.62,"1"
9.2,17.6,22.6,24,19,38.8,2122.12,"1"
9.2,17.6,22.6,24,19,38.8,2122.12,"1"
9.2,17.6,22.6,19,19,38.8,1960.62,"1"
9.2,17.6,22.6,29,9,38.8,1955.62,"1"
9.2,17.6,22.6,14,19,38.8,1799.12,"1"
9.2,17.6,22.6,14,19,38.8,1799.12,"1"
9.2,17.6,22.6,14,19,38.8,1799.12,"1"
9.2,17.6,22.6,14,19,38.8,1799.12,"1"
9.2,17.6,22.6,14,19,38.8,1799.12,"1"
9.2,17.6,22.6,14,19,38.8,1799.12,"1"
9.2,17.6,22.6,19,19,38.8,1960.62,"1"
9.2,17.6,22.6,14,19,38.8,1799.12,"1"
9.2,17.6,22.6,14,19,38.8,1799.12,"1"
9.2,17.6,22.6,19,19,38.8,1960.62,"1"
9.2,17.6,22.6,19,19,38.8,1960.62,"1"
9.2,17.6,22.6,24,19,38.8,2122.12,"1"
9.2,17.6,22.6,19,19,38.8,1960.62,"1"
9.2,17.6,22.6,29,19,38.8,2283.62,"1"
9.2,17.6,22.6,29,19,38.8,2283.62,"1"
9.2,17.6,22.6,29,19,38.8,2283.62,"1"
9.2,17.6,22.6,29,9,38.8,1955.62,"1"
9.2,17.6,22.6,29,9,38.8,1955.62,"1"
9.2,17.6,22.6,29,9,38.8,1955.62,"1"
9.2,17.6,22.6,14,4,38.8,1307.12,"0"
9.2,17.6,22.6,14,9,38.8,1471.12,"1"
9.2,17.6,22.6,14,9,38.8,1471.12,"1"
9.2,17.6,22.6,14,9,38.8,1471.12,"1"
9.2,17.6,22.6,24,9,38.8,1794.12,"1"
9.2,17.6,22.6,24,9,38.8,1794.12,"1"
9.2,17.6,22.6,29,9,38.8,1955.62,"1"
9.2,17.6,22.6,29,9,38.8,1955.62,"1"
9.2,17.6,22.6,29,9,38.8,1955.62,"1"
9.2,17.6,22.6,29,9,38.8,1955.62,"1"
9.2,17.6,22.6,24,19,38.8,2122.12,"1"
9.2,17.6,22.6,9,4,38.8,1145.62,"0"
9.2,17.6,22.6,9,4,38.8,1145.62,"0"
9.2,17.6,22.6,9,4,38.8,1145.62,"0"
9.2,17.6,22.6,19,4,38.8,1468.62,"1"
9.2,17.6,22.6,14,4,38.8,1307.12,"0"
9.2,17.6,22.6,29,19,38.8,2283.62,"1"
9.2,17.6,22.6,24,19,38.8,2122.12,"1"
9.2,17.6,22.6,29,19,38.8,2283.62,"1"
9.2,17.6,22.6,29,19,38.8,2283.62,"1"
9.2,17.6,22.6,29,19,38.8,2283.62,"1"
9.2,17.6,22.6,24,19,38.8,2122.12,"1"
9.2,17.6,22.6,24,19,38.8,2122.12,"1"
9.2,17.6,22.6,29,19,38.8,2283.62,"1"
9.2,17.6,22.6,29,19,38.8,2283.62,"1"
9.2,17.6,22.6,24,19,38.8,2122.12,"1"
9.2,17.6,22.6,19,19,38.8,1960.62,"1"
9.2,17.6,22.6,19,19,38.8,1960.62,"1"
9.2,17.6,22.6,19,19,38.8,1960.62,"1"
9.2,17.6,22.6,14,19,38.8,1799.12,"1"
9.2,17.6,22.6,19,19,38.8,1960.62,"1"
9.2,17.6,22.6,19,19,38.8,1960.62,"1"
9.2,17.6,22.6,14,19,38.8,1799.12,"1"
9.2,17.6,22.6,9,19,38.8,1637.62,"1"
9.2,17.6,22.6,14,19,38.8,1799.12,"1"
9.2,17.6,22.6,14,19,38.8,1799.12,"1"
9.2,17.6,22.6,9,19,38.8,1637.62,"1"
9.2,17.6,22.6,9,19,38.8,1637.62,"1"
9.2,17.6,22.6,9,19,38.8,1637.62,"1"
9.2,17.6,22.6,14,19,38.8,1799.12,"1"
9.2,17.6,22.6,14,19,38.8,1799.12,"1"
9.2,17.6,22.6,14,4,38.8,1307.12,"0"
9.2,17.6,22.6,14,4,38.8,1307.12,"0"
9.2,17.6,22.6,9,4,38.8,1145.62,"0"
9.2,17.6,22.6,9,4,38.8,1145.62,"0"
9.2,17.6,22.6,9,4,38.8,1145.62,"0"
9.2,17.6,22.6,9,4,38.8,1145.62,"0"
9.2,17.6,22.6,9,4,38.8,1145.62,"0"
9.2,17.6,22.6,9,4,38.8,1145.62,"0"
9.2,17.6,22.6,29,4,38.8,1791.62,"1"
9.2,17.6,22.6,9,4,38.8,1145.62,"0"
9.2,17.6,22.6,14,4,38.8,1307.12,"0"
9.2,17.6,22.6,9,4,38.8,1145.62,"0"
9.2,17.6,22.6,14,4,38.8,1307.12,"0"
9.2,17.6,22.6,14,4,38.8,1307.12,"0"
9.2,17.6,22.6,14,4,38.8,1307.12,"0"
9.2,17.6,22.6,14,4,38.8,1307.12,"0"
9.2,17.6,22.6,19,4,38.8,1468.62,"1"
9.2,17.6,22.6,24,4,38.8,1630.12,"1"
9.2,17.6,22.6,24,4,38.8,1630.12,"1"
9.2,17.6,22.6,14,4,38.8,1307.12,"0"
9.2,17.6,22.6,19,4,38.8,1468.62,"1"
9.2,17.6,22.6,24,4,38.8,1630.12,"1"
9.2,17.6,22.6,24,4,38.8,1630.12,"1"
9.2,17.6,22.6,29,4,38.8,1791.62,"1"
9.2,17.6,22.6,19,4,38.8,1468.62,"1"
9.2,17.6,22.6,19,4,38.8,1468.62,"1"
9.2,17.6,22.6,19,4,38.8,1468.62,"1"
9.2,17.6,22.6,14,19,38.8,1799.12,"1"
9.2,17.6,22.6,9,4,38.8,1145.62,"0"
9.2,17.6,22.6,4,4,38.8,984.12,"0"
9.2,17.6,22.6,4,4,38.8,984.12,"0"
9.2,17.6,22.6,4,4,38.8,984.12,"0"
9.2,17.6,22.6,4,4,38.8,984.12,"0"
9.2,17.6,22.6,4,4,38.8,984.12,"0"
9.2,17.6,22.6,4,4,38.8,984.12,"0"
9.2,17.6,22.6,4,4,38.8,984.12,"0"
9.2,17.6,22.6,4,4,38.8,984.12,"0"
9.2,17.6,22.6,4,4,38.8,984.12,"0"
9.2,17.6,22.6,9,4,38.8,1145.62,"0"
9.2,17.6,22.6,9,4,38.8,1145.62,"0"
9.2,17.6,22.6,9,4,38.8,1145.62,"0"
9.2,17.6,22.6,9,19,38.8,1637.62,"1"
9.2,17.6,22.6,9,19,38.8,1637.62,"1"
9.2,17.6,22.6,14,19,38.8,1799.12,"1"
9.2,17.6,22.6,14,19,38.8,1799.12,"1"
9.2,17.6,22.6,14,19,38.8,1799.12,"1"
9.2,17.6,22.6,14,19,38.8,1799.12,"1"
9.2,17.6,22.6,14,19,38.8,1799.12,"1"
9.2,17.6,22.6,14,19,38.8,1799.12,"1"
9.2,17.6,22.6,19,19,38.8,1960.62,"1"
9.2,17.6,22.6,19,19,38.8,1960.62,"1"
9.2,17.6,22.6,4,19,38.8,1476.12,"1"
9.2,17.6,22.6,4,19,38.8,1476.12,"1"
9.2,17.6,22.6,14,19,38.8,1799.12,"1"
9.2,17.6,22.6,14,19,38.8,1799.12,"1"
9.2,17.6,22.6,19,9,11.9,1484.67,"1"
9.2,17.6,22.6,14,4,38.8,1307.12,"0"
9.2,17.6,22.6,19,4,38.8,1468.62,"1"
9.2,17.6,22.6,19,4,38.8,1468.62,"1"
9.2,17.6,22.6,24,9,38.8,1794.12,"1"
9.2,17.6,22.6,19,9,38.8,1632.62,"1"
9.2,17.6,22.6,19,9,38.8,1632.62,"1"
9.2,17.6,22.6,19,9,38.8,1632.62,"1"
9.2,17.6,22.6,19,9,38.8,1632.62,"1"
9.2,17.6,22.6,19,9,38.8,1632.62,"1"
9.2,17.6,22.6,19,9,38.8,1632.62,"1"
9.2,17.6,22.6,19,9,38.8,1632.62,"1"
9.2,17.6,22.6,19,9,38.8,1632.62,"1"
9.2,17.6,22.6,19,9,38.8,1632.62,"1"
9.2,17.6,22.6,19,9,38.8,1632.62,"1"
9.2,17.6,22.6,19,9,38.8,1632.62,"1"
9.2,17.6,22.6,19,9,38.8,1632.62,"1"
9.2,17.6,22.6,19,9,38.8,1632.62,"1"
9.2,17.6,22.6,19,9,38.8,1632.62,"1"
9.2,17.6,22.6,14,9,38.8,1471.12,"1"
9.2,17.6,22.6,19,4,38.8,1468.62,"1"
9.2,17.6,22.6,19,4,38.8,1468.62,"1"
9.2,17.6,22.6,19,4,38.8,1468.62,"1"
9.2,17.6,22.6,19,4,38.8,1468.62,"1"
9.2,17.6,22.6,14,9,38.8,1471.12,"1"
9.2,17.6,22.6,14,9,11.9,1323.17,"0"
9.2,17.6,22.6,14,9,11.9,1323.17,"0"
9.2,17.6,22.6,14,9,11.9,1323.17,"0"
9.2,17.6,22.6,14,9,11.9,1323.17,"0"
9.2,17.6,22.6,14,9,11.9,1323.17,"0"
9.2,17.6,22.6,14,9,11.9,1323.17,"0"
9.2,17.6,22.6,9,9,11.9,1161.67,"0"
9.2,17.6,22.6,9,9,11.9,1161.67,"0"
9.2,17.6,22.6,9,9,11.9,1161.67,"0"
9.2,17.6,22.6,9,9,11.9,1161.67,"0"
9.2,17.6,22.6,9,9,11.9,1161.67,"0"
9.2,17.6,22.6,14,9,11.9,1323.17,"0"
9.2,17.6,22.6,9,9,11.9,1161.67,"0"
9.2,17.6,22.6,9,9,11.9,1161.67,"0"
9.2,17.6,22.6,9,9,11.9,1161.67,"0"
9.2,17.6,22.6,9,9,11.9,1161.67,"0"
9.2,17.6,22.6,14,9,11.9,1323.17,"0"
9.2,17.6,22.6,14,9,11.9,1323.17,"0"
9.2,17.6,22.6,19,9,11.9,1484.67,"1"
9.2,17.6,22.6,19,9,11.9,1484.67,"1"
9.2,17.6,22.6,19,9,11.9,1484.67,"1"
9.2,17.6,22.6,19,9,11.9,1484.67,"1"
9.2,17.6,22.6,19,9,11.9,1484.67,"1"
9.2,17.6,22.6,24,9,11.9,1646.17,"1"
9.2,17.6,22.6,24,9,11.9,1646.17,"1"
9.2,17.6,22.6,24,9,11.9,1646.17,"1"
9.2,17.6,22.6,29,9,11.9,1807.67,"1"
9.2,17.6,22.6,29,9,11.9,1807.67,"1"
9.2,17.6,22.6,29,9,11.9,1807.67,"1"
9.2,17.6,22.6,14,9,11.9,1323.17,"0"
9.2,17.6,22.6,14,9,11.9,1323.17,"0"
9.2,17.6,22.6,19,9,11.9,1484.67,"1"
9.2,17.6,22.6,29,9,11.9,1807.67,"1"
9.2,17.6,22.6,24,9,11.9,1646.17,"1"
9.2,17.6,22.6,19,9,11.9,1484.67,"1"
9.2,17.6,22.6,19,9,11.9,1484.67,"1"
9.2,17.6,22.6,19,9,11.9,1484.67,"1"
9.2,17.6,22.6,19,9,11.9,1484.67,"1"
9.2,17.6,22.6,19,4,38.8,1468.62,"1"
9.2,17.6,22.6,14,4,38.8,1307.12,"0"
9.2,17.6,22.6,14,9,11.9,1323.17,"0"
9.2,17.6,22.6,14,4,38.8,1307.12,"0"
9.2,17.6,22.6,4,19,38.8,1476.12,"1"
9.2,17.6,22.6,4,9,38.8,1148.12,"0"
9.2,17.6,22.6,4,9,38.8,1148.12,"0"
9.2,17.6,22.6,4,9,38.8,1148.12,"0"
9.2,17.6,22.6,4,9,38.8,1148.12,"0"
9.2,17.6,22.6,4,9,38.8,1148.12,"0"
9.2,17.6,22.6,4,9,38.8,1148.12,"0"
9.2,17.6,22.6,4,9,38.8,1148.12,"0"
9.2,17.6,22.6,4,9,38.8,1148.12,"0"
9.2,17.6,22.6,4,9,38.8,1148.12,"0"
9.2,17.6,22.6,4,9,38.8,1148.12,"0"
9.2,17.6,22.6,4,9,38.8,1148.12,"0"
9.2,17.6,22.6,4,9,38.8,1148.12,"0"
9.2,17.6,22.6,9,9,38.8,1309.62,"0"
9.2,17.6,22.6,4,19,38.8,1476.12,"1"
9.2,17.6,22.6,4,19,38.8,1476.12,"1"
9.2,17.6,22.6,14,14,11.9,1487.17,"1"
9.2,17.6,22.6,14,19,38.8,1799.12,"1"
9.2,17.6,22.6,14,19,38.8,1799.12,"1"
9.2,17.6,22.6,19,19,38.8,1960.62,"1"
9.2,17.6,22.6,14,19,38.8,1799.12,"1"
9.2,17.6,22.6,14,19,38.8,1799.12,"1"
9.2,17.6,22.6,14,19,38.8,1799.12,"1"
9.2,17.6,22.6,14,19,38.8,1799.12,"1"
9.2,17.6,22.6,14,19,38.8,1799.12,"1"
9.2,17.6,22.6,14,19,38.8,1799.12,"1"
9.2,17.6,22.6,19,19,38.8,1960.62,"1"
9.2,17.6,22.6,19,19,38.8,1960.62,"1"
9.2,17.6,22.6,19,19,38.8,1960.62,"1"
9.2,17.6,22.6,19,19,38.8,1960.62,"1"
9.2,17.6,22.6,24,19,38.8,2122.12,"1"
9.2,17.6,22.6,19,19,38.8,1960.62,"1"
9.2,17.6,22.6,14,19,38.8,1799.12,"1"
9.2,17.6,22.6,19,19,38.8,1960.62,"1"
9.2,17.6,22.6,24,19,38.8,2122.12,"1"
9.2,17.6,22.6,29,19,38.8,2283.62,"1"
9.2,17.6,22.6,24,9,38.8,1794.12,"1"
9.2,17.6,22.6,24,9,38.8,1794.12,"1"
9.2,17.6,22.6,29,9,38.8,1955.62,"1"
9.2,17.6,22.6,29,9,38.8,1955.62,"1"
9.2,17.6,22.6,29,9,38.8,1955.62,"1"
9.2,17.6,22.6,29,9,38.8,1955.62,"1"
9.2,17.6,22.6,29,9,38.8,1955.62,"1"
9.2,17.6,22.6,29,9,38.8,1955.62,"1"
9.2,17.6,22.6,29,9,38.8,1955.62,"1"
9.2,17.6,22.6,29,9,38.8,1955.62,"1"
9.2,17.6,22.6,29,9,38.8,1955.62,"1"
9.2,17.6,22.6,29,9,38.8,1955.62,"1"
9.2,17.6,22.6,29,9,38.8,1955.62,"1"
9.2,17.6,22.6,29,9,38.8,1955.62,"1"
9.2,17.6,22.6,29,9,38.8,1955.62,"1"
9.2,17.6,22.6,29,9,38.8,1955.62,"1"
9.2,17.6,22.6,29,9,38.8,1955.62,"1"
9.2,17.6,22.6,24,9,38.8,1794.12,"1"
9.2,17.6,22.6,29,9,38.8,1955.62,"1"
9.2,17.6,22.6,14,9,38.8,1471.12,"1"
9.2,17.6,22.6,14,14,38.8,1635.12,"1"
9.2,17.6,22.6,14,14,38.8,1635.12,"1"
9.2,17.6,22.6,14,14,38.8,1635.12,"1"
9.2,17.6,22.6,14,14,38.8,1635.12,"1"
9.2,17.6,22.6,14,14,38.8,1635.12,"1"
9.2,17.6,22.6,14,14,38.8,1635.12,"1"
9.2,17.6,22.6,19,14,38.8,1796.62,"1"
9.2,17.6,22.6,14,14,38.8,1635.12,"1"
9.2,17.6,22.6,19,14,38.8,1796.62,"1"
9.2,17.6,22.6,19,14,38.8,1796.62,"1"
9.2,17.6,22.6,14,14,38.8,1635.12,"1"
9.2,17.6,22.6,14,14,38.8,1635.12,"1"
9.2,17.6,22.6,14,14,38.8,1635.12,"1"
9.2,17.6,22.6,14,14,38.8,1635.12,"1"
9.2,17.6,22.6,14,9,38.8,1471.12,"1"
9.2,17.6,22.6,14,14,38.8,1635.12,"1"
9.2,17.6,22.6,14,14,38.8,1635.12,"1"
9.2,17.6,22.6,14,14,38.8,1635.12,"1"
9.2,17.6,22.6,14,14,38.8,1635.12,"1"
9.2,17.6,22.6,14,14,38.8,1635.12,"1"
9.2,17.6,22.6,14,14,38.8,1635.12,"1"
9.2,17.6,22.6,14,14,38.8,1635.12,"1"
9.2,17.6,22.6,14,14,38.8,1635.12,"1"
9.2,17.6,22.6,14,14,38.8,1635.12,"1"
9.2,17.6,22.6,14,14,38.8,1635.12,"1"
9.2,17.6,22.6,14,14,38.8,1635.12,"1"
9.2,17.6,22.6,14,9,38.8,1471.12,"1"
9.2,17.6,22.6,14,9,38.8,1471.12,"1"
9.2,17.6,22.6,14,9,38.8,1471.12,"1"
9.2,17.6,22.6,14,9,38.8,1471.12,"1"
9.2,17.6,22.6,9,9,38.8,1309.62,"0"
9.2,17.6,22.6,9,9,38.8,1309.62,"0"
9.2,17.6,22.6,9,4,38.8,1145.62,"0"
9.2,17.6,22.6,9,4,38.8,1145.62,"0"
9.2,17.6,22.6,9,4,38.8,1145.62,"0"
9.2,17.6,22.6,9,4,38.8,1145.62,"0"
9.2,17.6,22.6,9,4,38.8,1145.62,"0"
9.2,17.6,22.6,14,9,38.8,1471.12,"1"
9.2,17.6,22.6,14,9,38.8,1471.12,"1"
9.2,17.6,22.6,19,4,38.8,1468.62,"1"
9.2,17.6,22.6,9,14,38.8,1473.62,"1"
9.2,17.6,22.6,9,14,38.8,1473.62,"1"
9.2,17.6,22.6,9,14,38.8,1473.62,"1"
9.2,17.6,22.6,9,14,38.8,1473.62,"1"
9.2,17.6,22.6,9,14,38.8,1473.62,"1"
9.2,17.6,22.6,9,14,38.8,1473.62,"1"
9.2,17.6,22.6,9,14,38.8,1473.62,"1"
9.2,17.6,22.6,9,14,38.8,1473.62,"1"
9.2,17.6,22.6,9,14,38.8,1473.62,"1"
9.2,17.6,22.6,9,14,38.8,1473.62,"1"
9.2,17.6,22.6,9,14,38.8,1473.62,"1"
9.2,17.6,22.6,9,14,38.8,1473.62,"1"
9.2,17.6,22.6,14,14,38.8,1635.12,"1"
9.2,17.6,22.6,14,14,38.8,1635.12,"1"
9.2,17.6,22.6,14,14,38.8,1635.12,"1"
9.2,17.6,22.6,14,14,38.8,1635.12,"1"
9.2,17.6,22.6,19,14,38.8,1796.62,"1"
9.2,17.6,22.6,14,14,38.8,1635.12,"1"
9.2,17.6,22.6,9,14,38.8,1473.62,"1"
9.2,17.6,22.6,9,9,38.8,1309.62,"0"
9.2,17.6,22.6,9,9,38.8,1309.62,"0"
9.2,17.6,22.6,9,9,38.8,1309.62,"0"
9.2,17.6,22.6,9,9,38.8,1309.62,"0"
9.2,17.6,22.6,9,9,38.8,1309.62,"0"
9.2,17.6,22.6,9,9,38.8,1309.62,"0"
9.2,17.6,22.6,9,9,38.8,1309.62,"0"
9.2,17.6,22.6,9,9,38.8,1309.62,"0"
9.2,17.6,22.6,9,9,38.8,1309.62,"0"
9.2,17.6,22.6,9,9,38.8,1309.62,"0"
9.2,17.6,22.6,9,9,38.8,1309.62,"0"
9.2,17.6,22.6,9,9,38.8,1309.62,"0"
9.2,17.6,22.6,9,9,38.8,1309.62,"0"
9.2,17.6,22.6,9,9,38.8,1309.62,"0"
9.2,17.6,22.6,9,9,38.8,1309.62,"0"
9.2,17.6,22.6,9,9,38.8,1309.62,"0"
9.2,17.6,22.6,9,9,38.8,1309.62,"0"
9.2,17.6,22.6,9,9,38.8,1309.62,"0"
9.2,17.6,22.6,9,9,38.8,1309.62,"0"
9.2,17.6,22.6,9,9,38.8,1309.62,"0"
9.2,17.6,22.6,9,9,38.8,1309.62,"0"
9.2,17.6,22.6,9,9,38.8,1309.62,"0"
9.2,17.6,22.6,9,9,38.8,1309.62,"0"
9.2,17.6,22.6,14,9,38.8,1471.12,"1"
9.2,17.6,22.6,14,9,38.8,1471.12,"1"
9.2,17.6,22.6,14,9,38.8,1471.12,"1"
9.2,17.6,22.6,19,9,38.8,1632.62,"1"
9.2,17.6,22.6,14,9,38.8,1471.12,"1"
9.2,17.6,22.6,19,14,38.8,1796.62,"1"
9.2,17.6,22.6,14,14,38.8,1635.12,"1"
9.2,17.6,22.6,9,14,38.8,1473.62,"1"
9.2,17.6,22.6,9,14,38.8,1473.62,"1"
9.2,17.6,22.6,14,14,38.8,1635.12,"1"
9.2,17.6,22.6,9,14,38.8,1473.62,"1"
9.2,17.6,22.6,9,14,38.8,1473.62,"1"
9.2,17.6,22.6,9,14,38.8,1473.62,"1"
9.2,17.6,22.6,9,14,38.8,1473.62,"1"
9.2,17.6,22.6,4,14,38.8,1312.12,"0"
9.2,17.6,22.6,9,14,38.8,1473.62,"1"
9.2,17.6,22.6,9,14,38.8,1473.62,"1"
9.2,17.6,22.6,9,14,38.8,1473.62,"1"
9.2,17.6,22.6,9,14,38.8,1473.62,"1"
9.2,17.6,22.6,14,14,38.8,1635.12,"1"
9.2,17.6,22.6,14,14,38.8,1635.12,"1"
9.2,17.6,22.6,14,14,38.8,1635.12,"1"
9.2,17.6,22.6,14,14,38.8,1635.12,"1"
9.2,17.6,22.6,14,14,38.8,1635.12,"1"
9.2,17.6,22.6,29,9,38.8,1955.62,"1"
9.2,17.6,22.6,29,4,38.8,1791.62,"1"
9.2,17.6,22.6,29,4,38.8,1791.62,"1"
9.2,17.6,22.6,19,9,38.8,1632.62,"1"
9.2,17.6,22.6,19,9,38.8,1632.62,"1"
9.2,17.6,22.6,14,9,38.8,1471.12,"1"
9.2,17.6,22.6,14,9,38.8,1471.12,"1"
9.2,17.6,22.6,19,9,38.8,1632.62,"1"
9.2,17.6,22.6,29,9,38.8,1955.62,"1"
9.2,17.6,22.6,19,9,38.8,1632.62,"1"
9.2,17.6,22.6,19,9,38.8,1632.62,"1"
9.2,17.6,22.6,24,9,38.8,1794.12,"1"
9.2,17.6,22.6,24,9,38.8,1794.12,"1"
9.2,17.6,22.6,24,4,38.8,1630.12,"1"
9.2,17.6,22.6,19,4,38.8,1468.62,"1"
9.2,17.6,22.6,19,4,38.8,1468.62,"1"
9.2,17.6,22.6,24,4,38.8,1630.12,"1"
9.2,17.6,22.6,19,4,38.8,1468.62,"1"
9.2,17.6,22.6,19,4,38.8,1468.62,"1"
9.2,17.6,22.6,19,4,38.8,1468.62,"1"
9.2,17.6,22.6,24,4,38.8,1630.12,"1"
9.2,17.6,22.6,19,4,38.8,1468.62,"1"
9.2,17.6,22.6,24,4,38.8,1630.12,"1"
9.2,17.6,22.6,19,4,38.8,1468.62,"1"
9.2,17.6,22.6,19,4,38.8,1468.62,"1"
9.2,17.6,22.6,24,4,38.8,1630.12,"1"
9.2,17.6,22.6,24,4,38.8,1630.12,"1"
9.2,17.6,22.6,24,4,38.8,1630.12,"1"
9.2,17.6,22.6,24,4,38.8,1630.12,"1"
9.2,17.6,22.6,24,4,38.8,1630.12,"1"
9.2,17.6,22.6,24,4,38.8,1630.12,"1"
9.2,17.6,22.6,24,4,38.8,1630.12,"1"
9.2,17.6,22.6,24,4,38.8,1630.12,"1"
9.2,17.6,22.6,24,4,38.8,1630.12,"1"
9.2,17.6,22.6,19,4,38.8,1468.62,"1"
9.2,17.6,22.6,19,4,38.8,1468.62,"1"
9.2,17.6,22.6,19,4,38.8,1468.62,"1"
9.2,17.6,22.6,14,4,38.8,1307.12,"0"
9.2,17.6,22.6,19,4,38.8,1468.62,"1"
9.2,17.6,22.6,19,4,38.8,1468.62,"1"
9.2,17.6,22.6,19,4,38.8,1468.62,"1"
9.2,17.6,22.6,19,4,38.8,1468.62,"1"
9.2,17.6,22.6,24,4,38.8,1630.12,"1"
9.2,17.6,22.6,24,14,38.8,1958.12,"1"
9.2,17.6,22.6,29,14,38.8,2119.62,"1"
9.2,17.6,22.6,29,14,38.8,2119.62,"1"
9.2,17.6,22.6,29,14,38.8,2119.62,"1"
9.2,17.6,22.6,19,14,38.8,1796.62,"1"
9.2,17.6,22.6,19,14,38.8,1796.62,"1"
9.2,17.6,22.6,19,4,38.8,1468.62,"1"
9.2,17.6,22.6,24,4,38.8,1630.12,"1"
9.2,17.6,22.6,19,4,38.8,1468.62,"1"
9.2,17.6,22.6,19,4,38.8,1468.62,"1"
9.2,17.6,22.6,19,4,38.8,1468.62,"1"
9.2,17.6,22.6,19,4,38.8,1468.62,"1"
9.2,17.6,22.6,19,4,38.8,1468.62,"1"
9.2,17.6,22.6,19,4,38.8,1468.62,"1"
9.2,17.6,22.6,19,4,38.8,1468.62,"1"
9.2,17.6,22.6,19,4,38.8,1468.62,"1"
9.2,17.6,22.6,24,4,38.8,1630.12,"1"
9.2,17.6,22.6,24,4,38.8,1630.12,"1"
9.2,17.6,22.6,24,4,38.8,1630.12,"1"
9.2,17.6,22.6,24,4,38.8,1630.12,"1"
9.2,17.6,22.6,29,4,38.8,1791.62,"1"
9.2,17.6,22.6,29,4,38.8,1791.62,"1"
9.2,17.6,22.6,24,4,38.8,1630.12,"1"
9.2,17.6,22.6,19,4,38.8,1468.62,"1"
9.2,17.6,22.6,19,4,38.8,1468.62,"1"
9.2,17.6,22.6,19,4,38.8,1468.62,"1"
9.2,17.6,22.6,19,4,38.8,1468.62,"1"
9.2,17.6,22.6,19,4,38.8,1468.62,"1"
9.2,17.6,22.6,19,4,38.8,1468.62,"1"
9.2,17.6,22.6,19,4,38.8,1468.62,"1"
9.2,17.6,22.6,19,4,38.8,1468.62,"1"
9.2,17.6,22.6,19,4,38.8,1468.62,"1"
9.2,17.6,22.6,19,4,38.8,1468.62,"1"
9.2,17.6,22.6,19,4,38.8,1468.62,"1"
9.2,17.6,22.6,14,4,38.8,1307.12,"0"
9.2,17.6,22.6,14,4,38.8,1307.12,"0"
9.2,17.6,22.6,19,4,38.8,1468.62,"1"
9.2,17.6,22.6,19,4,38.8,1468.62,"1"
9.2,17.6,22.6,19,4,38.8,1468.62,"1"
9.2,17.6,22.6,19,4,38.8,1468.62,"1"
9.2,17.6,22.6,19,4,38.8,1468.62,"1"
9.2,17.6,22.6,19,4,38.8,1468.62,"1"
9.2,17.6,22.6,14,4,38.8,1307.12,"0"
9.2,17.6,22.6,14,4,38.8,1307.12,"0"
9.2,17.6,22.6,19,4,38.8,1468.62,"1"
9.2,17.6,22.6,19,4,38.8,1468.62,"1"
9.2,17.6,22.6,19,4,38.8,1468.62,"1"
9.2,17.6,22.6,19,4,38.8,1468.62,"1"
9.2,17.6,22.6,19,9,38.8,1632.62,"1"
9.2,17.6,22.6,19,4,38.8,1468.62,"1"
9.2,17.6,22.6,19,9,38.8,1632.62,"1"
9.2,17.6,22.6,19,9,38.8,1632.62,"1"
9.2,17.6,22.6,19,9,38.8,1632.62,"1"
9.2,17.6,22.6,19,9,38.8,1632.62,"1"
9.2,17.6,22.6,19,9,38.8,1632.62,"1"
9.2,17.6,22.6,19,9,38.8,1632.62,"1"
9.2,17.6,22.6,19,9,38.8,1632.62,"1"
9.2,17.6,22.6,24,9,38.8,1794.12,"1"
9.2,17.6,22.6,19,9,38.8,1632.62,"1"
9.2,17.6,22.6,19,9,38.8,1632.62,"1"
9.2,17.6,22.6,19,9,38.8,1632.62,"1"
9.2,17.6,22.6,24,9,38.8,1794.12,"1"
9.2,17.6,22.6,24,9,38.8,1794.12,"1"
9.2,17.6,22.6,19,9,38.8,1632.62,"1"
9.2,17.6,22.6,19,9,38.8,1632.62,"1"
9.2,17.6,22.6,14,9,38.8,1471.12,"1"
9.2,17.6,22.6,14,9,38.8,1471.12,"1"
9.2,17.6,22.6,14,9,38.8,1471.12,"1"
9.2,17.6,22.6,14,9,38.8,1471.12,"1"
9.2,17.6,22.6,14,9,38.8,1471.12,"1"
9.2,17.6,22.6,14,9,38.8,1471.12,"1"
9.2,17.6,22.6,19,9,38.8,1632.62,"1"
9.2,17.6,22.6,14,9,38.8,1471.12,"1"
9.2,17.6,22.6,14,9,38.8,1471.12,"1"
9.2,17.6,22.6,14,9,38.8,1471.12,"1"
9.2,17.6,22.6,24,4,38.8,1630.12,"1"
9.2,17.6,22.6,19,4,38.8,1468.62,"1"
9.2,17.6,22.6,24,4,38.8,1630.12,"1"
9.2,17.6,22.6,19,4,38.8,1468.62,"1"
9.2,17.6,22.6,19,4,38.8,1468.62,"1"
9.2,17.6,22.6,19,9,38.8,1632.62,"1"
9.2,17.6,22.6,19,9,38.8,1632.62,"1"
9.2,17.6,22.6,19,9,38.8,1632.62,"1"
9.2,17.6,22.6,19,4,38.8,1468.62,"1"
9.2,17.6,22.6,19,4,38.8,1468.62,"1"
9.2,17.6,22.6,19,4,38.8,1468.62,"1"
9.2,17.6,22.6,19,4,38.8,1468.62,"1"
9.2,17.6,22.6,29,9,38.8,1955.62,"1"
9.2,17.6,22.6,29,9,38.8,1955.62,"1"
9.2,17.6,22.6,29,9,38.8,1955.62,"1"
9.2,17.6,22.6,29,9,38.8,1955.62,"1"
9.2,17.6,22.6,19,4,38.8,1468.62,"1"
9.2,17.6,22.6,19,4,38.8,1468.62,"1"
9.2,17.6,22.6,19,4,38.8,1468.62,"1"
9.2,17.6,22.6,19,4,38.8,1468.62,"1"
9.2,17.6,22.6,14,4,38.8,1307.12,"0"
9.2,17.6,22.6,14,4,38.8,1307.12,"0"
9.2,17.6,22.6,14,4,38.8,1307.12,"0"
9.2,17.6,22.6,14,4,38.8,1307.12,"0"
9.2,17.6,22.6,14,4,38.8,1307.12,"0"
9.2,17.6,22.6,24,4,38.8,1630.12,"1"
9.2,17.6,22.6,24,4,38.8,1630.12,"1"
9.2,17.6,22.6,24,4,38.8,1630.12,"1"
9.2,17.6,22.6,24,4,38.8,1630.12,"1"
9.2,17.6,22.6,24,4,38.8,1630.12,"1"
9.2,17.6,22.6,19,4,38.8,1468.62,"1"
9.2,17.6,22.6,19,4,38.8,1468.62,"1"
9.2,17.6,22.6,14,4,38.8,1307.12,"0"
9.2,17.6,22.6,14,4,38.8,1307.12,"0"
9.2,17.6,22.6,14,4,38.8,1307.12,"0"
9.2,17.6,22.6,14,4,38.8,1307.12,"0"
9.2,17.6,22.6,14,4,38.8,1307.12,"0"
9.2,17.6,22.6,14,4,38.8,1307.12,"0"
9.2,17.6,22.6,14,4,38.8,1307.12,"0"
9.2,17.6,22.6,14,4,38.8,1307.12,"0"
9.2,17.6,22.6,14,4,38.8,1307.12,"0"
9.2,17.6,22.6,19,4,38.8,1468.62,"1"
9.2,17.6,22.6,19,4,38.8,1468.62,"1"
9.2,17.6,22.6,19,4,38.8,1468.62,"1"
9.2,17.6,22.6,19,4,38.8,1468.62,"1"
9.2,17.6,22.6,24,4,38.8,1630.12,"1"
9.2,17.6,22.6,24,4,38.8,1630.12,"1"
9.2,17.6,22.6,24,4,38.8,1630.12,"1"
9.2,17.6,22.6,24,4,38.8,1630.12,"1"
9.2,17.6,22.6,24,4,38.8,1630.12,"1"
9.2,17.6,22.6,24,4,38.8,1630.12,"1"
9.2,17.6,22.6,29,4,38.8,1791.62,"1"
9.2,17.6,22.6,24,4,38.8,1630.12,"1"
9.2,17.6,22.6,19,4,38.8,1468.62,"1"
9.2,17.6,22.6,24,4,38.8,1630.12,"1"
9.2,17.6,22.6,24,4,38.8,1630.12,"1"
9.2,17.6,22.6,24,4,38.8,1630.12,"1"
9.2,17.6,22.6,14,4,38.8,1307.12,"0"
9.2,17.6,22.6,14,4,38.8,1307.12,"0"
9.2,17.6,22.6,24,4,38.8,1630.12,"1"
9.2,17.6,22.6,24,4,38.8,1630.12,"1"
9.2,17.6,22.6,29,4,38.8,1791.62,"1"
9.2,17.6,22.6,29,9,38.8,1955.62,"1"
9.2,17.6,22.6,24,9,38.8,1794.12,"1"
9.2,17.6,22.6,24,9,38.8,1794.12,"1"
9.2,17.6,22.6,29,9,38.8,1955.62,"1"
9.2,17.6,22.6,24,9,38.8,1794.12,"1"
9.2,17.6,22.6,29,4,38.8,1791.62,"1"
9.2,17.6,22.6,29,4,38.8,1791.62,"1"
9.2,17.6,22.6,24,9,38.8,1794.12,"1"
9.2,17.6,22.6,19,9,38.8,1632.62,"1"
9.2,17.6,22.6,19,9,38.8,1632.62,"1"
9.2,17.6,22.6,24,9,38.8,1794.12,"1"
9.2,17.6,22.6,29,9,38.8,1955.62,"1"
9.2,17.6,22.6,24,9,38.8,1794.12,"1"
9.2,17.6,22.6,24,9,38.8,1794.12,"1"
9.2,17.6,22.6,24,9,38.8,1794.12,"1"
9.2,17.6,22.6,29,9,38.8,1955.62,"1"
9.2,17.6,22.6,24,9,38.8,1794.12,"1"
9.2,17.6,22.6,24,9,38.8,1794.12,"1"
9.2,17.6,22.6,29,9,38.8,1955.62,"1"
9.2,17.6,22.6,29,9,38.8,1955.62,"1"
9.2,17.6,22.6,24,9,38.8,1794.12,"1"
9.2,17.6,22.6,24,9,38.8,1794.12,"1"
9.2,17.6,22.6,24,9,38.8,1794.12,"1"
9.2,17.6,22.6,29,9,38.8,1955.62,"1"
9.2,17.6,22.6,14,4,38.8,1307.12,"0"
9.2,17.6,22.6,19,4,38.8,1468.62,"1"
9.2,17.6,22.6,19,4,38.8,1468.62,"1"
9.2,17.6,22.6,24,4,38.8,1630.12,"1"
9.2,17.6,22.6,19,4,38.8,1468.62,"1"
9.2,17.6,22.6,19,4,38.8,1468.62,"1"
9.2,17.6,22.6,19,4,38.8,1468.62,"1"
9.2,17.6,22.6,19,4,38.8,1468.62,"1"
9.2,17.6,22.6,14,4,38.8,1307.12,"0"
9.2,17.6,22.6,14,9,38.8,1471.12,"1"
9.2,17.6,22.6,14,4,38.8,1307.12,"0"
9.2,17.6,22.6,14,9,38.8,1471.12,"1"
9.2,17.6,22.6,4,24,38.8,1640.12,"1"
9.2,17.6,22.6,9,24,38.8,1801.62,"1"
9.2,17.6,22.6,9,24,38.8,1801.62,"1"
9.2,17.6,22.6,4,24,38.8,1640.12,"1"
9.2,17.6,22.6,9,4,38.8,1145.62,"0"
9.2,17.6,22.6,9,4,38.8,1145.62,"0"
9.2,17.6,22.6,14,4,38.8,1307.12,"0"
9.2,17.6,22.6,14,4,38.8,1307.12,"0"
9.2,17.6,22.6,19,9,38.8,1632.62,"1"
9.2,17.6,22.6,24,9,38.8,1794.12,"1"
9.2,17.6,22.6,14,24,38.8,1963.12,"1"
9.2,17.6,22.6,9,24,38.8,1801.62,"1"
9.2,17.6,22.6,9,24,38.8,1801.62,"1"
9.2,17.6,22.6,14,24,38.8,1963.12,"1"
9.2,17.6,22.6,9,24,38.8,1801.62,"1"
9.2,17.6,22.6,9,14,38.8,1473.62,"1"
9.2,17.6,22.6,14,14,11.9,1487.17,"1"
9.2,17.6,22.6,4,14,11.9,1164.17,"0"
9.2,17.6,22.6,4,14,11.9,1164.17,"0"
9.2,17.6,22.6,9,14,11.9,1325.67,"0"
9.2,17.6,22.6,9,14,11.9,1325.67,"0"
9.2,17.6,22.6,9,14,11.9,1325.67,"0"
9.2,17.6,22.6,9,14,11.9,1325.67,"0"
9.2,17.6,22.6,9,14,11.9,1325.67,"0"
9.2,17.6,22.6,9,14,11.9,1325.67,"0"
9.2,17.6,22.6,9,14,11.9,1325.67,"0"
9.2,17.6,22.6,9,14,11.9,1325.67,"0"
9.2,17.6,22.6,14,14,11.9,1487.17,"1"
9.2,17.6,22.6,9,14,11.9,1325.67,"0"
9.2,17.6,22.6,9,14,11.9,1325.67,"0"
9.2,17.6,22.6,9,14,11.9,1325.67,"0"
9.2,17.6,22.6,9,14,11.9,1325.67,"0"
9.2,17.6,22.6,9,14,11.9,1325.67,"0"
9.2,17.6,22.6,9,14,11.9,1325.67,"0"
9.2,17.6,22.6,9,14,11.9,1325.67,"0"
9.2,17.6,22.6,9,14,11.9,1325.67,"0"
9.2,17.6,22.6,4,14,11.9,1164.17,"0"
9.2,17.6,22.6,4,14,11.9,1164.17,"0"
9.2,17.6,22.6,4,14,11.9,1164.17,"0"
9.2,17.6,22.6,9,14,11.9,1325.67,"0"
9.2,17.6,22.6,9,14,11.9,1325.67,"0"
9.2,17.6,22.6,4,14,11.9,1164.17,"0"
9.2,17.6,22.6,4,14,11.9,1164.17,"0"
9.2,17.6,22.6,4,14,11.9,1164.17,"0"
9.2,17.6,22.6,4,14,11.9,1164.17,"0"
9.2,17.6,22.6,4,14,11.9,1164.17,"0"
9.2,17.6,22.6,9,14,11.9,1325.67,"0"
9.2,17.6,22.6,9,14,11.9,1325.67,"0"
9.2,17.6,22.6,9,14,11.9,1325.67,"0"
9.2,17.6,22.6,14,9,38.8,1471.12,"1"
9.2,17.6,22.6,24,14,38.8,1958.12,"1"
9.2,17.6,22.6,29,14,38.8,2119.62,"1"
9.2,17.6,22.6,29,14,38.8,2119.62,"1"
9.2,17.6,22.6,29,14,38.8,2119.62,"1"
9.2,17.6,22.6,29,14,38.8,2119.62,"1"
9.2,17.6,22.6,29,14,38.8,2119.62,"1"
9.2,17.6,22.6,24,9,38.8,1794.12,"1"
9.2,17.6,22.6,29,9,38.8,1955.62,"1"
9.2,17.6,22.6,24,9,38.8,1794.12,"1"
9.2,17.6,22.6,29,9,38.8,1955.62,"1"
9.2,17.6,22.6,29,9,38.8,1955.62,"1"
9.2,17.6,22.6,29,9,38.8,1955.62,"1"
9.2,17.6,22.6,29,9,38.8,1955.62,"1"
9.2,17.6,22.6,29,9,38.8,1955.62,"1"
9.2,17.6,22.6,19,9,38.8,1632.62,"1"
9.2,17.6,22.6,19,9,38.8,1632.62,"1"
9.2,17.6,22.6,14,9,38.8,1471.12,"1"
9.2,17.6,22.6,14,9,38.8,1471.12,"1"
9.2,17.6,22.6,4,4,12.8,841.12,"0"
9.2,17.6,22.6,4,4,12.8,841.12,"0"
9.2,17.6,22.6,4,4,12.8,841.12,"0"
9.2,17.6,22.6,4,4,12.8,841.12,"0"
9.2,17.6,22.6,9,4,4.2,955.32,"0"
9.2,17.6,22.6,9,4,4.2,955.32,"0"
9.2,17.6,22.6,9,4,4.2,955.32,"0"
9.2,17.6,22.6,9,4,4.2,955.32,"0"
9.2,17.6,22.6,9,4,4.2,955.32,"0"
9.2,17.6,22.6,9,4,4.2,955.32,"0"
9.2,17.6,22.6,9,4,4.2,955.32,"0"
9.2,17.6,22.6,9,9,4.2,1119.32,"0"
9.2,17.6,22.6,9,9,4.2,1119.32,"0"
9.2,17.6,22.6,9,9,4.2,1119.32,"0"
9.2,17.6,22.6,9,9,4.2,1119.32,"0"
9.2,17.6,22.6,9,9,4.2,1119.32,"0"
9.2,17.6,22.6,9,9,4.2,1119.32,"0"
9.2,17.6,22.6,9,9,4.2,1119.32,"0"
9.2,17.6,22.6,9,9,4.2,1119.32,"0"
9.2,17.6,22.6,24,4,12.8,1487.12,"1"
9.2,17.6,22.6,14,4,12.8,1164.12,"0"
9.2,17.6,22.6,9,9,12.8,1166.62,"0"
9.2,17.6,22.6,19,9,12.8,1489.62,"1"
9.2,17.6,22.6,19,4,12.8,1325.62,"0"
9.2,17.6,22.6,14,4,12.8,1164.12,"0"
9.2,17.6,22.6,14,4,12.8,1164.12,"0"
9.2,17.6,22.6,14,9,12.8,1328.12,"0"
9.2,17.6,22.6,19,4,12.8,1325.62,"0"
9.2,17.6,22.6,19,4,12.8,1325.62,"0"
9.2,17.6,22.6,19,19,12.8,1817.62,"1"
9.2,17.6,22.6,14,4,12.8,1164.12,"0"
9.2,17.6,22.6,14,4,12.8,1164.12,"0"
9.2,17.6,22.6,14,4,12.8,1164.12,"0"
9.2,17.6,22.6,19,14,4.2,1606.32,"1"
9.2,17.6,22.6,19,14,4.2,1606.32,"1"
9.2,17.6,22.6,24,14,4.2,1767.82,"1"
9.2,17.6,22.6,19,4,4.2,1278.32,"0"
9.2,17.6,22.6,19,14,4.2,1606.32,"1"
9.2,17.6,22.6,29,4,4.2,1601.32,"1"
9.2,17.6,22.6,24,4,4.2,1439.82,"0"
9.2,17.6,22.6,14,14,4.2,1444.82,"0"
9.2,17.6,22.6,19,14,4.2,1606.32,"1"
9.2,17.6,22.6,24,14,4.2,1767.82,"1"
9.2,17.6,22.6,24,14,4.2,1767.82,"1"
9.2,17.6,22.6,24,14,4.2,1767.82,"1"
9.2,17.6,22.6,19,14,4.2,1606.32,"1"
19.7,20,69.1,9,14,15.8,1761.09,"1"
19.7,20,69.1,19,14,15.8,2121.09,"1"
19.7,20,69.1,14,9,8.3,1710.34,"1"
19.7,20,69.1,9,9,8.3,1530.34,"1"
19.7,20,69.1,9,9,8.3,1530.34,"1"
19.7,20,69.1,14,9,8.3,1710.34,"1"
19.7,20,69.1,24,9,8.3,2070.34,"1"
19.7,20,69.1,24,9,8.3,2070.34,"1"
19.7,20,69.1,24,4,8.3,1883.84,"1"
19.7,20,69.1,19,4,8.3,1703.84,"1"
19.7,20,69.1,19,4,8.3,1703.84,"1"
19.7,20,69.1,19,4,8.3,1703.84,"1"
19.7,20,69.1,19,4,8.3,1703.84,"1"
19.7,20,69.1,19,4,8.3,1703.84,"1"
19.7,20,69.1,19,4,8.3,1703.84,"1"
19.7,20,69.1,19,4,8.3,1703.84,"1"
19.7,20,69.1,14,4,8.3,1523.84,"1"
19.7,20,69.1,14,4,8.3,1523.84,"1"
19.7,20,69.1,9,4,8.3,1343.84,"0"
19.7,20,69.1,14,4,8.3,1523.84,"1"
19.7,20,69.1,14,4,8.3,1523.84,"1"
19.7,20,69.1,14,4,8.3,1523.84,"1"
19.7,20,69.1,14,4,8.3,1523.84,"1"
19.7,20,69.1,14,4,8.3,1523.84,"1"
19.7,20,69.1,9,4,8.3,1343.84,"0"
19.7,20,69.1,9,4,8.3,1343.84,"0"
19.7,20,69.1,9,4,8.3,1343.84,"0"
19.7,20,69.1,9,4,8.3,1343.84,"0"
19.7,20,69.1,9,9,8.3,1530.34,"1"
19.7,20,69.1,14,4,8.3,1523.84,"1"
19.7,20,69.1,9,4,8.3,1343.84,"0"
19.7,20,69.1,9,4,8.3,1343.84,"0"
19.7,20,69.1,9,4,8.3,1343.84,"0"
19.7,20,69.1,9,4,8.3,1343.84,"0"
19.7,20,69.1,14,4,8.3,1523.84,"1"
19.7,20,69.1,14,14,38.9,2077.38,"1"
19.7,20,69.1,9,14,38.9,1897.38,"1"
19.7,20,69.1,19,14,38.9,2257.38,"1"
19.7,20,69.1,4,9,38.9,1530.88,"1"
19.7,20,69.1,9,4,38.9,1524.38,"1"
19.7,20,69.1,4,4,38.9,1344.38,"0"
19.7,20,69.1,9,9,38.9,1710.88,"1"
19.7,20,69.1,9,9,38.9,1710.88,"1"
19.7,20,69.1,9,9,38.9,1710.88,"1"
19.7,20,69.1,9,9,38.9,1710.88,"1"
19.7,20,69.1,9,9,38.9,1710.88,"1"
19.7,20,69.1,9,9,38.9,1710.88,"1"
19.7,20,69.1,4,9,38.9,1530.88,"1"
19.7,20,69.1,4,9,38.9,1530.88,"1"
19.7,20,69.1,4,9,38.9,1530.88,"1"
19.7,20,69.1,9,4,38.9,1524.38,"1"
19.7,20,69.1,9,4,38.9,1524.38,"1"
19.7,20,69.1,19,4,38.9,1884.38,"1"
19.7,20,69.1,9,4,38.9,1524.38,"1"
19.7,20,69.1,9,4,38.9,1524.38,"1"
19.7,20,69.1,9,4,38.9,1524.38,"1"
19.7,20,69.1,14,4,38.9,1704.38,"1"
19.7,20,69.1,9,4,38.9,1524.38,"1"
19.7,20,69.1,9,4,38.9,1524.38,"1"
19.7,20,69.1,14,14,38.9,2077.38,"1"
19.7,20,69.1,19,14,38.9,2257.38,"1"
19.7,20,69.1,14,14,38.9,2077.38,"1"
19.7,20,69.1,14,14,38.9,2077.38,"1"
19.7,20,69.1,19,4,38.9,1884.38,"1"
19.7,20,69.1,24,4,38.9,2064.38,"1"
19.7,20,69.1,24,4,38.9,2064.38,"1"
19.7,20,69.1,24,4,38.9,2064.38,"1"
19.7,20,69.1,24,4,38.9,2064.38,"1"
19.7,20,69.1,24,4,38.9,2064.38,"1"
19.7,20,69.1,24,4,38.9,2064.38,"1"
19.7,20,69.1,19,4,38.9,1884.38,"1"
19.7,20,69.1,19,4,38.9,1884.38,"1"
19.7,20,69.1,19,4,38.9,1884.38,"1"
19.7,20,69.1,19,4,38.9,1884.38,"1"
19.7,20,69.1,19,4,38.9,1884.38,"1"
19.7,20,69.1,19,4,38.9,1884.38,"1"
19.7,20,69.1,19,4,38.9,1884.38,"1"
19.7,20,69.1,19,4,38.9,1884.38,"1"
19.7,20,69.1,24,4,38.9,2064.38,"1"
19.7,20,69.1,24,4,38.9,2064.38,"1"
19.7,20,69.1,9,19,38.1,2095.62,"1"
19.7,20,69.1,9,19,11.8,1923.99,"1"
19.7,20,69.1,9,19,11.8,1923.99,"1"
19.7,20,69.1,4,14,11.8,1557.49,"1"
19.7,20,69.1,4,14,11.8,1557.49,"1"
19.7,20,69.1,4,14,11.8,1557.49,"1"
19.7,20,69.1,4,14,11.8,1557.49,"1"
19.7,20,69.1,4,14,11.8,1557.49,"1"
19.7,20,69.1,4,4,11.8,1184.49,"0"
19.7,20,69.1,4,4,11.8,1184.49,"0"
19.7,20,69.1,4,4,11.8,1184.49,"0"
19.7,20,69.1,4,4,11.8,1184.49,"0"
19.7,20,69.1,4,4,11.8,1184.49,"0"
19.7,20,69.1,9,4,11.8,1364.49,"0"
19.7,20,69.1,9,4,11.8,1364.49,"0"
19.7,20,69.1,9,4,11.8,1364.49,"0"
19.7,20,69.1,9,4,11.8,1364.49,"0"
19.7,20,69.1,9,4,11.8,1364.49,"0"
19.7,20,69.1,24,4,11.8,1904.49,"1"
19.7,20,69.1,14,4,11.8,1544.49,"1"
19.7,20,69.1,14,4,11.8,1544.49,"1"
19.7,20,69.1,14,4,11.8,1544.49,"1"
19.7,20,69.1,14,4,11.8,1544.49,"1"
19.7,20,69.1,14,4,11.8,1544.49,"1"
19.7,20,69.1,14,4,11.8,1544.49,"1"
19.7,20,69.1,19,4,11.8,1724.49,"1"
19.7,20,69.1,19,4,11.8,1724.49,"1"
19.7,20,69.1,19,4,11.8,1724.49,"1"
19.7,20,69.1,19,4,11.8,1724.49,"1"
19.7,20,69.1,24,4,11.8,1904.49,"1"
19.7,20,69.1,24,4,11.8,1904.49,"1"
19.7,20,69.1,19,4,11.8,1724.49,"1"
19.7,20,69.1,24,4,11.8,1904.49,"1"
19.7,20,69.1,19,4,11.8,1724.49,"1"
19.7,20,69.1,19,4,11.8,1724.49,"1"
19.7,20,69.1,24,4,11.8,1904.49,"1"
19.7,20,69.1,24,4,11.8,1904.49,"1"
19.7,20,69.1,4,19,11.8,1743.99,"1"
19.7,20,69.1,19,19,11.8,2283.99,"1"
19.7,20,69.1,14,19,11.8,2103.99,"1"
19.7,20,69.1,9,19,11.8,1923.99,"1"
19.7,20,69.1,9,19,11.8,1923.99,"1"
19.7,20,69.1,4,19,11.8,1743.99,"1"
19.7,20,69.1,4,19,11.8,1743.99,"1"
19.7,20,69.1,4,19,11.8,1743.99,"1"
19.7,20,69.1,4,19,11.8,1743.99,"1"
19.7,20,69.1,4,19,11.8,1743.99,"1"
19.7,20,69.1,4,19,11.8,1743.99,"1"
19.7,20,69.1,4,19,11.8,1743.99,"1"
19.7,20,69.1,4,4,11.8,1184.49,"0"
19.7,20,69.1,4,19,11.8,1743.99,"1"
19.7,20,69.1,4,4,11.8,1184.49,"0"
19.7,20,69.1,4,4,11.8,1184.49,"0"
19.7,20,69.1,4,4,11.8,1184.49,"0"
19.7,20,69.1,4,4,11.8,1184.49,"0"
19.7,20,69.1,4,4,11.8,1184.49,"0"
19.7,20,69.1,4,4,11.8,1184.49,"0"
19.7,20,69.1,4,4,4,1138.47,"0"
19.7,20,69.1,4,4,11.8,1184.49,"0"
19.7,20,69.1,4,4,11.8,1184.49,"0"
19.7,20,69.1,4,4,11.8,1184.49,"0"
19.7,20,69.1,4,4,11.8,1184.49,"0"
19.7,20,69.1,4,4,11.8,1184.49,"0"
19.7,20,69.1,4,4,11.8,1184.49,"0"
19.7,20,69.1,4,4,11.8,1184.49,"0"
19.7,20,69.1,4,4,11.8,1184.49,"0"
19.7,20,69.1,9,4,11.8,1364.49,"0"
19.7,20,69.1,9,4,11.8,1364.49,"0"
19.7,20,69.1,4,4,11.8,1184.49,"0"
19.7,20,69.1,4,4,11.8,1184.49,"0"
19.7,20,69.1,4,4,11.8,1184.49,"0"
19.7,20,69.1,4,4,11.8,1184.49,"0"
19.7,20,69.1,4,4,11.8,1184.49,"0"
19.7,20,69.1,24,4,11.8,1904.49,"1"
19.7,20,69.1,4,4,11.8,1184.49,"0"
19.7,20,69.1,9,4,11.8,1364.49,"0"
19.7,20,69.1,14,4,11.8,1544.49,"1"
19.7,20,69.1,14,4,11.8,1544.49,"1"
19.7,20,69.1,19,4,11.8,1724.49,"1"
19.7,20,69.1,19,4,11.8,1724.49,"1"
19.7,20,69.1,24,4,11.8,1904.49,"1"
19.7,20,69.1,19,4,11.8,1724.49,"1"
19.7,20,69.1,14,4,11.8,1544.49,"1"
19.7,20,69.1,19,4,11.8,1724.49,"1"
19.7,20,69.1,4,9,11.8,1529.04,"1"
19.7,20,69.1,4,4,11.8,1184.49,"0"
19.7,20,69.1,4,4,11.8,1184.49,"0"
19.7,20,69.1,4,4,11.8,1184.49,"0"
19.7,20,69.1,4,4,11.8,1184.49,"0"
19.7,20,69.1,4,4,11.8,1184.49,"0"
19.7,20,69.1,4,4,11.8,1184.49,"0"
19.7,20,69.1,4,4,11.8,1184.49,"0"
19.7,20,69.1,4,4,11.8,1184.49,"0"
19.7,20,69.1,19,4,11.8,1724.49,"1"
19.7,20,69.1,24,4,11.8,1904.49,"1"
19.7,20,69.1,24,4,11.8,1904.49,"1"
19.7,20,69.1,24,4,11.8,1904.49,"1"
19.7,20,69.1,24,4,11.8,1904.49,"1"
19.7,20,69.1,19,4,11.8,1724.49,"1"
19.7,20,69.1,19,4,11.8,1724.49,"1"
19.7,20,69.1,19,4,11.8,1724.49,"1"
19.7,20,69.1,24,4,11.8,1904.49,"1"
19.7,20,69.1,19,4,11.8,1724.49,"1"
19.7,20,69.1,14,4,11.8,1544.49,"1"
19.7,20,69.1,24,4,11.8,1904.49,"1"
19.7,20,69.1,19,4,11.8,1724.49,"1"
19.7,20,69.1,19,4,11.8,1724.49,"1"
19.7,20,69.1,24,4,11.8,1904.49,"1"
19.7,20,69.1,24,4,11.8,1904.49,"1"
19.7,20,69.1,19,4,11.8,1724.49,"1"
19.7,20,69.1,24,4,11.8,1904.49,"1"
19.7,20,69.1,24,4,11.8,1904.49,"1"
19.7,20,69.1,19,4,11.8,1724.49,"1"
19.7,20,69.1,14,4,11.8,1544.49,"1"
19.7,20,69.1,14,4,11.8,1544.49,"1"
19.7,20,69.1,9,4,11.8,1364.49,"0"
19.7,20,69.1,9,4,11.8,1364.49,"0"
19.7,20,69.1,9,4,11.8,1364.49,"0"
19.7,20,69.1,4,4,11.8,1184.49,"0"
19.7,20,69.1,4,4,11.8,1184.49,"0"
19.7,20,69.1,4,4,11.8,1184.49,"0"
19.7,20,69.1,4,4,11.8,1184.49,"0"
19.7,20,69.1,4,4,11.8,1184.49,"0"
19.7,20,69.1,9,4,11.8,1364.49,"0"
19.7,20,69.1,9,4,11.8,1364.49,"0"
19.7,20,69.1,4,4,11.8,1184.49,"0"
19.7,20,69.1,9,4,11.8,1364.49,"0"
19.7,20,69.1,9,4,4,1318.47,"0"
19.7,20,69.1,9,4,4,1318.47,"0"
19.7,20,69.1,9,4,4,1318.47,"0"
19.7,20,69.1,9,4,4,1318.47,"0"
19.7,20,69.1,9,4,4,1318.47,"0"
19.7,20,69.1,9,4,4,1318.47,"0"
19.7,20,69.1,9,4,4,1318.47,"0"
19.7,20,69.1,9,4,4,1318.47,"0"
19.7,20,69.1,9,4,4,1318.47,"0"
19.7,20,69.1,9,4,4,1318.47,"0"
19.7,20,69.1,9,4,4,1318.47,"0"
19.7,20,69.1,9,4,4,1318.47,"0"
19.7,20,69.1,9,4,4,1318.47,"0"
19.7,20,69.1,9,4,4,1318.47,"0"
19.7,20,69.1,9,4,4,1318.47,"0"
19.7,20,69.1,14,4,4,1498.47,"1"
19.7,20,69.1,9,4,4,1318.47,"0"
19.7,20,69.1,9,4,4,1318.47,"0"
19.7,20,69.1,9,4,4,1318.47,"0"
19.7,20,69.1,9,4,4,1318.47,"0"
19.7,20,69.1,9,4,4,1318.47,"0"
19.7,20,69.1,9,4,4,1318.47,"0"
19.7,20,69.1,9,4,4,1318.47,"0"
19.7,20,69.1,9,4,4,1318.47,"0"
19.7,20,69.1,9,4,4,1318.47,"0"
19.7,20,69.1,9,4,4,1318.47,"0"
19.7,20,69.1,9,4,4,1318.47,"0"
19.7,20,69.1,9,4,4,1318.47,"0"
19.7,20,69.1,9,4,4,1318.47,"0"
19.7,20,69.1,9,4,4,1318.47,"0"
19.7,20,69.1,9,4,4,1318.47,"0"
19.7,20,69.1,9,4,4,1318.47,"0"
19.7,20,69.1,9,4,4,1318.47,"0"
19.7,20,69.1,9,4,4,1318.47,"0"
19.7,20,69.1,9,4,4,1318.47,"0"
19.7,20,69.1,9,4,4,1318.47,"0"
19.7,20,69.1,9,4,4,1318.47,"0"
19.7,20,69.1,9,4,4,1318.47,"0"
19.7,20,69.1,9,4,4,1318.47,"0"
19.7,20,69.1,9,4,4,1318.47,"0"
19.7,20,69.1,9,4,4,1318.47,"0"
19.7,20,69.1,9,4,4,1318.47,"0"
19.7,20,69.1,9,4,4,1318.47,"0"
19.7,20,69.1,9,4,4,1318.47,"0"
19.7,20,69.1,9,4,4,1318.47,"0"
19.7,20,69.1,9,4,4,1318.47,"0"
19.7,20,69.1,9,4,4,1318.47,"0"
19.7,20,69.1,9,4,4,1318.47,"0"
19.7,20,69.1,9,4,4,1318.47,"0"
19.7,20,69.1,9,4,4,1318.47,"0"
19.7,20,69.1,9,4,4,1318.47,"0"
19.7,20,69.1,9,4,4,1318.47,"0"
19.7,20,69.1,9,4,4,1318.47,"0"
19.7,20,69.1,9,4,4,1318.47,"0"
19.7,20,69.1,9,4,4,1318.47,"0"
19.7,20,69.1,9,4,4,1318.47,"0"
19.7,20,69.1,9,4,4,1318.47,"0"
19.7,20,69.1,9,4,4,1318.47,"0"
19.7,20,69.1,9,4,4,1318.47,"0"
19.7,20,69.1,14,4,4,1498.47,"1"
19.7,20,69.1,14,4,4,1498.47,"1"
19.7,20,69.1,9,4,4,1318.47,"0"
19.7,20,69.1,9,4,4,1318.47,"0"
19.7,20,69.1,9,4,4,1318.47,"0"
19.7,20,69.1,9,4,4,1318.47,"0"
19.7,20,69.1,9,4,4,1318.47,"0"
19.7,20,69.1,9,4,4,1318.47,"0"
19.7,20,69.1,9,4,4,1318.47,"0"
19.7,20,69.1,9,4,4,1318.47,"0"
19.7,20,69.1,9,4,4,1318.47,"0"
19.7,20,69.1,9,4,4,1318.47,"0"
19.7,20,69.1,9,4,4,1318.47,"0"
19.7,20,69.1,9,4,4,1318.47,"0"
19.7,20,69.1,9,4,4,1318.47,"0"
19.7,20,69.1,9,4,4,1318.47,"0"
19.7,20,69.1,9,4,4,1318.47,"0"
19.7,20,69.1,9,4,4,1318.47,"0"
19.7,20,69.1,9,4,4,1318.47,"0"
19.7,20,69.1,9,4,4,1318.47,"0"
19.7,20,69.1,9,4,4,1318.47,"0"
19.7,20,69.1,9,4,4,1318.47,"0"
19.7,20,69.1,9,4,4,1318.47,"0"
19.7,20,69.1,9,4,4,1318.47,"0"
19.7,20,69.1,9,4,4,1318.47,"0"
19.7,20,69.1,9,4,4,1318.47,"0"
19.7,20,69.1,9,4,4,1318.47,"0"
19.7,20,69.1,9,4,4,1318.47,"0"
19.7,20,69.1,9,4,4,1318.47,"0"
19.7,20,69.1,9,4,4,1318.47,"0"
19.7,20,69.1,9,4,4,1318.47,"0"
19.7,20,69.1,9,4,4,1318.47,"0"
19.7,20,69.1,9,4,4,1318.47,"0"
19.7,20,69.1,9,4,4,1318.47,"0"
19.7,20,69.1,9,4,4,1318.47,"0"
19.7,20,69.1,9,4,4,1318.47,"0"
19.7,20,69.1,9,4,4,1318.47,"0"
19.7,20,69.1,9,4,4,1318.47,"0"
19.7,20,69.1,9,4,4,1318.47,"0"
19.7,20,69.1,9,4,4,1318.47,"0"
19.7,20,69.1,9,4,4,1318.47,"0"
19.7,20,69.1,9,4,4,1318.47,"0"
19.7,20,69.1,9,4,4,1318.47,"0"
19.7,20,69.1,9,4,4,1318.47,"0"
19.7,20,69.1,9,4,4,1318.47,"0"
19.7,20,69.1,9,4,4,1318.47,"0"
19.7,20,69.1,9,4,4,1318.47,"0"
19.7,20,69.1,9,4,4,1318.47,"0"
19.7,20,69.1,9,4,4,1318.47,"0"
19.7,20,69.1,9,4,4,1318.47,"0"
19.7,20,69.1,9,4,4,1318.47,"0"
19.7,20,69.1,9,4,4,1318.47,"0"
19.7,20,69.1,9,4,4,1318.47,"0"
19.7,20,69.1,9,4,4,1318.47,"0"
19.7,20,69.1,9,4,4,1318.47,"0"
19.7,20,69.1,9,4,4,1318.47,"0"
19.7,20,69.1,9,4,4,1318.47,"0"
19.7,20,69.1,9,4,4,1318.47,"0"
19.7,20,69.1,9,4,4,1318.47,"0"
19.7,20,69.1,9,4,4,1318.47,"0"
19.7,20,69.1,9,4,4,1318.47,"0"
19.7,20,69.1,9,4,4,1318.47,"0"
19.7,20,69.1,9,4,4,1318.47,"0"
19.7,20,69.1,9,4,4,1318.47,"0"
19.7,20,69.1,9,4,4,1318.47,"0"
19.7,20,69.1,9,4,4,1318.47,"0"
19.7,20,69.1,9,4,4,1318.47,"0"
19.7,20,69.1,9,4,4,1318.47,"0"
19.7,20,69.1,9,4,4,1318.47,"0"
19.7,20,69.1,9,4,4,1318.47,"0"
19.7,20,69.1,9,4,4,1318.47,"0"
19.7,20,69.1,9,4,4,1318.47,"0"
19.7,20,69.1,9,4,4,1318.47,"0"
19.7,20,69.1,9,4,4,1318.47,"0"
19.7,20,69.1,9,4,4,1318.47,"0"
19.7,20,69.1,9,4,4,1318.47,"0"
19.7,20,69.1,9,4,4,1318.47,"0"
19.7,20,69.1,9,4,4,1318.47,"0"
19.7,20,69.1,9,4,4,1318.47,"0"
19.7,20,69.1,9,4,4,1318.47,"0"
19.7,20,69.1,9,4,4,1318.47,"0"
19.7,20,69.1,9,4,4,1318.47,"0"
19.7,20,69.1,9,4,4,1318.47,"0"
19.7,20,69.1,9,4,4,1318.47,"0"
19.7,20,69.1,9,4,4,1318.47,"0"
19.7,20,69.1,9,4,4,1318.47,"0"
19.7,20,69.1,9,4,4,1318.47,"0"
19.7,20,69.1,9,4,4,1318.47,"0"
19.7,20,69.1,14,4,4,1498.47,"1"
19.7,20,69.1,9,4,4,1318.47,"0"
19.7,20,69.1,9,4,4,1318.47,"0"
19.7,20,69.1,14,4,4,1498.47,"1"
19.7,20,69.1,14,4,4,1498.47,"1"
19.7,20,69.1,14,4,4,1498.47,"1"
19.7,20,69.1,14,4,4,1498.47,"1"
19.7,20,69.1,14,4,4,1498.47,"1"
19.7,20,69.1,9,4,4,1318.47,"0"
19.7,20,69.1,14,4,4,1498.47,"1"
19.7,20,69.1,14,4,4,1498.47,"1"
19.7,20,69.1,14,4,4,1498.47,"1"
19.7,20,69.1,14,4,4,1498.47,"1"
19.7,20,69.1,14,4,4,1498.47,"1"
19.7,20,69.1,14,4,4,1498.47,"1"
19.7,20,69.1,14,4,4,1498.47,"1"
19.7,20,69.1,14,4,4,1498.47,"1"
19.7,20,69.1,14,4,4,1498.47,"1"
19.7,20,69.1,9,4,4,1318.47,"0"
19.7,20,69.1,9,4,4,1318.47,"0"
19.7,20,69.1,14,4,4,1498.47,"1"
19.7,20,69.1,14,4,4,1498.47,"1"
19.7,20,69.1,14,4,4,1498.47,"1"
19.7,20,69.1,14,4,4,1498.47,"1"
19.7,20,69.1,14,4,4,1498.47,"1"
19.7,20,69.1,14,4,4,1498.47,"1"
19.7,20,69.1,14,4,4,1498.47,"1"
19.7,20,69.1,14,4,4,1498.47,"1"
19.7,20,69.1,14,4,4,1498.47,"1"
19.7,20,69.1,14,4,4,1498.47,"1"
19.7,20,69.1,14,4,4,1498.47,"1"
19.7,20,69.1,4,9,11.8,1370.99,"0"
19.7,20,69.1,4,4,11.8,1184.49,"0"
19.7,20,69.1,4,4,11.8,1184.49,"0"
19.7,20,69.1,4,4,11.8,1184.49,"0"
19.7,20,69.1,4,4,11.8,1184.49,"0"
19.7,20,69.1,4,4,11.8,1184.49,"0"
19.7,20,69.1,4,4,11.8,1184.49,"0"
19.7,20,69.1,4,4,11.8,1184.49,"0"
19.7,20,69.1,4,4,11.8,1184.49,"0"
19.7,20,69.1,4,4,11.8,1184.49,"0"
19.7,20,69.1,9,4,11.8,1364.49,"0"
19.7,20,69.1,9,4,11.8,1364.49,"0"
19.7,20,69.1,9,9,11.8,1550.99,"1"
19.7,20,69.1,9,9,11.8,1550.99,"1"
19.7,20,69.1,9,9,11.8,1550.99,"1"
19.7,20,69.1,9,9,11.8,1550.99,"1"
19.7,20,69.1,4,9,11.8,1370.99,"0"
19.7,20,69.1,4,9,11.8,1370.99,"0"
19.7,20,69.1,4,9,11.8,1370.99,"0"
19.7,20,69.1,4,9,11.8,1370.99,"0"
19.7,20,69.1,4,9,11.8,1370.99,"0"
19.7,20,69.1,4,9,11.8,1370.99,"0"
19.7,20,69.1,4,9,11.8,1370.99,"0"
19.7,20,69.1,4,9,11.8,1370.99,"0"
19.7,20,69.1,4,9,11.8,1370.99,"0"
19.7,20,69.1,4,9,11.8,1370.99,"0"
19.7,20,69.1,4,9,11.8,1370.99,"0"
19.7,20,69.1,4,9,11.8,1370.99,"0"
19.7,20,69.1,4,9,11.8,1370.99,"0"
19.7,20,69.1,4,9,11.8,1370.99,"0"
19.7,20,69.1,4,9,11.8,1370.99,"0"
19.7,20,69.1,4,9,11.8,1370.99,"0"
19.7,20,69.1,4,19,11.8,1743.99,"1"
19.7,20,69.1,14,9,11.8,1730.99,"1"
19.7,20,69.1,9,9,11.8,1550.99,"1"
19.7,20,69.1,9,19,11.8,1923.99,"1"
19.7,20,69.1,4,19,11.8,1743.99,"1"
19.7,20,69.1,4,19,11.8,1743.99,"1"
19.7,20,69.1,4,19,11.8,1743.99,"1"
19.7,20,69.1,4,19,11.8,1743.99,"1"
19.7,20,69.1,4,19,11.8,1743.99,"1"
19.7,20,69.1,4,19,11.8,1743.99,"1"
19.7,20,69.1,19,4,11.8,1724.49,"1"
19.7,20,69.1,19,4,11.8,1724.49,"1"
19.7,20,69.1,19,4,11.8,1724.49,"1"
19.7,20,69.1,19,4,11.8,1724.49,"1"
19.7,20,69.1,19,4,11.8,1724.49,"1"
19.7,20,69.1,19,4,11.8,1724.49,"1"
19.7,20,69.1,19,4,11.8,1724.49,"1"
19.7,20,69.1,19,4,11.8,1724.49,"1"
19.7,20,69.1,19,4,11.8,1724.49,"1"
19.7,20,69.1,19,4,11.8,1724.49,"1"
19.7,20,69.1,19,4,11.8,1724.49,"1"
19.7,20,69.1,19,4,11.8,1724.49,"1"
19.7,20,69.1,24,4,11.8,1904.49,"1"
19.7,20,69.1,19,4,11.8,1724.49,"1"
19.7,20,69.1,24,4,11.8,1904.49,"1"
19.7,20,69.1,19,4,11.8,1724.49,"1"
19.7,20,69.1,19,4,11.8,1724.49,"1"
19.7,20,69.1,19,4,11.8,1724.49,"1"
19.7,20,69.1,19,4,4,1678.47,"1"
19.7,20,69.1,29,4,4,2038.47,"1"
19.7,20,69.1,24,4,4,1858.47,"1"
19.7,20,69.1,19,4,4,1678.47,"1"
19.7,20,69.1,19,4,4,1678.47,"1"
19.7,20,69.1,19,4,4,1678.47,"1"
19.7,20,69.1,24,4,4,1858.47,"1"
19.7,20,69.1,29,4,4,2038.47,"1"
19.7,20,69.1,14,4,4,1498.47,"1"
19.7,20,69.1,24,4,4,1858.47,"1"
19.7,20,69.1,29,4,4,2038.47,"1"
19.7,20,69.1,24,4,4,1858.47,"1"
19.7,20,69.1,24,4,4,1858.47,"1"
19.7,20,69.1,19,4,4,1678.47,"1"
19.7,20,21.8,9,19,15.8,1555,"1"
19.7,20,21.8,9,19,15.8,1555,"1"
19.7,20,21.8,9,4,8.3,951.25,"0"
19.7,20,21.8,14,9,8.3,1317.75,"0"
19.7,20,21.8,14,9,8.3,1317.75,"0"
19.7,20,21.8,14,9,8.3,1317.75,"0"
19.7,20,21.8,14,9,8.3,1317.75,"0"
19.7,20,21.8,14,9,8.3,1317.75,"0"
19.7,20,21.8,9,9,8.3,1137.75,"0"
19.7,20,21.8,4,9,8.3,957.75,"0"
19.7,20,21.8,9,9,8.3,1137.75,"0"
19.7,20,21.8,9,9,8.3,1137.75,"0"
19.7,20,21.8,9,9,8.3,1137.75,"0"
19.7,20,21.8,9,9,8.3,1137.75,"0"
19.7,20,21.8,9,9,8.3,1137.75,"0"
19.7,20,21.8,9,9,8.3,1137.75,"0"
19.7,20,21.8,9,9,8.3,1137.75,"0"
19.7,20,21.8,14,9,8.3,1317.75,"0"
19.7,20,21.8,9,9,8.3,1137.75,"0"
19.7,20,21.8,9,9,8.3,1137.75,"0"
19.7,20,21.8,9,9,8.3,1137.75,"0"
19.7,20,21.8,9,4,8.3,951.25,"0"
19.7,20,21.8,9,4,8.3,951.25,"0"
19.7,20,21.8,9,4,8.3,951.25,"0"
19.7,20,21.8,9,4,8.3,951.25,"0"
19.7,20,21.8,9,4,8.3,951.25,"0"
19.7,20,21.8,9,4,8.3,951.25,"0"
19.7,20,21.8,9,4,8.3,951.25,"0"
19.7,20,21.8,14,4,8.3,1131.25,"0"
19.7,20,21.8,14,4,8.3,1131.25,"0"
19.7,20,21.8,4,4,13,798.98,"0"
19.7,20,21.8,4,19,13,1358.48,"0"
19.7,20,21.8,4,19,13,1358.48,"0"
19.7,20,21.8,4,19,13,1358.48,"0"
19.7,20,21.8,4,19,13,1358.48,"0"
19.7,20,21.8,4,19,13,1358.48,"0"
19.7,20,21.8,4,19,13,1358.48,"0"
19.7,20,21.8,9,19,13,1538.48,"1"
19.7,20,21.8,9,19,13,1538.48,"1"
19.7,20,21.8,4,19,13,1358.48,"0"
19.7,20,21.8,4,19,13,1358.48,"0"
19.7,20,21.8,4,19,13,1358.48,"0"
19.7,20,21.8,4,19,13,1358.48,"0"
19.7,20,21.8,4,19,13,1358.48,"0"
19.7,20,21.8,4,19,13,1358.48,"0"
19.7,20,21.8,4,19,13,1358.48,"0"
19.7,20,21.8,4,19,13,1358.48,"0"
19.7,20,21.8,4,19,13,1358.48,"0"
19.7,20,21.8,4,19,13,1358.48,"0"
19.7,20,21.8,4,19,13,1358.48,"0"
19.7,20,21.8,4,19,13,1358.48,"0"
19.7,20,21.8,4,19,13,1358.48,"0"
19.7,20,21.8,4,19,13,1358.48,"0"
19.7,20,21.8,4,19,13,1358.48,"0"
19.7,20,21.8,4,19,13,1358.48,"0"
19.7,20,21.8,4,19,13,1358.48,"0"
19.7,20,21.8,4,19,13,1358.48,"0"
19.7,20,21.8,4,19,13,1358.48,"0"
19.7,20,21.8,4,19,13,1358.48,"0"
19.7,20,21.8,4,19,13,1358.48,"0"
19.7,20,21.8,4,19,13,1358.48,"0"
19.7,20,21.8,4,4,13,798.98,"0"
19.7,20,21.8,24,19,38.9,2231.29,"1"
19.7,20,21.8,24,14,38.9,2044.79,"1"
19.7,20,21.8,19,14,38.9,1864.79,"1"
19.7,20,21.8,24,14,38.9,2044.79,"1"
19.7,20,21.8,14,4,38.9,1311.79,"0"
19.7,20,21.8,19,14,38.9,1864.79,"1"
19.7,20,21.8,19,4,38.9,1491.79,"1"
19.7,20,21.8,14,14,38.9,1684.79,"1"
19.7,20,21.8,14,4,38.9,1311.79,"0"
19.7,20,21.8,14,14,38.9,1684.79,"1"
19.7,20,21.8,4,9,38.9,1138.29,"0"
19.7,20,21.8,4,9,38.9,1138.29,"0"
19.7,20,21.8,4,9,38.9,1138.29,"0"
19.7,20,21.8,14,4,38.9,1311.79,"0"
19.7,20,21.8,19,4,38.9,1491.79,"1"
19.7,20,21.8,14,4,38.9,1311.79,"0"
19.7,20,21.8,19,4,38.9,1491.79,"1"
19.7,20,21.8,14,4,38.9,1311.79,"0"
19.7,20,21.8,9,9,8.3,1184.77,"0"
19.7,20,21.8,14,9,38.9,1498.29,"1"
19.7,20,21.8,14,9,38.9,1498.29,"1"
19.7,20,21.8,14,9,38.9,1498.29,"1"
19.7,20,21.8,14,9,38.9,1498.29,"1"
19.7,20,21.8,14,9,38.9,1498.29,"1"
19.7,20,21.8,19,9,38.9,1678.29,"1"
19.7,20,21.8,19,4,38.9,1491.79,"1"
19.7,20,21.8,19,4,38.9,1491.79,"1"
19.7,20,21.8,19,4,38.9,1491.79,"1"
19.7,20,21.8,9,9,38.9,1309.62,"0"
19.7,20,21.8,19,4,38.9,1491.79,"1"
19.7,20,21.8,19,4,38.9,1491.79,"1"
19.7,20,21.8,14,4,38.9,1311.79,"0"
19.7,20,21.8,14,4,38.9,1311.79,"0"
19.7,20,21.8,14,4,38.9,1311.79,"0"
19.7,20,21.8,14,4,38.9,1311.79,"0"
19.7,20,21.8,14,4,38.9,1311.79,"0"
19.7,20,21.8,14,4,38.9,1311.79,"0"
19.7,20,21.8,14,4,38.9,1311.79,"0"
19.7,20,21.8,14,4,38.9,1311.79,"0"
19.7,20,21.8,19,4,38.9,1491.79,"1"
19.7,20,21.8,14,4,38.9,1311.79,"0"
19.7,20,21.8,14,4,38.9,1311.79,"0"
19.7,20,21.8,19,4,38.9,1491.79,"1"
19.7,20,21.8,14,4,38.9,1311.79,"0"
19.7,20,21.8,14,4,38.9,1311.79,"0"
19.7,20,21.8,19,4,38.9,1491.79,"1"
19.7,20,21.8,19,4,38.9,1491.79,"1"
19.7,20,21.8,14,4,38.9,1311.79,"0"
19.7,20,21.8,19,14,38.9,1864.79,"1"
19.7,20,21.8,14,4,38.9,1311.79,"0"
19.7,20,21.8,14,4,38.9,1311.79,"0"
19.7,20,21.8,14,4,38.9,1311.79,"0"
19.7,20,21.8,14,4,38.9,1311.79,"0"
19.7,20,21.8,19,4,38.9,1491.79,"1"
19.7,20,21.8,14,4,38.9,1311.79,"0"
19.7,20,21.8,14,4,38.9,1311.79,"0"
19.7,20,21.8,14,14,38.9,1684.79,"1"
19.7,20,21.8,14,4,38.9,1311.79,"0"
19.7,20,21.8,14,4,38.9,1311.79,"0"
19.7,20,21.8,14,4,38.9,1311.79,"0"
19.7,20,21.8,14,4,38.9,1311.79,"0"
19.7,20,21.8,14,4,38.9,1311.79,"0"
19.7,20,21.8,14,4,38.9,1311.79,"0"
19.7,20,21.8,19,4,38.9,1491.79,"1"
19.7,20,21.8,19,14,38.9,1864.79,"1"
19.7,20,21.8,14,14,38.9,1684.79,"1"
19.7,20,21.8,14,14,38.9,1684.79,"1"
19.7,20,21.8,14,4,38.9,1311.79,"0"
19.7,20,21.8,14,14,38.9,1684.79,"1"
19.7,20,21.8,14,19,38.9,1871.29,"1"
19.7,20,21.8,19,19,38.9,2051.29,"1"
19.7,20,21.8,29,14,38.9,2224.79,"1"
19.7,20,21.8,29,14,38.9,2224.79,"1"
19.7,20,21.8,29,14,38.9,2224.79,"1"
19.7,20,21.8,29,14,38.9,2224.79,"1"
19.7,20,21.8,24,14,38.9,2044.79,"1"
19.7,20,21.8,24,14,38.9,2044.79,"1"
19.7,20,21.8,24,14,38.9,2044.79,"1"
19.7,20,21.8,24,14,38.9,2044.79,"1"
19.7,20,21.8,29,14,38.9,2224.79,"1"
19.7,20,21.8,29,14,38.9,2224.79,"1"
19.7,20,21.8,24,14,38.9,2044.79,"1"
19.7,20,21.8,19,14,38.9,1864.79,"1"
19.7,20,21.8,14,14,38.9,1684.79,"1"
19.7,20,21.8,14,14,38.9,1684.79,"1"
19.7,20,21.8,4,19,38.9,1511.29,"1"
19.7,20,21.8,4,19,38.9,1511.29,"1"
19.7,20,21.8,4,19,38.9,1511.29,"1"
19.7,20,21.8,4,19,38.9,1511.29,"1"
19.7,20,21.8,4,19,38.9,1511.29,"1"
19.7,20,21.8,4,19,38.9,1511.29,"1"
19.7,20,21.8,4,19,38.9,1511.29,"1"
19.7,20,21.8,4,19,38.9,1511.29,"1"
19.7,20,21.8,4,19,38.9,1511.29,"1"
19.7,20,21.8,4,19,38.9,1511.29,"1"
19.7,20,21.8,4,19,38.9,1511.29,"1"
19.7,20,21.8,4,19,38.9,1511.29,"1"
19.7,20,21.8,4,19,38.9,1511.29,"1"
19.7,20,21.8,4,19,38.9,1511.29,"1"
19.7,20,21.8,9,19,38.9,1691.29,"1"
19.7,20,21.8,4,19,38.9,1511.29,"1"
19.7,20,21.8,4,19,38.9,1511.29,"1"
19.7,20,21.8,4,19,38.9,1511.29,"1"
19.7,20,21.8,4,19,38.9,1511.29,"1"
19.7,20,21.8,4,19,38.9,1511.29,"1"
19.7,20,21.8,4,19,38.9,1511.29,"1"
19.7,20,21.8,4,19,38.9,1511.29,"1"
19.7,20,21.8,4,19,38.9,1511.29,"1"
19.7,20,21.8,4,19,38.9,1511.29,"1"
19.7,20,21.8,4,19,38.9,1511.29,"1"
19.7,20,21.8,4,19,38.9,1511.29,"1"
19.7,20,21.8,4,19,38.9,1511.29,"1"
19.7,20,21.8,4,19,38.9,1511.29,"1"
19.7,20,21.8,4,19,38.9,1511.29,"1"
19.7,20,21.8,9,9,38.9,1318.29,"0"
19.7,20,21.8,9,9,38.9,1318.29,"0"
19.7,20,21.8,9,9,38.9,1318.29,"0"
19.7,20,21.8,4,9,38.9,1138.29,"0"
19.7,20,21.8,4,9,38.9,1138.29,"0"
19.7,20,21.8,9,9,38.9,1318.29,"0"
19.7,20,21.8,9,9,38.9,1318.29,"0"
19.7,20,21.8,9,9,38.9,1318.29,"0"
19.7,20,21.8,9,9,38.9,1318.29,"0"
19.7,20,21.8,9,9,38.9,1318.29,"0"
19.7,20,21.8,4,9,38.9,1138.29,"0"
19.7,20,21.8,4,9,38.9,1138.29,"0"
19.7,20,21.8,4,9,38.9,1138.29,"0"
19.7,20,21.8,4,9,38.9,1138.29,"0"
19.7,20,21.8,4,9,38.9,1138.29,"0"
19.7,20,21.8,4,9,38.9,1138.29,"0"
19.7,20,21.8,4,9,38.9,1138.29,"0"
19.7,20,21.8,4,9,38.9,1138.29,"0"
19.7,20,21.8,9,9,38.9,1318.29,"0"
19.7,20,21.8,9,9,38.9,1318.29,"0"
19.7,20,21.8,19,9,38.9,1678.29,"1"
19.7,20,21.8,24,9,38.9,1858.29,"1"
19.7,20,21.8,9,9,38.9,1318.29,"0"
19.7,20,21.8,14,19,13,1718.48,"1"
19.7,20,21.8,4,14,13,1171.98,"0"
19.7,20,21.8,9,19,13,1538.48,"1"
19.7,20,21.8,4,19,13,1358.48,"0"
19.7,20,21.8,9,19,13,1538.48,"1"
19.7,20,21.8,4,19,13,1358.48,"0"
19.7,20,21.8,4,19,13,1358.48,"0"
19.7,20,21.8,9,19,13,1538.48,"1"
19.7,20,21.8,9,19,13,1538.48,"1"
19.7,20,21.8,14,19,13,1718.48,"1"
19.7,20,21.8,14,19,13,1718.48,"1"
19.7,20,21.8,14,19,13,1718.48,"1"
19.7,20,21.8,14,19,13,1718.48,"1"
19.7,20,21.8,14,19,13,1718.48,"1"
19.7,20,21.8,19,19,13,1898.48,"1"
19.7,20,21.8,14,19,13,1718.48,"1"
19.7,20,21.8,9,19,13,1538.48,"1"
19.7,20,21.8,9,19,13,1538.48,"1"
19.7,20,21.8,9,19,13,1538.48,"1"
19.7,20,21.8,14,19,13,1718.48,"1"
19.7,20,21.8,19,19,13,1898.48,"1"
19.7,20,21.8,14,19,13,1718.48,"1"
19.7,20,21.8,14,19,13,1718.48,"1"
19.7,20,21.8,14,19,13,1718.48,"1"
19.7,20,21.8,9,19,13,1538.48,"1"
19.7,20,21.8,14,19,13,1718.48,"1"
19.7,20,21.8,14,19,13,1718.48,"1"
19.7,20,21.8,9,19,13,1538.48,"1"
19.7,20,21.8,14,19,13,1718.48,"1"
19.7,20,21.8,14,19,13,1718.48,"1"
19.7,20,21.8,14,19,13,1718.48,"1"
19.7,20,21.8,14,19,13,1718.48,"1"
19.7,20,21.8,19,19,13,1898.48,"1"
19.7,20,21.8,9,19,38.9,1691.29,"1"
19.7,20,21.8,14,19,38.9,1871.29,"1"
19.7,20,21.8,14,19,38.9,1871.29,"1"
19.7,20,21.8,14,19,38.9,1871.29,"1"
19.7,20,21.8,14,19,38.9,1871.29,"1"
19.7,20,21.8,9,19,38.9,1691.29,"1"
19.7,20,21.8,9,19,38.9,1691.29,"1"
19.7,20,21.8,9,19,38.9,1691.29,"1"
19.7,20,21.8,9,19,38.9,1691.29,"1"
19.7,20,21.8,9,19,38.9,1691.29,"1"
19.7,20,21.8,14,19,38.9,1871.29,"1"
19.7,20,21.8,14,19,38.9,1871.29,"1"
19.7,20,21.8,9,19,38.9,1691.29,"1"
19.7,20,21.8,14,19,38.9,1871.29,"1"
19.7,20,21.8,9,19,38.9,1691.29,"1"
19.7,20,21.8,9,19,38.9,1691.29,"1"
19.7,20,21.8,9,19,38.9,1691.29,"1"
19.7,20,21.8,14,19,38.9,1871.29,"1"
19.7,20,21.8,14,19,38.9,1871.29,"1"
19.7,20,21.8,14,19,38.9,1871.29,"1"
19.7,20,21.8,9,19,38.9,1691.29,"1"
19.7,20,21.8,9,19,38.9,1691.29,"1"
19.7,20,21.8,9,19,38.9,1691.29,"1"
19.7,20,21.8,14,19,38.9,1871.29,"1"
19.7,20,21.8,9,19,38.9,1691.29,"1"
19.7,20,21.8,4,19,38.9,1511.29,"1"
19.7,20,21.8,9,19,38.9,1691.29,"1"
19.7,20,21.8,9,19,38.9,1691.29,"1"
19.7,20,21.8,4,19,38.9,1511.29,"1"
19.7,20,21.8,9,19,38.9,1691.29,"1"
19.7,20,21.8,9,19,38.9,1691.29,"1"
19.7,20,21.8,9,19,38.9,1691.29,"1"
19.7,20,21.8,9,19,38.9,1691.29,"1"
19.7,20,21.8,14,19,38.9,1871.29,"1"
19.7,20,21.8,14,19,13,1718.48,"1"
19.7,20,21.8,14,19,13,1718.48,"1"
19.7,20,21.8,9,19,13,1538.48,"1"
19.7,20,21.8,14,19,13,1718.48,"1"
19.7,20,21.8,14,4,11.8,1151.9,"0"
19.7,20,21.8,4,19,13,1433.22,"0"
19.7,20,21.8,4,19,13,1395.38,"0"
19.7,20,21.8,4,19,13,1358.48,"0"
19.7,20,21.8,4,24,38.9,1804.12,"1"
19.7,20,21.8,14,4,11.8,1151.9,"0"
19.7,20,21.8,14,4,11.8,1151.9,"0"
19.7,20,21.8,4,19,4,1433.22,"0"
19.7,20,21.8,4,24,4,1804.12,"1"
19.7,20,21.8,9,19,4,1536.72,"1"
19.7,20,21.8,9,19,4,1485.38,"1"
19.7,20,21.8,9,19,4,1485.38,"1"
19.7,20,21.8,9,19,4,1485.38,"1"
19.7,20,21.8,9,19,4,1485.38,"1"
19.7,20,21.8,9,19,4,1485.38,"1"
19.7,20,21.8,9,19,4,1485.38,"1"
19.7,20,21.8,9,19,4,1485.38,"1"
19.7,20,21.8,9,19,4,1485.38,"1"
19.7,20,21.8,9,19,4,1485.38,"1"
19.7,20,21.8,9,19,4,1485.38,"1"
19.7,20,21.8,9,19,4,1485.38,"1"
19.7,20,21.8,9,19,4,1485.38,"1"
19.7,20,21.8,9,19,4,1485.38,"1"
19.7,20,21.8,9,19,4,1485.38,"1"
19.7,20,21.8,9,4,4,925.88,"0"
19.7,20,21.8,4,4,4,745.88,"0"
19.7,20,21.8,4,4,4,745.88,"0"
19.7,20,21.8,4,4,4,745.88,"0"
19.7,20,21.8,9,4,4,925.88,"0"
19.7,20,21.8,9,4,4,925.88,"0"
19.7,20,21.8,9,4,4,925.88,"0"
19.7,20,21.8,9,4,4,925.88,"0"
19.7,20,21.8,9,4,4,925.88,"0"
19.7,20,21.8,9,4,4,925.88,"0"
19.7,20,21.8,9,4,11.8,971.9,"0"
19.7,20,21.8,9,4,11.8,971.9,"0"
19.7,20,21.8,4,4,11.8,791.9,"0"
19.7,20,21.8,4,4,11.8,791.9,"0"
19.7,20,21.8,9,4,11.8,971.9,"0"
19.7,20,21.8,14,4,11.8,1151.9,"0"
19.7,20,21.8,14,4,11.8,1151.9,"0"
19.7,20,21.8,19,4,11.8,1331.9,"0"
19.7,20,21.8,14,4,11.8,1151.9,"0"
19.7,20,21.8,14,4,11.8,1151.9,"0"
19.7,20,21.8,14,4,11.8,1151.9,"0"
21.8,32.2,65,4,19,4.9,1970.84,"1"
21.8,32.2,65,9,19,4.9,2109.84,"1"
21.8,32.2,65,9,19,4.9,2109.84,"1"
21.8,32.2,65,9,19,4.9,2109.84,"1"
21.8,32.2,65,4,19,4.9,1970.84,"1"
21.8,32.2,65,4,19,4.9,1970.84,"1"
21.8,32.2,65,4,19,4.9,1970.84,"1"
21.8,32.2,65,4,19,4.9,1970.84,"1"
21.8,32.2,65,4,19,4.9,1970.84,"1"
21.8,32.2,65,4,19,4.9,1970.84,"1"
21.8,32.2,65,4,19,16.8,2042.24,"1"
21.8,32.2,65,4,4,16.8,1386.74,"0"
21.8,32.2,65,9,4,16.8,1525.74,"1"
21.8,32.2,65,9,4,16.8,1525.74,"1"
21.8,32.2,65,9,4,16.8,1525.74,"1"
21.8,32.2,65,9,4,16.8,1525.74,"1"
21.8,32.2,65,9,4,16.8,1525.74,"1"
21.8,32.2,65,19,4,16.8,1803.74,"1"
21.8,32.2,65,14,4,16.8,1664.74,"1"
21.8,32.2,65,14,4,16.8,1664.74,"1"
21.8,32.2,65,14,4,16.8,1664.74,"1"
21.8,32.2,65,19,4,16.8,1803.74,"1"
21.8,32.2,65,9,4,16.8,1525.74,"1"
21.8,32.2,65,9,4,16.8,1525.74,"1"
21.8,32.2,65,4,4,16.8,1386.74,"0"
21.8,32.2,65,4,4,16.8,1386.74,"0"
21.8,32.2,65,4,4,16.8,1386.74,"0"
21.8,32.2,65,4,4,16.8,1386.74,"0"
21.8,32.2,65,4,4,16.8,1386.74,"0"
21.8,32.2,65,4,4,16.8,1386.74,"0"
21.8,32.2,65,4,4,3.1,1304.54,"0"
21.8,32.2,65,4,4,3.1,1304.54,"0"
21.8,32.2,65,4,4,3.1,1304.54,"0"
21.8,32.2,65,4,4,3.1,1304.54,"0"
21.8,32.2,65,4,4,8.4,1336.34,"0"
21.8,32.2,65,4,4,3.1,1304.54,"0"
21.8,32.2,65,4,4,3.1,1304.54,"0"
21.8,32.2,65,4,4,3.1,1304.54,"0"
21.8,32.2,65,4,4,3.1,1304.54,"0"
21.8,32.2,65,4,4,8.4,1336.34,"0"
21.8,32.2,65,4,4,8.4,1336.34,"0"
21.8,32.2,65,4,4,8.4,1336.34,"0"
21.8,32.2,65,4,4,8.4,1336.34,"0"
21.8,32.2,65,4,4,3.1,1304.54,"0"
21.8,32.2,65,4,4,8.4,1336.34,"0"
21.8,32.2,65,4,4,3.1,1304.54,"0"
21.8,32.2,65,4,4,3.1,1304.54,"0"
21.8,32.2,65,4,4,3.1,1304.54,"0"
21.8,32.2,65,4,4,3.1,1304.54,"0"
21.8,32.2,65,4,4,8.4,1336.34,"0"
21.8,32.2,65,4,4,8.4,1310.54,"0"
21.8,32.2,65,4,4,8.4,1360.34,"0"
21.8,32.2,65,4,4,8.4,1336.34,"0"
21.8,32.2,65,4,4,8.4,1336.34,"0"
21.8,32.2,65,4,4,8.4,1336.34,"0"
21.8,32.2,65,4,4,8.4,1336.34,"0"
21.8,32.2,65,4,4,8.4,1336.34,"0"
21.8,32.2,65,4,4,8.4,1336.34,"0"
21.8,32.2,65,4,4,8.4,1336.34,"0"
21.8,32.2,65,4,4,8.4,1336.34,"0"
21.8,32.2,65,4,9,8.4,1529.04,"1"
21.8,32.2,65,4,19,8.4,2010.13,"1"
21.8,32.2,65,4,9,8.4,1466.98,"1"
21.8,32.2,65,4,9,8.4,1466.98,"1"
21.8,32.2,65,4,14,8.4,1579.82,"1"
21.8,32.2,65,4,4,8.4,1336.34,"0"
21.8,32.2,65,4,4,8.4,1336.34,"0"
21.8,32.2,65,9,4,8.4,1475.34,"1"
21.8,32.2,65,4,4,3.1,1304.54,"0"
21.8,32.2,65,4,4,3.1,1304.54,"0"
21.8,32.2,65,4,4,3.1,1304.54,"0"
21.8,32.2,65,4,4,8.4,1336.34,"0"
21.8,32.2,65,4,4,8.4,1336.34,"0"
21.8,32.2,65,4,4,8.4,1336.34,"0"
21.8,32.2,65,9,4,8.4,1475.34,"1"
21.8,32.2,65,9,4,8.4,1475.34,"1"
21.8,32.2,65,9,4,8.4,1475.34,"1"
21.8,32.2,65,9,4,8.4,1475.34,"1"
21.8,32.2,65,9,4,8.4,1475.34,"1"
21.8,32.2,65,14,9,8.4,1832.84,"1"
21.8,32.2,65,14,9,3.1,1801.04,"1"
21.8,32.2,65,14,9,3.1,1801.04,"1"
21.8,32.2,65,14,9,3.1,1801.04,"1"
21.8,32.2,65,14,9,3.1,1801.04,"1"
21.8,32.2,65,19,9,3.1,1940.04,"1"
21.8,32.2,65,19,9,3.1,1940.04,"1"
21.8,32.2,65,19,9,3.1,1940.04,"1"
21.8,32.2,65,19,9,3.1,1940.04,"1"
21.8,32.2,65,19,9,3.1,1940.04,"1"
21.8,32.2,65,19,9,3.1,1940.04,"1"
21.8,32.2,65,14,9,3.1,1801.04,"1"
21.8,32.2,65,14,9,3.1,1801.04,"1"
21.8,32.2,65,19,9,3.1,1940.04,"1"
21.8,32.2,65,19,9,8.4,1971.84,"1"
21.8,32.2,65,19,9,8.4,1971.84,"1"
21.8,32.2,65,14,9,8.4,1832.84,"1"
21.8,32.2,65,9,9,3.1,1662.04,"1"
21.8,32.2,65,4,14,38.1,1951.54,"1"
21.8,32.2,65,14,4,38.1,1792.54,"1"
21.8,32.2,65,14,4,38.1,1792.54,"1"
21.8,32.2,65,4,19,38.1,2170.04,"1"
21.8,32.2,65,4,4,12.4,1359.14,"0"
21.8,32.2,65,4,4,12.4,1360.34,"0"
21.8,32.2,65,4,4,12.4,1360.34,"0"
21.8,32.2,65,4,4,12.4,1360.34,"0"
21.8,32.2,65,4,4,12.4,1360.34,"0"
21.8,32.2,65,4,4,12.4,1360.34,"0"
21.8,32.2,65,4,4,12.4,1360.34,"0"
21.8,32.2,65,4,4,12.4,1360.34,"0"
21.8,32.2,65,4,4,12.4,1386.74,"0"
21.8,32.2,65,4,4,38.1,1514.54,"1"
21.8,32.2,65,4,4,38.1,1514.54,"1"
21.8,32.2,65,9,4,38.1,1653.54,"1"
21.8,32.2,65,9,14,38.1,2090.54,"1"
21.8,32.2,65,9,4,38.1,1653.54,"1"
21.8,32.2,65,9,4,38.1,1653.54,"1"
21.8,32.2,65,9,4,38.1,1653.54,"1"
21.8,32.2,65,9,4,38.1,1653.54,"1"
21.8,32.2,65,4,4,12.2,1359.14,"0"
21.8,32.2,65,4,4,12.2,1359.14,"0"
21.8,32.2,65,4,4,12.2,1359.14,"0"
21.8,32.2,65,4,4,12.2,1359.14,"0"
21.8,32.2,65,4,4,12.2,1359.14,"0"
21.8,32.2,65,4,4,12.2,1359.14,"0"
21.8,32.2,65,4,4,12.2,1359.14,"0"
21.8,32.2,65,4,4,12.2,1359.14,"0"
21.8,32.2,65,4,4,12.2,1359.14,"0"
21.8,32.2,65,4,4,12.2,1359.14,"0"
21.8,32.2,65,4,4,12.2,1359.14,"0"
21.8,32.2,65,4,4,12.2,1359.14,"0"
21.8,32.2,65,4,4,12.2,1359.14,"0"
21.8,32.2,65,4,4,12.2,1359.14,"0"
21.8,32.2,65,4,4,12.2,1359.14,"0"
21.8,32.2,65,4,4,12.2,1359.14,"0"
21.8,32.2,65,4,4,12.2,1359.14,"0"
21.8,32.2,65,4,4,12.2,1359.14,"0"
21.8,32.2,65,4,4,12.2,1359.14,"0"
21.8,32.2,65,4,4,12.2,1359.14,"0"
21.8,32.2,65,4,4,12.2,1359.14,"0"
21.8,32.2,65,4,4,12.2,1359.14,"0"
21.8,32.2,65,9,4,4.1,1449.54,"0"
21.8,32.2,65,9,4,4.1,1449.54,"0"
21.8,32.2,65,9,4,4.1,1449.54,"0"
21.8,32.2,65,9,4,4.1,1449.54,"0"
21.8,32.2,65,9,9,12.2,1716.64,"1"
21.8,32.2,65,4,9,4.1,1529.04,"1"
21.8,32.2,65,9,9,4.1,1668.04,"1"
21.8,32.2,65,9,9,4.1,1668.04,"1"
21.8,32.2,65,9,9,4.1,1668.04,"1"
21.8,32.2,65,9,9,4.1,1668.04,"1"
21.8,32.2,65,9,9,4.1,1668.04,"1"
21.8,32.2,65,4,9,4.1,1466.98,"1"
21.8,32.2,65,4,9,4.1,1529.04,"1"
21.8,32.2,65,4,9,4.1,1529.04,"1"
21.8,32.2,65,4,9,4.1,1529.04,"1"
21.8,32.2,65,4,9,4.1,1529.04,"1"
21.8,32.2,65,4,9,4.1,1529.04,"1"
21.8,32.2,65,4,9,4.1,1529.04,"1"
21.8,32.2,65,4,9,4.1,1529.04,"1"
21.8,32.2,65,4,9,4.1,1529.04,"1"
21.8,32.2,65,4,9,4.1,1529.04,"1"
21.8,32.2,65,4,9,4.1,1529.04,"1"
21.8,32.2,65,4,9,4.1,1466.98,"1"
21.8,32.2,65,4,19,4.6,1970.84,"1"
21.8,32.2,65,4,9,4.6,1370.99,"0"
21.8,32.2,65,4,9,4.6,1529.04,"1"
21.8,32.2,65,4,19,4.6,1970.84,"1"
21.8,32.2,65,4,9,4.6,1466.98,"1"
21.8,32.2,65,4,9,4.6,1529.04,"1"
21.8,32.2,65,4,19,3.1,1970.84,"1"
21.8,32.2,65,4,19,4.9,1970.84,"1"
21.8,32.2,65,4,9,4.6,1466.98,"1"
21.8,32.2,65,9,14,12.2,1935.14,"1"
21.8,32.2,65,9,14,12.2,1935.14,"1"
21.8,32.2,65,4,4,12.2,1359.14,"0"
21.8,32.2,65,9,4,12.2,1498.14,"1"
21.8,32.2,65,9,4,4.1,1449.54,"0"
21.8,32.2,65,9,4,4.1,1449.54,"0"
21.8,32.2,65,9,4,4.1,1449.54,"0"
21.8,32.2,65,9,4,4.1,1449.54,"0"
21.8,32.2,65,9,4,4.1,1449.54,"0"
21.8,32.2,65,9,4,4.1,1449.54,"0"
21.8,32.2,65,9,4,4.1,1449.54,"0"
21.8,32.2,65,9,4,4.1,1449.54,"0"
21.8,32.2,65,9,4,4.1,1449.54,"0"
21.8,32.2,65,9,4,4.1,1449.54,"0"
21.8,32.2,65,9,4,4.1,1449.54,"0"
21.8,32.2,65,14,4,4.1,1588.54,"1"
21.8,32.2,65,14,4,4.1,1588.54,"1"
21.8,32.2,65,9,4,4.1,1449.54,"0"
21.8,32.2,65,9,4,4.1,1449.54,"0"
21.8,32.2,65,9,4,4.1,1449.54,"0"
21.8,32.2,65,9,4,4.1,1449.54,"0"
21.8,32.2,65,9,4,4.1,1449.54,"0"
21.8,32.2,65,9,4,4.1,1449.54,"0"
21.8,32.2,65,9,4,4.1,1449.54,"0"
21.8,32.2,65,9,4,4.1,1449.54,"0"
21.8,32.2,65,9,4,4.1,1449.54,"0"
21.8,32.2,65,9,4,4.1,1449.54,"0"
21.8,32.2,65,9,4,4.1,1449.54,"0"
21.8,32.2,65,14,4,4.1,1588.54,"1"
21.8,32.2,65,14,4,4.1,1588.54,"1"
21.8,32.2,65,9,4,4.1,1449.54,"0"
21.8,32.2,65,9,4,4.1,1449.54,"0"
21.8,32.2,65,9,4,4.1,1449.54,"0"
21.8,32.2,65,9,4,4.1,1449.54,"0"
21.8,32.2,65,9,4,4.1,1449.54,"0"
21.8,32.2,65,9,4,4.1,1449.54,"0"
21.8,32.2,65,9,4,4.1,1449.54,"0"
21.8,32.2,65,9,4,4.1,1449.54,"0"
21.8,32.2,65,9,4,4.1,1449.54,"0"
21.8,32.2,65,9,4,4.1,1449.54,"0"
21.8,32.2,65,9,4,12.2,1498.14,"1"
21.8,32.2,65,9,4,12.2,1498.14,"1"
21.8,32.2,65,9,4,12.2,1498.14,"1"
21.8,32.2,65,9,4,12.2,1498.14,"1"
21.8,32.2,65,9,4,12.2,1498.14,"1"
21.8,32.2,65,9,4,12.2,1498.14,"1"
21.8,32.2,65,14,4,12.2,1637.14,"1"
21.8,32.2,65,14,4,12.2,1637.14,"1"
21.8,32.2,65,14,4,12.2,1637.14,"1"
21.8,32.2,65,14,4,12.2,1637.14,"1"
21.8,32.2,65,14,4,4.1,1588.54,"1"
21.8,32.2,65,4,4,4.1,1310.54,"0"
21.8,32.2,65,4,9,4.1,1466.98,"1"
21.8,32.2,65,4,4,4.1,1359.14,"0"
21.8,32.2,65,4,4,4.1,1304.54,"0"
21.8,32.2,65,4,9,4.1,1466.98,"1"
21.8,32.2,65,4,9,4.1,1466.98,"1"
21.8,32.2,65,4,4,4.1,1310.54,"0"
21.8,32.2,65,4,4,4.1,1310.54,"0"
21.8,32.2,65,4,4,4.1,1310.54,"0"
21.8,32.2,65,4,9,4.1,1466.98,"1"
21.8,32.2,65,4,4,4.1,1310.54,"0"
21.8,32.2,65,4,4,4.1,1310.54,"0"
21.8,32.2,65,4,4,4.1,1310.54,"0"
21.8,32.2,65,4,4,4.1,1310.54,"0"
21.8,32.2,65,4,9,4.1,1466.98,"1"
21.8,32.2,65,4,4,4.1,1310.54,"0"
21.8,32.2,65,4,4,4.1,1310.54,"0"
21.8,32.2,65,4,4,4.1,1310.54,"0"
21.8,32.2,65,4,4,4.1,1310.54,"0"
21.8,32.2,65,4,4,4.1,1310.54,"0"
21.8,32.2,65,4,4,4.1,1310.54,"0"
21.8,32.2,65,4,4,4.1,1310.54,"0"
21.8,32.2,65,4,4,4.1,1310.54,"0"
21.8,32.2,65,4,4,4.1,1310.54,"0"
21.8,32.2,65,4,4,4.1,1310.54,"0"
21.8,32.2,65,4,4,4.1,1310.54,"0"
21.8,32.2,65,4,9,4.1,1466.98,"1"
21.8,32.2,65,4,9,4.1,1466.98,"1"
21.8,32.2,65,19,4,4.1,1727.54,"1"
21.8,32.2,65,14,4,4.1,1588.54,"1"
21.8,32.2,65,19,4,4.1,1727.54,"1"
21.8,32.2,65,19,4,4.1,1727.54,"1"
21.8,32.2,65,19,4,4.1,1727.54,"1"
21.8,32.2,65,19,4,4.1,1727.54,"1"
21.8,32.2,65,19,4,4.1,1727.54,"1"
21.8,32.2,65,19,4,4.1,1727.54,"1"
21.8,32.2,65,19,4,4.1,1727.54,"1"
21.8,32.2,65,19,4,4.1,1727.54,"1"
21.8,32.2,65,19,4,4.1,1727.54,"1"
21.8,32.2,65,19,4,4.1,1727.54,"1"
21.8,32.2,65,14,4,4.1,1588.54,"1"
21.8,32.2,65,14,4,4.1,1588.54,"1"
21.8,32.2,65,14,4,4.1,1588.54,"1"
21.8,32.2,65,19,4,4.1,1727.54,"1"
21.8,32.2,65,19,4,4.1,1727.54,"1"
21.8,32.2,65,19,4,4.1,1727.54,"1"
21.8,32.2,65,19,4,4.1,1727.54,"1"
21.8,32.2,65,19,4,4.1,1727.54,"1"
21.8,32.2,65,19,4,4.1,1727.54,"1"
21.8,32.2,65,19,4,4.1,1727.54,"1"
21.8,32.2,65,19,4,4.1,1727.54,"1"
21.8,32.2,65,19,4,4.1,1727.54,"1"
21.8,32.2,65,19,4,4.1,1727.54,"1"
21.8,32.2,65,19,4,4.1,1727.54,"1"
21.8,32.2,65,19,4,4.1,1727.54,"1"
21.8,32.2,65,19,4,4.1,1727.54,"1"
21.8,32.2,65,19,4,4.1,1727.54,"1"
21.8,32.2,65,19,4,4.1,1727.54,"1"
21.8,32.2,65,19,4,4.1,1727.54,"1"
21.8,32.2,65,19,4,4.1,1727.54,"1"
21.8,32.2,65,19,4,4.1,1727.54,"1"
21.8,32.2,65,19,4,4.1,1727.54,"1"
21.8,32.2,65,24,4,4.1,1866.54,"1"
21.8,32.2,65,24,4,4.1,1866.54,"1"
21.8,32.2,65,24,4,4.1,1866.54,"1"
21.8,32.2,65,24,4,4.1,1866.54,"1"
21.8,32.2,65,24,4,4.1,1866.54,"1"
21.8,32.2,65,24,4,4.1,1866.54,"1"
21.8,32.2,65,24,4,4.1,1866.54,"1"
21.8,32.2,65,24,4,4.1,1866.54,"1"
21.8,32.2,65,24,4,4.1,1866.54,"1"
21.8,32.2,65,24,4,4.1,1866.54,"1"
21.8,32.2,65,24,4,4.1,1866.54,"1"
21.8,32.2,65,24,4,4.1,1866.54,"1"
21.8,32.2,65,24,4,4.1,1866.54,"1"
21.8,32.2,65,24,4,4.1,1866.54,"1"
21.8,32.2,65,24,4,4.1,1866.54,"1"
21.8,32.2,65,24,4,4.1,1866.54,"1"
21.8,32.2,65,24,4,4.1,1866.54,"1"
21.8,32.2,65,24,4,4.1,1866.54,"1"
21.8,32.2,65,14,4,4.1,1588.54,"1"
21.8,32.2,65,19,4,4.1,1727.54,"1"
21.8,32.2,65,19,4,4.1,1727.54,"1"
21.8,32.2,65,19,4,4.1,1727.54,"1"
21.8,32.2,65,19,4,4.1,1727.54,"1"
21.8,32.2,65,19,4,4.1,1727.54,"1"
21.8,32.2,65,19,4,4.1,1727.54,"1"
21.8,32.2,65,19,4,4.1,1727.54,"1"
21.8,32.2,65,14,4,4.1,1588.54,"1"
21.8,32.2,65,14,4,4.1,1588.54,"1"
21.8,32.2,65,14,4,4.1,1588.54,"1"
21.8,32.2,65,14,4,4.1,1588.54,"1"
21.8,32.2,65,14,4,4.1,1588.54,"1"
21.8,32.2,65,4,4,4.1,1310.54,"0"
21.8,32.2,65,4,4,4.1,1310.54,"0"
21.8,32.2,65,4,4,4.1,1310.54,"0"
21.8,32.2,65,4,4,4.1,1310.54,"0"
21.8,32.2,65,4,4,4.1,1310.54,"0"
21.8,32.2,65,4,4,4.1,1310.54,"0"
21.8,32.2,65,4,4,4.1,1310.54,"0"
21.8,32.2,65,4,4,4.1,1310.54,"0"
21.8,32.2,65,4,4,4.1,1310.54,"0"
21.8,32.2,65,4,4,4.1,1310.54,"0"
21.8,32.2,65,4,4,4.1,1310.54,"0"
21.8,32.2,65,4,4,4.1,1310.54,"0"
21.8,32.2,65,4,4,4.1,1310.54,"0"
21.8,32.2,65,4,4,4.1,1310.54,"0"
21.8,32.2,65,4,4,4.1,1310.54,"0"
21.8,32.2,65,4,4,4.1,1310.54,"0"
21.8,32.2,65,4,4,4.1,1310.54,"0"
21.8,32.2,65,4,4,4.1,1310.54,"0"
21.8,32.2,65,4,4,4.1,1310.54,"0"
21.8,32.2,65,4,4,4.1,1310.54,"0"
21.8,32.2,65,4,4,4.1,1310.54,"0"
21.8,32.2,65,4,4,4.1,1310.54,"0"
21.8,32.2,65,4,4,4.1,1310.54,"0"
21.8,32.2,65,4,4,4.1,1310.54,"0"
21.8,32.2,65,4,4,4.1,1310.54,"0"
21.8,32.2,65,4,4,4.1,1310.54,"0"
21.8,32.2,65,4,4,4.1,1310.54,"0"
21.8,32.2,65,4,4,4.1,1310.54,"0"
21.8,32.2,65,4,4,4.1,1310.54,"0"
21.8,32.2,65,4,4,4.1,1310.54,"0"
21.8,32.2,65,4,4,4.1,1310.54,"0"
21.8,32.2,65,4,4,4.1,1310.54,"0"
21.8,32.2,65,4,4,4.1,1310.54,"0"
21.8,32.2,65,4,4,4.1,1310.54,"0"
21.8,32.2,65,4,4,4.1,1310.54,"0"
21.8,32.2,65,4,4,4.1,1310.54,"0"
21.8,32.2,65,4,4,4.1,1310.54,"0"
21.8,32.2,65,4,4,4.1,1310.54,"0"
21.8,32.2,65,4,4,4.1,1310.54,"0"
21.8,32.2,65,4,4,4.1,1310.54,"0"
21.8,32.2,65,4,4,4.1,1310.54,"0"
21.8,32.2,65,4,4,4.1,1310.54,"0"
21.8,32.2,65,4,4,4.1,1310.54,"0"
21.8,32.2,65,9,4,4.1,1449.54,"0"
21.8,32.2,65,14,4,4.1,1588.54,"1"
21.8,32.2,65,14,4,4.1,1588.54,"1"
21.8,32.2,65,14,4,4.1,1588.54,"1"
21.8,32.2,65,14,4,4.1,1588.54,"1"
21.8,32.2,65,19,4,4.1,1727.54,"1"
21.8,32.2,65,19,4,4.1,1727.54,"1"
21.8,32.2,65,19,4,4.1,1727.54,"1"
21.8,32.2,65,19,4,4.1,1727.54,"1"
21.8,32.2,65,19,4,4.1,1727.54,"1"
21.8,32.2,65,19,4,4.1,1727.54,"1"
21.8,32.2,65,19,4,4.1,1727.54,"1"
21.8,32.2,65,19,4,4.1,1727.54,"1"
21.8,32.2,65,19,4,4.1,1727.54,"1"
21.8,32.2,65,19,4,4.1,1727.54,"1"
21.8,32.2,65,19,4,4.1,1727.54,"1"
21.8,32.2,65,19,4,4.1,1727.54,"1"
21.8,32.2,65,19,4,4.1,1727.54,"1"
21.8,32.2,65,24,4,4.1,1866.54,"1"
21.8,32.2,65,24,4,4.1,1866.54,"1"
21.8,32.2,65,19,4,4.1,1727.54,"1"
21.8,32.2,65,24,4,4.1,1866.54,"1"
21.8,32.2,65,24,4,4.1,1866.54,"1"
21.8,32.2,65,24,4,4.1,1866.54,"1"
21.8,32.2,65,24,4,4.1,1866.54,"1"
21.8,32.2,65,24,4,4.1,1866.54,"1"
21.8,32.2,65,24,4,4.1,1866.54,"1"
21.8,32.2,65,24,4,4.1,1866.54,"1"
21.8,32.2,65,24,4,4.1,1866.54,"1"
21.8,32.2,65,24,4,4.1,1866.54,"1"
21.8,32.2,65,24,4,4.1,1866.54,"1"
21.8,32.2,65,24,4,4.1,1866.54,"1"
21.8,32.2,65,24,4,4.1,1866.54,"1"
21.8,32.2,65,24,4,4.1,1866.54,"1"
21.8,32.2,65,24,4,4.1,1866.54,"1"
21.8,32.2,65,24,4,4.1,1866.54,"1"
21.8,32.2,65,24,4,4.1,1866.54,"1"
21.8,32.2,65,24,4,4.1,1866.54,"1"
21.8,32.2,65,24,4,4.1,1866.54,"1"
21.8,32.2,65,24,4,4.1,1866.54,"1"
21.8,32.2,65,24,4,4.1,1866.54,"1"
21.8,32.2,65,24,4,4.1,1866.54,"1"
21.8,32.2,65,19,4,4.1,1727.54,"1"
21.8,32.2,65,19,4,4.1,1727.54,"1"
21.8,32.2,65,19,4,4.1,1727.54,"1"
21.8,32.2,65,19,4,4.1,1727.54,"1"
21.8,32.2,65,19,4,4.1,1727.54,"1"
21.8,32.2,65,19,4,4.1,1727.54,"1"
21.8,32.2,65,19,4,4.1,1727.54,"1"
21.8,32.2,65,19,4,4.1,1727.54,"1"
21.8,32.2,65,14,4,4.1,1588.54,"1"
21.8,32.2,65,14,4,4.1,1588.54,"1"
21.8,32.2,65,14,4,4.1,1588.54,"1"
21.8,32.2,65,14,4,4.1,1588.54,"1"
21.8,32.2,65,9,4,4.1,1449.54,"0"
21.8,32.2,65,9,4,4.1,1449.54,"0"
21.8,32.2,65,9,4,4.1,1449.54,"0"
21.8,32.2,65,4,4,4.1,1310.54,"0"
21.8,32.2,65,4,4,4.1,1310.54,"0"
21.8,32.2,65,4,4,4.1,1310.54,"0"
21.8,32.2,65,4,4,4.1,1310.54,"0"
21.8,32.2,65,4,4,4.1,1310.54,"0"
21.8,32.2,65,9,4,4.1,1449.54,"0"
21.8,32.2,65,9,4,4.1,1449.54,"0"
21.8,32.2,65,9,4,4.1,1449.54,"0"
21.8,32.2,65,9,4,4.1,1449.54,"0"
21.8,32.2,65,9,4,4.1,1449.54,"0"
21.8,32.2,65,9,4,4.1,1449.54,"0"
21.8,32.2,65,9,4,4.1,1449.54,"0"
21.8,32.2,65,9,4,4.1,1449.54,"0"
21.8,32.2,65,9,4,4.1,1449.54,"0"
21.8,32.2,65,9,4,4.1,1449.54,"0"
21.8,32.2,65,9,4,4.1,1449.54,"0"
21.8,32.2,65,9,4,4.1,1449.54,"0"
21.8,32.2,65,9,4,4.1,1449.54,"0"
21.8,32.2,65,9,4,4.1,1449.54,"0"
21.8,32.2,65,9,4,4.1,1449.54,"0"
21.8,32.2,65,9,4,4.1,1449.54,"0"
21.8,32.2,65,9,4,4.1,1449.54,"0"
21.8,32.2,65,9,4,4.1,1449.54,"0"
21.8,32.2,65,9,4,4.1,1449.54,"0"
21.8,32.2,65,9,4,4.1,1449.54,"0"
21.8,32.2,65,9,4,4.1,1449.54,"0"
21.8,32.2,65,9,4,4.1,1449.54,"0"
21.8,32.2,65,9,4,4.1,1449.54,"0"
21.8,32.2,65,9,4,4.1,1449.54,"0"
21.8,32.2,65,9,4,4.1,1449.54,"0"
21.8,32.2,65,29,4,12.2,2054.14,"1"
21.8,32.2,65,24,4,12.2,1915.14,"1"
21.8,32.2,65,29,4,12.2,2054.14,"1"
21.8,32.2,65,29,4,12.2,2054.14,"1"
21.8,32.2,65,29,4,12.2,2054.14,"1"
21.8,32.2,65,29,4,12.2,2054.14,"1"
21.8,32.2,65,29,4,12.2,2054.14,"1"
21.8,32.2,65,29,4,12.2,2054.14,"1"
21.8,32.2,65,29,4,12.2,2054.14,"1"
21.8,32.2,65,29,4,12.2,2054.14,"1"
21.8,32.2,65,29,4,12.2,2054.14,"1"
21.8,32.2,65,29,4,12.2,2054.14,"1"
21.8,32.2,65,29,4,12.2,2054.14,"1"
21.8,32.2,65,29,4,12.2,2054.14,"1"
21.8,32.2,65,29,4,12.2,2054.14,"1"
21.8,32.2,65,24,4,12.2,1915.14,"1"
21.8,32.2,65,29,4,12.2,2054.14,"1"
21.8,32.2,65,29,4,12.2,2054.14,"1"
21.8,32.2,65,29,4,12.2,2054.14,"1"
21.8,32.2,65,29,4,12.2,2054.14,"1"
21.8,32.2,65,29,4,12.2,2054.14,"1"
21.8,32.2,65,14,4,12.2,1637.14,"1"
21.8,32.2,65,14,4,12.2,1637.14,"1"
21.8,32.2,65,14,4,12.2,1637.14,"1"
21.8,32.2,65,14,4,12.2,1637.14,"1"
21.8,32.2,65,14,4,12.2,1637.14,"1"
21.8,32.2,65,14,4,12.2,1637.14,"1"
21.8,32.2,65,14,4,12.2,1637.14,"1"
21.8,32.2,65,14,4,12.2,1637.14,"1"
21.8,32.2,65,14,4,12.2,1637.14,"1"
21.8,32.2,65,14,4,12.2,1637.14,"1"
21.8,32.2,65,14,4,12.2,1637.14,"1"
21.8,32.2,65,19,4,12.2,1776.14,"1"
21.8,32.2,65,24,4,12.2,1915.14,"1"
21.8,32.2,65,29,4,12.2,2054.14,"1"
21.8,32.2,65,29,4,12.2,2054.14,"1"
21.8,32.2,65,29,4,12.2,2054.14,"1"
21.8,32.2,65,14,4,12.2,1637.14,"1"
21.8,32.2,65,29,4,12.2,2054.14,"1"
21.8,32.2,65,29,4,12.2,2054.14,"1"
21.8,32.2,65,29,4,12.2,2054.14,"1"
21.8,32.2,65,29,4,12.2,2054.14,"1"
21.8,32.2,65,29,4,12.2,2054.14,"1"
21.8,32.2,65,29,4,12.2,2054.14,"1"
21.8,32.2,65,29,4,12.2,2054.14,"1"
21.8,32.2,65,14,4,4.1,1588.54,"1"
21.8,32.2,65,9,4,4.1,1449.54,"0"
21.8,32.2,65,24,4,4.1,1866.54,"1"
21.8,32.2,65,14,4,4.1,1588.54,"1"
21.8,32.2,65,9,4,4.1,1449.54,"0"
21.8,32.2,65,14,4,4.1,1588.54,"1"
21.8,32.2,65,14,4,4.1,1588.54,"1"
21.8,32.2,65,14,4,4.1,1588.54,"1"
21.8,32.2,65,24,4,4.1,1866.54,"1"
21.8,32.2,65,19,4,4.1,1727.54,"1"
21.8,32.2,65,19,4,4.1,1727.54,"1"
21.8,32.2,65,14,4,4.1,1588.54,"1"
21.8,32.2,65,14,4,4.1,1588.54,"1"
21.8,32.2,65,14,4,4.1,1588.54,"1"
21.8,32.2,65,14,4,4.1,1588.54,"1"
21.8,32.2,65,4,9,4.1,1529.04,"1"
21.8,32.2,65,14,9,4.1,1807.04,"1"
21.8,32.2,65,14,9,4.1,1807.04,"1"
21.8,32.2,65,9,9,4.1,1668.04,"1"
21.8,32.2,65,9,9,4.1,1668.04,"1"
21.8,32.2,65,9,9,4.1,1668.04,"1"
21.8,32.2,65,9,9,4.1,1668.04,"1"
21.8,32.2,65,9,9,4.1,1668.04,"1"
21.8,32.2,65,9,9,4.1,1668.04,"1"
21.8,32.2,65,9,9,4.1,1668.04,"1"
21.8,32.2,65,9,9,4.1,1668.04,"1"
21.8,32.2,65,9,9,4.1,1668.04,"1"
21.8,32.2,65,4,9,4.1,1529.04,"1"
21.8,32.2,65,4,9,4.1,1529.04,"1"
21.8,32.2,65,4,9,4.1,1529.04,"1"
21.8,32.2,65,4,9,4.1,1529.04,"1"
21.8,32.2,65,4,9,4.1,1529.04,"1"
21.8,32.2,65,4,9,4.1,1529.04,"1"
21.8,32.2,65,4,9,4.1,1529.04,"1"
21.8,32.2,65,4,9,4.1,1529.04,"1"
21.8,32.2,65,4,9,4.1,1529.04,"1"
21.8,32.2,65,4,9,4.1,1529.04,"1"
21.8,32.2,65,4,9,4.1,1529.04,"1"
21.8,32.2,65,4,9,4.1,1529.04,"1"
21.8,32.2,65,4,9,4.1,1529.04,"1"
21.8,32.2,65,4,9,4.1,1529.04,"1"
21.8,32.2,65,4,9,4.1,1529.04,"1"
21.8,32.2,65,9,4,4.1,1449.54,"0"
21.8,32.2,65,9,4,4.1,1449.54,"0"
21.8,32.2,65,9,4,4.1,1449.54,"0"
21.8,32.2,65,9,4,4.1,1449.54,"0"
21.8,32.2,65,9,4,4.1,1449.54,"0"
21.8,32.2,65,9,4,4.1,1449.54,"0"
21.8,32.2,65,9,4,4.1,1449.54,"0"
21.8,32.2,65,9,4,4.1,1449.54,"0"
21.8,32.2,65,9,4,4.1,1449.54,"0"
21.8,32.2,65,9,4,4.1,1449.54,"0"
21.8,32.2,65,9,4,4.1,1449.54,"0"
21.8,32.2,65,9,4,4.1,1449.54,"0"
21.8,32.2,65,9,4,4.1,1449.54,"0"
21.8,32.2,65,9,4,4.1,1449.54,"0"
21.8,32.2,65,9,4,4.1,1449.54,"0"
21.8,32.2,65,9,4,4.1,1449.54,"0"
21.8,32.2,65,9,4,4.1,1449.54,"0"
21.8,32.2,65,9,4,4.1,1449.54,"0"
21.8,32.2,65,9,4,4.1,1449.54,"0"
21.8,32.2,65,9,4,4.1,1449.54,"0"
21.8,32.2,65,9,4,4.1,1449.54,"0"
21.8,32.2,65,9,4,4.1,1449.54,"0"
21.8,32.2,65,9,4,4.1,1449.54,"0"
21.8,32.2,23.7,4,4,4.9,889.95,"0"
21.8,32.2,23.7,9,4,4.9,1028.95,"0"
21.8,32.2,23.7,9,4,4.9,1028.95,"0"
21.8,32.2,23.7,9,4,4.9,1028.95,"0"
21.8,32.2,23.7,4,4,4.9,889.95,"0"
21.8,32.2,23.7,14,9,16.8,1457.85,"0"
21.8,32.2,23.7,14,9,16.8,1457.85,"0"
21.8,32.2,23.7,14,9,16.8,1457.85,"0"
21.8,32.2,23.7,14,9,16.8,1457.85,"1"
21.8,32.2,23.7,14,9,16.8,1457.85,"1"
21.8,32.2,23.7,4,14,4.9,1326.95,"0"
21.8,32.2,23.7,9,19,16.8,1755.85,"1"
21.8,32.2,23.7,9,19,16.8,1755.85,"1"
21.8,32.2,23.7,9,19,16.8,1755.85,"1"
21.8,32.2,23.7,9,19,16.8,1755.85,"1"
21.8,32.2,23.7,4,14,16.8,1398.35,"0"
21.8,32.2,23.7,4,14,16.8,1398.35,"0"
21.8,32.2,23.7,9,19,16.8,1755.85,"1"
21.8,32.2,23.7,9,19,16.8,1755.85,"1"
21.8,32.2,23.7,9,19,16.8,1755.85,"1"
21.8,32.2,23.7,9,19,16.8,1755.85,"1"
21.8,32.2,23.7,4,4,4.9,889.95,"0"
21.8,32.2,23.7,9,4,4.9,1028.95,"0"
21.8,32.2,23.7,4,4,4.9,889.95,"0"
21.8,32.2,23.7,4,4,4.9,889.95,"0"
21.8,32.2,23.7,4,4,4.9,889.95,"0"
21.8,32.2,23.7,4,4,16.8,961.35,"0"
21.8,32.2,23.7,4,4,16.8,961.35,"0"
21.8,32.2,23.7,9,9,38.1,1446.65,"0"
21.8,32.2,23.7,4,14,38.1,1526.15,"1"
21.8,32.2,23.7,4,14,38.1,1526.15,"1"
21.8,32.2,23.7,4,14,38.1,1526.15,"1"
21.8,32.2,23.7,4,14,38.1,1526.15,"1"
21.8,32.2,23.7,4,14,38.1,1526.15,"1"
21.8,32.2,23.7,4,14,38.1,1526.15,"1"
21.8,32.2,23.7,4,14,38.1,1526.15,"1"
21.8,32.2,23.7,4,14,38.1,1526.15,"1"
21.8,32.2,23.7,4,14,38.1,1526.15,"1"
21.8,32.2,23.7,4,14,38.1,1526.15,"1"
21.8,32.2,23.7,4,14,38.1,1526.15,"1"
21.8,32.2,23.7,4,14,38.1,1526.15,"1"
21.8,32.2,23.7,4,14,38.1,1526.15,"1"
21.8,32.2,23.7,4,14,38.1,1526.15,"1"
21.8,32.2,23.7,4,14,38.1,1526.15,"1"
21.8,32.2,23.7,4,14,38.1,1526.15,"1"
21.8,32.2,23.7,4,14,38.1,1526.15,"1"
21.8,32.2,23.7,9,14,38.1,1665.15,"1"
21.8,32.2,23.7,9,14,38.1,1665.15,"1"
21.8,32.2,23.7,9,14,38.1,1665.15,"1"
21.8,32.2,23.7,4,14,38.1,1526.15,"1"
21.8,32.2,23.7,4,14,38.1,1526.15,"1"
21.8,32.2,23.7,4,14,38.1,1526.15,"1"
21.8,32.2,23.7,4,14,38.1,1526.15,"1"
21.8,32.2,23.7,4,14,38.1,1526.15,"1"
21.8,32.2,23.7,4,14,38.1,1526.15,"1"
21.8,32.2,23.7,4,14,38.1,1526.15,"1"
21.8,32.2,23.7,4,14,38.1,1526.15,"1"
21.8,32.2,23.7,4,14,38.1,1526.15,"1"
21.8,32.2,23.7,9,14,38.1,1665.15,"1"
21.8,32.2,23.7,4,14,38.1,1526.15,"1"
21.8,32.2,23.7,4,14,38.1,1526.15,"1"
21.8,32.2,23.7,4,14,38.1,1526.15,"1"
21.8,32.2,23.7,4,14,38.1,1526.15,"1"
21.8,32.2,23.7,4,14,38.1,1526.15,"1"
21.8,32.2,23.7,4,14,38.1,1526.15,"1"
21.8,32.2,23.7,9,9,38.1,1446.65,"0"
21.8,32.2,23.7,4,14,38.1,1526.15,"1"
21.8,32.2,23.7,4,14,38.1,1526.15,"1"
21.8,32.2,23.7,4,14,38.1,1526.15,"1"
21.8,32.2,23.7,4,14,38.1,1526.15,"1"
21.8,32.2,23.7,4,14,38.1,1526.15,"1"
21.8,32.2,23.7,4,14,38.1,1526.15,"1"
21.8,32.2,23.7,4,14,38.1,1526.15,"1"
21.8,32.2,23.7,4,14,38.1,1526.15,"1"
21.8,32.2,23.7,4,14,38.1,1526.15,"1"
21.8,32.2,23.7,4,14,38.1,1526.15,"1"
21.8,32.2,23.7,4,4,38.1,1089.15,"0"
21.8,32.2,23.7,4,4,38.1,1089.15,"0"
21.8,32.2,23.7,4,4,38.1,1089.15,"0"
21.8,32.2,23.7,4,4,38.1,1089.15,"0"
21.8,32.2,23.7,4,14,38.1,1526.15,"1"
21.8,32.2,23.7,4,14,38.1,1526.15,"1"
21.8,32.2,23.7,4,14,38.1,1526.15,"1"
21.8,32.2,23.7,4,14,38.1,1526.15,"1"
21.8,32.2,23.7,4,14,38.1,1526.15,"1"
21.8,32.2,23.7,4,14,38.1,1526.15,"1"
21.8,32.2,23.7,4,14,38.1,1526.15,"1"
21.8,32.2,23.7,4,14,38.1,1526.15,"1"
21.8,32.2,23.7,4,14,38.1,1526.15,"1"
21.8,32.2,23.7,4,14,38.1,1526.15,"1"
21.8,32.2,23.7,4,14,38.1,1526.15,"1"
21.8,32.2,23.7,4,14,38.1,1526.15,"1"
21.8,32.2,23.7,4,14,38.1,1526.15,"1"
21.8,32.2,23.7,4,14,38.1,1526.15,"1"
21.8,32.2,23.7,4,14,38.1,1526.15,"1"
21.8,32.2,23.7,4,14,38.1,1526.15,"1"
21.8,32.2,23.7,4,14,38.1,1526.15,"1"
21.8,32.2,23.7,4,14,38.1,1526.15,"1"
21.8,32.2,23.7,4,14,38.1,1526.15,"1"
21.8,32.2,23.7,4,14,38.1,1526.15,"1"
21.8,32.2,23.7,4,14,38.1,1526.15,"1"
21.8,32.2,23.7,4,14,38.1,1526.15,"1"
21.8,32.2,23.7,4,14,38.1,1526.15,"1"
21.8,32.2,23.7,4,14,38.1,1526.15,"1"
21.8,32.2,23.7,4,14,38.1,1526.15,"1"
21.8,32.2,23.7,4,14,38.1,1526.15,"1"
21.8,32.2,23.7,4,14,38.1,1526.15,"1"
21.8,32.2,23.7,4,14,38.1,1526.15,"1"
21.8,32.2,23.7,4,14,38.1,1526.15,"1"
21.8,32.2,23.7,4,14,38.1,1526.15,"1"
21.8,32.2,23.7,4,14,38.1,1526.15,"1"
21.8,32.2,23.7,14,4,38.1,1367.15,"0"
21.8,32.2,23.7,9,19,38.1,1883.65,"1"
21.8,32.2,23.7,14,19,38.1,2022.65,"1"
21.8,32.2,23.7,9,19,38.1,1883.65,"1"
21.8,32.2,23.7,9,19,38.1,1883.65,"1"
21.8,32.2,23.7,4,4,38.1,1089.15,"0"
21.8,32.2,23.7,4,4,38.1,1089.15,"0"
21.8,32.2,23.7,9,4,38.1,1228.15,"0"
21.8,32.2,23.7,4,4,38.1,1089.15,"0"
21.8,32.2,23.7,4,4,38.1,1089.15,"0"
21.8,32.2,23.7,4,4,38.1,1089.15,"0"
21.8,32.2,23.7,4,4,38.1,1089.15,"0"
21.8,32.2,23.7,4,4,38.1,1089.15,"0"
21.8,32.2,23.7,9,4,38.1,1228.15,"0"
21.8,32.2,23.7,4,4,38.1,1089.15,"0"
21.8,32.2,23.7,4,4,38.1,1089.15,"0"
21.8,32.2,23.7,4,4,38.1,1089.15,"0"
21.8,32.2,23.7,9,4,38.1,1228.15,"0"
21.8,32.2,23.7,9,4,38.1,1228.15,"0"
21.8,32.2,23.7,9,4,38.1,1228.15,"0"
21.8,32.2,23.7,4,4,38.1,1089.15,"0"
21.8,32.2,23.7,4,4,38.1,1089.15,"0"
21.8,32.2,23.7,4,4,38.1,1089.15,"0"
21.8,32.2,23.7,4,4,38.1,1089.15,"0"
21.8,32.2,23.7,9,4,38.1,1228.15,"0"
21.8,32.2,23.7,14,4,38.1,1367.15,"0"
21.8,32.2,23.7,9,4,38.1,1228.15,"0"
21.8,32.2,23.7,9,4,38.1,1228.15,"0"
21.8,32.2,23.7,9,4,38.1,1228.15,"0"
21.8,32.2,23.7,9,4,38.1,1228.15,"0"
21.8,32.2,23.7,9,4,38.1,1228.15,"0"
21.8,32.2,23.7,9,4,38.1,1228.15,"0"
21.8,32.2,23.7,9,4,38.1,1228.15,"0"
21.8,32.2,23.7,14,4,38.1,1367.15,"0"
21.8,32.2,23.7,9,4,38.1,1228.15,"0"
21.8,32.2,23.7,9,4,38.1,1228.15,"0"
21.8,32.2,23.7,9,4,38.1,1228.15,"0"
21.8,32.2,23.7,4,4,38.1,1089.15,"0"
21.8,32.2,23.7,4,4,38.1,1089.15,"0"
21.8,32.2,23.7,4,4,38.1,1089.15,"0"
21.8,32.2,23.7,4,4,38.1,1089.15,"0"
21.8,32.2,23.7,4,14,38.1,1526.15,"1"
21.8,32.2,23.7,9,14,38.1,1665.15,"1"
21.8,32.2,23.7,4,14,38.1,1526.15,"1"
21.8,32.2,23.7,4,14,38.1,1526.15,"1"
21.8,32.2,23.7,9,14,38.1,1665.15,"1"
21.8,32.2,23.7,4,14,38.1,1526.15,"1"
21.8,32.2,23.7,9,14,38.1,1665.15,"1"
21.8,32.2,23.7,4,14,38.1,1526.15,"1"
21.8,32.2,23.7,4,14,38.1,1526.15,"1"
21.8,32.2,23.7,4,14,38.1,1526.15,"1"
21.8,32.2,23.7,4,14,38.1,1526.15,"1"
21.8,32.2,23.7,4,14,38.1,1526.15,"1"
21.8,32.2,23.7,4,4,38.1,1089.15,"0"
21.8,32.2,23.7,9,4,38.1,1228.15,"0"
21.8,32.2,23.7,9,4,38.1,1228.15,"0"
21.8,32.2,23.7,9,4,38.1,1228.15,"0"
21.8,32.2,23.7,9,4,38.1,1228.15,"0"
21.8,32.2,23.7,9,4,38.1,1228.15,"0"
21.8,32.2,23.7,9,4,38.1,1228.15,"0"
21.8,32.2,23.7,9,4,38.1,1228.15,"0"
21.8,32.2,23.7,9,4,38.1,1228.15,"0"
21.8,32.2,23.7,9,4,38.1,1228.15,"0"
21.8,32.2,23.7,9,4,38.1,1228.15,"0"
21.8,32.2,23.7,9,4,38.1,1228.15,"0"
21.8,32.2,23.7,9,4,38.1,1228.15,"0"
21.8,32.2,23.7,9,4,38.1,1228.15,"0"
21.8,32.2,23.7,9,4,38.1,1228.15,"0"
21.8,32.2,23.7,9,4,38.1,1228.15,"0"
21.8,32.2,23.7,14,4,38.1,1367.15,"0"
21.8,32.2,23.7,14,4,38.1,1367.15,"0"
21.8,32.2,23.7,14,4,38.1,1367.15,"0"
21.8,32.2,23.7,14,4,38.1,1367.15,"0"
21.8,32.2,23.7,14,4,38.1,1367.15,"0"
21.8,32.2,23.7,14,4,38.1,1367.15,"0"
21.8,32.2,23.7,14,4,38.1,1367.15,"0"
21.8,32.2,23.7,9,14,38.1,1665.15,"1"
21.8,32.2,23.7,4,14,12.4,1371.95,"0"
21.8,32.2,23.7,14,14,12.4,1649.95,"1"
21.8,32.2,23.7,14,14,12.4,1649.95,"1"
21.8,32.2,23.7,14,14,12.4,1649.95,"1"
21.8,32.2,23.7,14,14,12.4,1649.95,"1"
21.8,32.2,23.7,14,14,12.4,1649.95,"1"
21.8,32.2,23.7,9,14,12.4,1510.95,"1"
21.8,32.2,23.7,9,14,12.4,1510.95,"1"
21.8,32.2,23.7,9,14,12.4,1510.95,"1"
21.8,32.2,23.7,4,14,12.4,1371.95,"0"
21.8,32.2,23.7,4,14,12.4,1371.95,"0"
21.8,32.2,23.7,4,14,12.4,1371.95,"0"
21.8,32.2,23.7,4,14,12.4,1371.95,"0"
21.8,32.2,23.7,4,14,12.4,1371.95,"0"
21.8,32.2,23.7,4,14,12.4,1371.95,"0"
21.8,32.2,23.7,4,14,12.4,1371.95,"0"
21.8,32.2,23.7,4,14,12.4,1371.95,"0"
21.8,32.2,23.7,4,14,12.4,1371.95,"0"
21.8,32.2,23.7,4,14,12.4,1371.95,"0"
21.8,32.2,23.7,4,14,12.4,1371.95,"0"
21.8,32.2,23.7,4,14,12.4,1371.95,"0"
21.8,32.2,23.7,4,14,12.4,1371.95,"0"
21.8,32.2,23.7,4,14,12.4,1371.95,"0"
21.8,32.2,23.7,4,14,12.4,1371.95,"0"
21.8,32.2,23.7,4,14,12.4,1371.95,"0"
21.8,32.2,23.7,4,14,12.4,1371.95,"0"
21.8,32.2,23.7,4,14,12.4,1371.95,"0"
21.8,32.2,23.7,4,14,12.4,1371.95,"0"
21.8,32.2,23.7,9,14,38.1,1665.15,"1"
21.8,32.2,23.7,4,14,12.4,1371.95,"0"
21.8,32.2,23.7,4,14,12.4,1371.95,"0"
21.8,32.2,23.7,4,14,12.4,1371.95,"0"
21.8,32.2,23.7,9,14,12.4,1510.95,"1"
21.8,32.2,23.7,9,14,12.4,1510.95,"1"
21.8,32.2,23.7,9,14,12.4,1510.95,"1"
21.8,32.2,23.7,4,14,38.1,1526.15,"1"
21.8,32.2,23.7,9,14,38.1,1665.15,"1"
21.8,32.2,23.7,9,14,38.1,1665.15,"1"
21.8,32.2,23.7,9,14,38.1,1665.15,"1"
21.8,32.2,23.7,4,14,38.1,1526.15,"1"
21.8,32.2,23.7,9,14,38.1,1665.15,"1"
21.8,32.2,23.7,4,14,38.1,1526.15,"1"
21.8,32.2,23.7,4,19,38.1,1744.65,"1"
21.8,32.2,23.7,4,19,38.1,1744.65,"1"
21.8,32.2,23.7,4,19,38.1,1744.65,"1"
21.8,32.2,23.7,4,19,38.1,1744.65,"1"
21.8,32.2,23.7,4,19,38.1,1744.65,"1"
21.8,32.2,23.7,4,19,38.1,1744.65,"1"
21.8,32.2,23.7,4,19,38.1,1744.65,"1"
21.8,32.2,23.7,4,19,38.1,1744.65,"1"
21.8,32.2,23.7,4,19,38.1,1744.65,"1"
21.8,32.2,23.7,4,19,38.1,1744.65,"1"
21.8,32.2,23.7,4,19,38.1,1744.65,"1"
21.8,32.2,23.7,4,19,38.1,1744.65,"1"
21.8,32.2,23.7,4,19,38.1,1744.65,"1"
21.8,32.2,23.7,4,19,38.1,1744.65,"1"
21.8,32.2,23.7,4,19,38.1,1744.65,"1"
21.8,32.2,23.7,4,19,38.1,1744.65,"1"
21.8,32.2,23.7,4,19,38.1,1744.65,"1"
21.8,32.2,23.7,4,19,38.1,1744.65,"1"
21.8,32.2,23.7,4,19,38.1,1744.65,"1"
21.8,32.2,23.7,4,19,38.1,1744.65,"1"
21.8,32.2,23.7,4,19,38.1,1744.65,"1"
21.8,32.2,23.7,4,4,38.1,1089.15,"0"
21.8,32.2,23.7,4,4,38.1,1089.15,"0"
21.8,32.2,23.7,9,4,38.1,1228.15,"0"
21.8,32.2,23.7,4,4,38.1,1089.15,"0"
21.8,32.2,23.7,4,4,38.1,1089.15,"0"
21.8,32.2,23.7,4,19,38.1,1744.65,"1"
21.8,32.2,23.7,14,19,38.1,2022.65,"1"
21.8,32.2,23.7,14,19,38.1,2022.65,"1"
21.8,32.2,23.7,9,19,38.1,1883.65,"1"
21.8,32.2,23.7,9,19,38.1,1883.65,"1"
21.8,32.2,23.7,9,14,38.1,1665.15,"1"
21.8,32.2,23.7,9,14,38.1,1665.15,"1"
21.8,32.2,23.7,9,14,38.1,1665.15,"1"
21.8,32.2,23.7,9,14,38.1,1665.15,"1"
21.8,32.2,23.7,4,14,38.1,1526.15,"1"
21.8,32.2,23.7,9,14,38.1,1665.15,"1"
21.8,32.2,23.7,9,14,38.1,1665.15,"1"
21.8,32.2,23.7,9,14,38.1,1665.15,"1"
21.8,32.2,23.7,9,14,38.1,1665.15,"1"
21.8,32.2,23.7,9,14,38.1,1665.15,"1"
21.8,32.2,23.7,4,14,38.1,1526.15,"1"
21.8,32.2,23.7,9,4,38.1,1228.15,"0"
21.8,32.2,23.7,4,4,38.1,1089.15,"0"
21.8,32.2,23.7,4,4,38.1,1096.91,"0"
21.8,32.2,23.7,4,4,38.1,1089.15,"0"
21.8,32.2,23.7,4,19,38.8,1744.65,"1"
21.8,32.2,23.7,9,14,38.1,1695.41,"1"
21.8,32.2,23.7,14,4,38.8,1297.91,"0"
21.8,32.2,23.7,9,4,38.8,1228.15,"0"
21.8,32.2,23.7,9,4,38.1,1228.15,"0"
21.8,32.2,23.7,9,4,38.1,1228.15,"0"
21.8,32.2,23.7,4,4,38.1,1089.15,"0"
21.8,32.2,23.7,4,4,38.1,1089.15,"0"
21.8,32.2,23.7,4,4,38.1,1089.15,"0"
21.8,32.2,23.7,4,4,38.1,1089.15,"0"
21.8,32.2,23.7,4,4,38.1,1089.15,"0"
21.8,32.2,23.7,4,4,38.1,1089.15,"0"
21.8,32.2,23.7,9,4,38.1,1228.15,"0"
21.8,32.2,23.7,4,4,38.1,1089.15,"0"
21.8,32.2,23.7,4,19,38.1,1744.65,"1"
21.8,32.2,23.7,9,19,38.1,1883.65,"1"
21.8,32.2,23.7,9,19,38.1,1883.65,"1"
21.8,32.2,23.7,9,19,38.1,1883.65,"1"
21.8,32.2,23.7,9,19,38.1,1883.65,"1"
21.8,32.2,23.7,9,19,38.1,1883.65,"1"
21.8,32.2,23.7,9,19,38.1,1883.65,"1"
21.8,32.2,23.7,9,19,38.1,1883.65,"1"
21.8,32.2,23.7,9,19,38.1,1883.65,"1"
21.8,32.2,23.7,4,19,38.1,1744.65,"1"
21.8,32.2,23.7,4,19,38.1,1744.65,"1"
21.8,32.2,23.7,9,19,38.1,1883.65,"1"
21.8,32.2,23.7,4,19,38.1,1744.65,"1"
21.8,32.2,23.7,4,19,38.1,1744.65,"1"
21.8,32.2,23.7,4,19,38.1,1744.65,"1"
21.8,32.2,23.7,4,19,38.1,1744.65,"1"
21.8,32.2,23.7,4,19,38.1,1744.65,"1"
21.8,32.2,23.7,4,19,38.1,1744.65,"1"
21.8,32.2,23.7,4,19,38.1,1744.65,"1"
21.8,32.2,23.7,4,19,38.1,1744.65,"1"
21.8,32.2,23.7,4,4,38.1,1089.15,"0"
21.8,32.2,23.7,4,4,38.1,1089.15,"0"
21.8,32.2,23.7,9,4,38.1,1228.15,"0"
21.8,32.2,23.7,4,4,38.1,1089.15,"0"
21.8,32.2,23.7,4,4,38.1,1089.15,"0"
21.8,32.2,23.7,4,4,38.1,1089.15,"0"
21.8,32.2,23.7,4,4,38.1,1089.15,"0"
21.8,32.2,23.7,4,4,38.1,1089.15,"0"
21.8,32.2,23.7,4,4,38.1,1089.15,"0"
21.8,32.2,23.7,4,4,38.1,1089.15,"0"
21.8,32.2,23.7,4,4,38.1,1089.15,"0"
21.8,32.2,23.7,4,4,38.1,1089.15,"0"
21.8,32.2,23.7,4,4,38.1,1089.15,"0"
21.8,32.2,23.7,4,4,38.1,1089.15,"0"
21.8,32.2,23.7,4,4,38.1,1089.15,"0"
21.8,32.2,23.7,4,4,38.1,1089.15,"0"
21.8,32.2,23.7,4,4,38.1,1089.15,"0"
21.8,32.2,23.7,4,4,38.1,1089.15,"0"
21.8,32.2,23.7,4,4,38.1,1089.15,"0"
21.8,32.2,23.7,4,4,38.1,1089.15,"0"
21.8,32.2,23.7,4,4,38.1,1089.15,"0"
21.8,32.2,23.7,4,4,38.1,1089.15,"0"
21.8,32.2,23.7,4,4,38.1,1089.15,"0"
21.8,32.2,23.7,4,4,38.1,1089.15,"0"
21.8,32.2,23.7,4,4,38.1,1089.15,"0"
21.8,32.2,23.7,4,4,38.1,1089.15,"0"
21.8,32.2,23.7,4,4,38.1,1089.15,"0"
21.8,32.2,23.7,4,4,38.1,1089.15,"0"
21.8,32.2,23.7,4,4,38.1,1089.15,"0"
21.8,32.2,23.7,4,4,38.1,1089.15,"0"
21.8,32.2,23.7,4,4,38.1,1089.15,"0"
21.8,32.2,23.7,4,4,38.1,1089.15,"0"
21.8,32.2,23.7,4,4,38.1,1089.15,"0"
21.8,32.2,23.7,4,4,38.1,1089.15,"0"
21.8,32.2,23.7,4,4,38.1,1089.15,"0"
21.8,32.2,23.7,4,4,38.1,1089.15,"0"
21.8,32.2,23.7,4,4,38.1,1089.15,"0"
21.8,32.2,23.7,4,4,38.1,1089.15,"0"
21.8,32.2,23.7,4,4,38.1,1089.15,"0"
21.8,32.2,23.7,4,4,38.1,1089.15,"0"
21.8,32.2,23.7,4,4,38.1,1089.15,"0"
21.8,32.2,23.7,4,4,38.1,1089.15,"0"
21.8,32.2,23.7,4,4,38.1,1089.15,"0"
21.8,32.2,23.7,4,4,38.1,1089.15,"0"
21.8,32.2,23.7,4,4,38.1,1089.15,"0"
21.8,32.2,23.7,4,4,38.1,1089.15,"0"
21.8,32.2,23.7,4,4,38.1,1089.15,"0"
21.8,32.2,23.7,4,4,38.1,1089.15,"0"
21.8,32.2,23.7,4,4,38.1,1089.15,"0"
21.8,32.2,23.7,4,4,38.1,1089.15,"0"
21.8,32.2,23.7,4,4,38.1,1089.15,"0"
21.8,32.2,23.7,4,4,38.1,1089.15,"0"
21.8,32.2,23.7,4,4,38.1,1089.15,"0"
21.8,32.2,23.7,4,4,38.1,1089.15,"0"
21.8,32.2,23.7,4,4,38.1,1089.15,"0"
21.8,32.2,23.7,4,4,38.1,1089.15,"0"
21.8,32.2,23.7,4,4,38.1,1089.15,"0"
21.8,32.2,23.7,14,4,38.1,1367.15,"0"
21.8,32.2,23.7,14,4,38.1,1367.15,"0"
21.8,32.2,23.7,14,4,38.1,1367.15,"0"
21.8,32.2,23.7,14,4,38.1,1367.15,"0"
21.8,32.2,23.7,9,9,12.2,1291.25,"0"
21.8,32.2,23.7,9,9,12.2,1291.25,"0"
21.8,32.2,23.7,14,9,12.2,1430.25,"0"
21.8,32.2,23.7,14,9,12.2,1430.25,"0"
21.8,32.2,23.7,14,9,12.2,1430.25,"0"
21.8,32.2,23.7,14,9,12.2,1430.25,"0"
21.8,32.2,23.7,14,9,12.2,1430.25,"0"
21.8,32.2,23.7,9,14,12.2,1509.75,"1"
21.8,32.2,23.7,4,19,12.2,1589.25,"1"
21.8,32.2,23.7,9,14,12.2,1509.75,"1"
5.8,7.5,68.4,29,4,40.5,2249.62,"1"
5.8,7.5,63.9,19,4,11.8,1519.48,"1"
32,16.5,67.5,14,4,4.6,1418.98,"0"
11.5,6.2,68.4,19,4,12.8,1736.32,"1"
5.8,7.5,24.6,29,19,39,1967.78,"1"
5.8,7.5,24.6,19,4,40.5,1398.41,"0"
9.2,17.6,63.9,19,19,16.1,2114.12,"1"
11.5,6.2,59.5,19,9,13.1,1423.92,"0"
9.2,17.6,68.4,29,4,8.5,2101.67,"1"
5.8,7.5,67.5,29,4,4,1791.62,"1"
9.2,17.6,67.5,14,4,8.5,1637.14,"1"
32,16.5,24.6,29,14,15,1997.22,"1"
11.5,6.2,59.5,29,14,13.1,1888.02,"1"
11.5,6.2,68.4,9,4,38.8,1603.62,"1"
5.8,7.5,24.6,9,24,39,1637.8,"1"
11.5,6.2,59.5,4,14,15.9,1382.84,"0"
11.5,6.2,67.5,14,4,38.8,1765.12,"1"
19.7,20,22.6,29,9,11.9,1807.67,"1"
9.2,17.6,67.5,29,9,40.5,2014.2,"1"
9.2,17.6,68.4,14,4,12.8,1622.12,"1"
32,16.5,67.5,19,4,4.6,1519.48,"1"
5.8,7.5,24.6,19,4,39,1398.41,"0"
5.8,7.5,68.4,29,4,13.1,2106.62,"1"
9.2,17.6,22.6,19,4,16.1,1182.95,"0"
9.2,17.6,24.6,19,9,39,1632.62,"1"
32,16.5,23.7,19,4,16.1,1331.9,"0"
32,16.5,67.5,14,4,4.6,1418.98,"0"
32,16.5,67.5,24,4,38.3,1764.89,"1"
9.2,17.6,22.6,9,4,38.8,1145.62,"0"
19.7,20,22.6,9,4,38.8,1197.41,"0"
5.8,7.5,68.4,19,4,38.8,1926.62,"1"
9.2,17.6,68.4,19,9,38.8,2090.62,"1"
11.5,6.2,59.5,19,9,15.9,1442.84,"0"
9.2,17.6,67.5,19,4,38.8,1631.13,"1"
32,16.5,67.5,14,4,4.6,1418.98,"0"
32,16.5,24.6,14,4,15,1164.12,"0"
11.5,6.2,59.5,14,4,40.5,1197.08,"0"
5.8,7.5,24.6,19,4,40.5,1398.41,"0"
32,16.5,68.4,14,4,38.3,1563.89,"1"
32,16.5,67.5,24,4,11.6,1664.7,"1"
5.8,7.5,24.6,14,4,39,1145.3,"0"
9.2,17.6,22.6,19,4,8.5,1298.22,"0"
11.5,6.2,63.9,19,4,15.9,1138.22,"0"
5.8,7.5,68.4,19,4,38.8,1926.62,"1"
11.5,6.2,24.6,19,4,14.5,992.22,"0"
11.5,6.2,28.2,29,4,40.5,1216.28,"0"
11.5,6.2,68.4,29,4,15.9,2059.32,"1"
11.5,6.2,59.5,29,4,2.8,1387.02,"0"
5.8,7.5,24.6,14,4,39,1145.3,"0"
5.8,7.5,68.4,19,4,4.2,1739.62,"1"
9.2,17.6,68.4,14,4,4.2,1617.17,"1"
5.8,7.5,24.6,9,4,40.5,905.78,"0"
32,16.5,67.5,14,4,38.3,1563.89,"1"
11.5,6.2,59.5,9,9,4.5,1216.92,"0"
5.8,7.5,24.6,14,9,39,1310.3,"0"
9.2,17.6,68.4,19,4,12.8,1783.62,"1"
